5 0.00295663

6 0.00386284

7 0.0910354

8 0.430082

9 0.492907

10 0.556686

11 0.622442

12 0.679264

13 0.820747

14 0.914007

15 1.09599

16 1.40304

17 1.69194

18 1.88271

19 2.1276

20 2.35737

21 2.48423

22 2.99698

23 3.14624

24 3.55565

25 3.89562

26 4.24644

27 4.68602

28 5.04461

29 5.94677

30 7.04274

31 7.33212

32 7.55707

33 7.89819

34 8.4436

35 8.74282

36 9.80305

37 10.2223

38 11.5507

39 12.8117

40 13.297

41 13.6351

42 14.0426

43 14.8378

44 15.5932

45 16.3402

46 16.944

47 17.2808

48 17.9072

49 19.5125

50 20.2392

51 21.1516

52 22.003

