5 0.138996

6 0.300485

7 0.335778

8 0.755571

9 1.08745

10 1.17043

11 1.37316

12 1.47272

13 1.53764

14 1.73916

15 1.952

16 2.26689

17 2.57324

18 2.82501

19 3.37398

20 3.77011

21 4.14105

22 4.94645

23 5.6805

24 6.2124

25 6.3161

26 6.80985

27 6.97062

28 7.58909

29 7.77451

30 8.64432

31 10.1959

32 10.923

33 11.1482

34 11.7436

35 11.9995

36 12.7925

37 13.127

38 14.1928

39 16.4023

40 16.4885

41 16.9

42 18.0285

43 18.2469

44 19.461

45 22.3001

46 22.7791

47 23.8389

48 24.0688

49 25.2454

50 27.0627

51 27.6815

52 28.5481

53 29.0271

54 29.4785

55 30.1862

