5 0.0148556

6 0.0161449

7 0.0219322

8 0.108533

9 0.382914

10 0.605084

11 0.750475

12 1.04198

13 1.16476

14 1.24564

15 1.33334

16 1.41699

17 1.66622

18 2.68136

19 2.74451

20 3.00713

21 3.20789

22 3.48667

23 3.74199

24 3.89184

25 3.98494

26 4.12901

27 4.29029

28 4.6354

29 5.02611

30 5.50175

31 5.8758

32 6.25668

33 6.5875

34 6.68101

35 6.92539

36 8.35441

37 8.61168

38 8.97623

39 9.29402

40 9.91371

41 10.2265

42 10.4042

43 10.5566

44 12.0905

45 13.1311

46 14.3141

47 14.692

48 15.6989

49 16.0724

50 16.3243

51 16.4988

