5 0.0195695

6 0.1374

7 0.320174

8 0.567212

9 0.602201

10 0.900481

11 0.985803

12 1.98949

13 2.0561

14 2.85531

15 3.93907

16 4.02342

17 5.75245

18 6.0298

19 6.36379

20 6.50435

21 7.56283

22 7.92974

23 9.58874

24 9.67373

25 9.83509

26 10.395

27 10.9611

28 11.8942

29 12.1278

30 13.3388

31 15.7136

32 16.0666

33 16.3814

34 16.5543

35 17.0466

36 19.2176

37 19.4918

38 20.297

39 20.8901

40 21.6043

41 23.2134

42 23.7339

43 24.1025

44 24.5172

45 24.9626

46 26.0369

47 26.3493

48 27.3849

49 27.7336

50 29.3891

51 30.7023

52 32.1522

53 34.3137

54 34.4267

55 35.122

56 35.2322

57 35.3012

58 35.615

59 36.8124

60 37.1287

61 37.9043

62 38.9933

63 39.6428

64 39.8365

65 40.5172

66 41.5603

67 41.7162

68 42.2547

69 45.6362

70 45.9284

71 46.4259

72 46.9565

73 47.6388

74 48.1241

75 49.8935

76 53.648

77 56.3685

78 56.9539

79 59.4328

80 61.3269

81 62.6705

82 63.0993

83 63.2221

84 64.5112

85 65.7921

86 66.4922

87 69.7289

88 70.647

89 70.9423

90 71.3676

91 72.1575

92 73.2946

93 73.7266

94 75.3038

95 80.1668

96 83.8032

97 84.3575

98 85.0733

99 85.8978

100 89.9267

101 90.546

102 97.658

103 98.8001

104 99.4144

