5 0.0394509

6 0.11824

7 0.245841

8 0.386182

9 1.00536

10 1.18764

11 1.41129

12 1.4685

13 1.65508

14 1.85851

15 2.03966

16 2.26296

17 2.55023

18 2.9098

19 3.84142

20 4.44923

21 4.89667

22 5.25672

23 5.53863

24 6.076

25 6.41018

26 6.79616

27 7.09171

28 7.35543

29 7.55262

30 7.77129

31 7.95368

32 8.86135

33 9.33108

34 9.79632

35 10.0672

36 10.6096

37 11.0465

38 11.6495

39 13.2606

40 13.9056

41 14.2294

42 14.9146

43 15.3093

44 15.9688

45 16.3447

46 16.8023

47 17.1257

48 17.6368

