5 0.0339493

6 0.0721459

7 0.114552

8 0.333603

9 0.874519

10 0.922365

11 1.49928

12 1.59632

13 1.68369

14 2.11092

15 2.29795

16 2.65952

17 2.808

18 3.00591

19 3.23014

20 4.0709

21 4.24548

22 4.55565

23 4.91694

24 5.25552

25 5.62411

26 7.40351

27 7.74265

28 8.36045

29 8.79086

30 9.75345

31 10.445

32 10.8121

33 11.5035

34 11.7385

35 12.3621

36 13.4691

37 13.8419

38 14.0154

39 14.5745

40 14.8888

41 16.3124

42 16.6611

43 17.137

44 19.6197

45 19.913

46 20.1244

47 20.5912

48 22.5329

49 22.9784

50 23.788

51 24.2346

52 25.3248

53 25.7192

54 26.9291

55 29.5783

56 30.1586

57 30.9508

58 31.9729

59 34.2237

60 36.4226

