5 0.164907

6 0.211209

7 0.458805

8 0.702482

9 1.21942

10 1.43391

11 1.69239

12 1.76645

13 1.92895

14 2.04992

15 2.39888

16 2.87278

17 3.39241

18 3.7577

19 4.28757

20 4.87541

21 5.09136

22 5.26256

23 5.34145

24 5.43706

25 5.58501

26 5.71215

27 5.93098

28 6.09518

29 6.17499

30 6.62648

31 7.0206

32 7.32544

33 8.41576

34 8.97901

35 9.66052

36 10.1453

37 10.7278

38 11.1812

39 12.4719

40 12.895

41 13.6225

42 14.1897

43 14.843

44 15.5834

45 16.6247

46 17.1023

47 17.6734

48 19.7862

49 20.4888

50 23.025

51 23.3752

52 24.4317

53 24.6444

54 24.9515

55 25.2982

56 25.9011

57 26.0723

58 26.7846

59 26.9792

60 27.2778

