5 0.00823905

6 0.0183807

7 0.0593203

8 0.104977

9 0.213996

10 0.280256

11 0.338032

12 0.412141

13 0.530914

14 0.692546

15 0.902413

16 1.0996

17 1.15977

18 1.23497

19 2.58737

20 2.75734

21 3.05031

22 3.22776

23 3.56041

24 3.84532

25 4.20875

26 4.73952

27 5.29215

28 5.65297

29 6.35804

30 7.13831

31 7.72101

32 8.35954

33 8.59928

34 9.02993

35 11.5759

36 12.1959

37 12.5442

38 12.7755

39 13.1028

40 14.0665

41 14.8667

42 15.8532

43 16.5374

44 17.1777

45 17.5562

46 17.9751

47 18.0411

48 18.1075

49 18.1863

50 18.2662

51 18.3035

52 18.3892

53 18.5503

54 18.5991

55 18.9677

56 19.0656

57 19.2352

58 19.3238

59 19.643

60 19.9181

61 20.2217

62 20.4936

63 20.5987

64 20.9424

65 21.4502

66 21.7775

67 22.3363

68 22.8777

69 23.3568

70 24.6704

71 25.172

72 25.8521

73 26.5994

74 27.1676

75 27.8743

76 28.0986

77 28.4897

78 31.1628

79 31.7034

80 32.5187

81 33.5687

82 34.2483

83 34.7983

84 35.0944

