5 0.0612533

6 0.0702624

7 0.0837073

8 0.101425

9 0.112722

10 0.1561

11 0.301566

12 0.401261

13 0.613898

14 0.697882

15 1.00881

16 1.4215

17 1.8997

18 2.01512

19 2.49307

20 3.09123

21 3.95108

22 4.15506

23 4.42627

24 4.62405

25 5.06597

26 5.6186

27 6.35941

28 7.68066

29 9.3673

30 9.60146

31 10.3157

32 10.7783

33 11.6827

34 12.4974

35 13.0181

36 13.3507

37 13.6209

38 13.7983

39 14.0141

40 14.2782

41 14.4506

42 14.8038

43 16.1118

44 16.4901

45 17.6816

46 19.0742

47 19.583

48 19.8683

49 20.071

50 21.3116

51 22.4668

52 24.7552

53 25.5327

54 27.039

55 27.364

56 28.828

57 31.4157

58 31.8333

59 32.3747

60 33.2346

61 35.192

