5 0.0690157

6 0.122482

7 0.155437

8 0.638497

9 0.821654

10 1.25489

11 1.74585

12 1.81075

13 2.433

14 2.78844

15 3.72381

16 4.3677

17 6.11349

18 6.36981

19 7.74587

20 9.90152

21 10.1479

22 10.4949

23 14.0577

24 14.3206

25 14.8218

26 15.0722

27 15.2092

28 15.2916

29 15.7156

30 15.8381

31 17.0339

32 17.8391

33 18.8398

34 19.0196

35 19.4097

36 20.2005

37 20.9793

38 21.526

39 23.3489

40 23.7444

41 25.6252

42 27.7738

43 28.2017

44 28.7539

45 29.2569

46 30.2966

47 31.5783

