5 0.00785045

6 0.0849974

7 0.140752

8 0.22676

9 0.276558

10 0.388803

11 0.483248

12 0.713523

13 0.840937

14 0.925196

15 1.07562

16 1.16365

17 1.21047

18 1.23216

19 1.243

20 1.26017

21 1.28524

22 1.31484

23 1.40903

24 1.52366

25 1.70149

26 1.82573

27 1.89001

28 2.30026

29 2.58598

30 3.06517

31 3.58062

32 3.8887

33 4.07189

34 4.25199

35 4.85158

36 5.14108

37 5.51969

38 5.86655

39 6.1577

40 6.42894

41 6.69351

42 6.93501

43 7.24913

44 8.21953

45 8.75708

46 9.18924

47 9.60136

48 9.85328

49 10.2439

50 10.4722

51 10.8456

52 12.0047

53 12.5029

54 13.6803

55 14.4727

56 15.0718

57 15.4576

58 16.4964

59 18.4974

60 19.5222

61 19.7296

62 19.9458

63 20.1205

64 20.2935

65 20.4337

