5 0.0127594

6 0.0295552

7 0.0372998

8 0.22404

9 0.295398

10 0.499472

11 0.860549

12 1.10827

13 1.30356

14 1.38863

15 1.69813

16 1.89973

17 2.25198

18 2.42091

19 2.65556

20 2.90019

21 2.99628

22 3.11395

23 3.60998

24 4.23122

25 4.476

26 4.67802

27 5.05634

28 5.25059

29 6.20438

30 6.84911

31 7.20556

32 7.37163

33 8.66874

34 9.93829

35 10.3518

36 10.7483

37 11.9087

38 13.7762

39 14.6909

40 14.9235

41 15.9787

42 17.3752

43 18.4935

44 19.2683

45 19.5703

46 20.0159

47 20.6009

48 21.0249

49 21.7132

50 22.2423

51 23.1188

52 23.3467

53 23.6025

54 24.0468

55 24.622

56 25.0085

57 26.0501

58 29.8923

