5 0.111114

6 0.119639

7 0.216972

8 0.251365

9 0.383274

10 0.47247

11 0.579323

12 0.736221

13 0.784707

14 1.10575

15 1.15931

16 1.74832

17 1.9187

18 2.11014

19 2.27728

20 2.7864

21 3.04716

22 4.12281

23 4.7134

24 4.86243

25 5.94861

26 6.02746

27 6.19611

28 6.44099

29 6.76004

30 7.50393

31 8.39197

32 9.51445

33 12.2643

34 12.5243

35 13.1633

36 16.5401

37 16.9599

38 18.1991

39 18.5304

40 18.8309

41 19.7696

42 20.0502

43 20.5931

44 21.2138

45 22.2886

46 23.1558

47 23.5107

48 24.3712

49 24.5754

50 24.9476

51 25.2033

52 25.4912

53 26.3132

54 27.2452

55 27.8439

