5 0.296084

6 0.369663

7 0.398495

8 0.626558

9 0.902977

10 1.12405

11 1.19026

12 1.47965

13 1.58022

14 1.70633

15 1.90591

16 2.03626

17 2.21297

18 2.31629

19 2.70589

20 2.96491

21 3.61444

22 4.13431

23 4.30268

24 4.77606

25 4.87648

26 5.19532

27 5.883

28 6.25557

29 6.57857

30 7.2265

31 8.76777

32 9.46909

33 9.78486

34 12.926

35 13.2706

36 13.4649

37 14.2831

38 14.7409

39 15.3223

40 16.0161

41 16.488

42 17.0494

43 17.3016

44 19.1347

45 20.4705

46 21.6042

47 22.5503

48 23.0209

49 23.4826

50 24.0403

51 24.3654

52 24.7539

53 26.2593

54 27.4052

55 29.3552

56 29.984

57 30.5866

58 31.1547

59 31.573

