5 0.173203

6 0.357904

7 0.975232

8 1.14574

9 1.24505

10 1.51144

11 1.64471

12 1.78774

13 2.0409

14 2.2085

15 2.37307

16 2.59184

17 2.7593

18 2.90234

19 3.74188

20 4.23223

21 4.54619

22 4.96427

23 5.18892

24 5.50054

25 5.6965

26 5.93939

27 6.0374

28 6.40284

29 6.66861

30 6.82904

31 7.03427

32 7.37956

33 7.69356

34 9.24551

35 9.64009

36 9.98546

37 11.0891

38 13.0432

39 14.1058

40 14.4496

41 15.8711

42 18.8338

43 19.1949

44 19.8392

45 20.2766

46 20.9967

47 21.595

48 22.4534

49 23.3461

50 23.6151

51 25.4817

52 27.0296

53 27.8975

54 28.7701

55 29.7115

56 30.1503

