5 0.0523317

6 0.0974103

7 0.615494

8 0.688496

9 1.47952

10 1.65597

11 1.91925

12 2.50705

13 2.94202

14 3.60516

15 3.97677

16 4.24321

17 4.57679

18 5.34775

19 5.96291

20 6.35424

21 6.92666

22 7.49373

23 9.05618

24 9.12734

25 10.9777

26 11.1776

27 11.4327

28 12.3824

29 12.6603

30 13.6023

31 13.7858

32 15.4551

33 16.3278

34 16.5289

35 17.7173

36 17.9287

37 19.5761

38 21.1879

39 21.5386

40 22.3512

41 22.5268

42 22.9721

43 23.8715

44 24.5377

45 25.2485

46 26.4903

47 27.773

48 30.1751

