5 0.02622

6 0.0440748

7 1.16543

8 1.51914

9 1.95372

10 2.06913

11 3.0298

12 3.8473

13 4.80423

14 4.833

15 4.86964

16 4.99379

17 5.17216

18 6.00757

19 7.33495

20 7.83138

21 8.04541

22 8.1826

23 8.2809

24 8.39424

25 8.53746

26 8.56983

27 8.68425

28 8.80404

29 8.85857

30 9.19888

31 9.47875

32 11.4086

33 11.501

34 13.2874

35 14.8574

36 15.5058

37 16.076

38 16.1647

39 16.5163

40 17.8804

41 18.267

42 18.9136

43 19.5263

44 19.8889

45 20.6091

46 20.7194

47 20.9757

48 21.2126

49 22.0169

50 24.607

51 25.6438

52 26.4064

53 27.2683

54 28.0483

55 28.6255

56 29.424

57 29.9107

58 30.6906

59 31.1156

60 31.5517

61 31.7982

62 32.0941

63 32.5187

64 33.0307

65 33.5148

66 34.0086

67 36.4768

68 37.8313

69 40.7956

70 41.0831

71 41.8402

72 42.1363

73 42.4256

74 42.6235

75 43.0047

76 43.3768

77 44.4845

78 45.6243

79 46.823

80 47.1627

81 47.3974

82 48.1095

83 48.536

84 49.2917

85 49.8061

86 50.5859

87 52.2805

