5 0.0374129

6 0.104925

7 0.202687

8 0.292167

9 0.415385

10 0.52706

11 0.546606

12 0.628625

13 1.01788

14 1.07767

15 1.17321

16 1.28262

17 1.38427

18 1.54119

19 2.33634

20 2.3958

21 3.18821

22 3.89759

23 4.04957

24 4.41667

25 4.73435

26 4.90994

27 5.74783

28 6.08308

29 6.46944

30 6.82712

31 6.96622

32 7.15866

33 7.53261

34 7.81593

35 8.24906

36 8.56224

37 9.00563

38 9.28119

39 10.2688

40 11.9669

41 12.6651

42 14.5402

43 15.1212

44 15.4444

45 15.6741

46 15.994

47 16.3745

48 16.553

49 18.3752

50 19.0258

51 19.2252

52 20.4953

53 20.8651

54 21.5676

55 22.2555

56 22.927

57 23.6431

58 24.2987

59 24.9908

60 25.5999

61 26.1964

62 26.5363

63 28.6159

64 29.4561

65 30.2779

66 30.6956

67 31.1338

68 32.2461

