5 0.0417612

6 0.11133

7 0.209146

8 0.234411

9 0.467808

10 0.801146

11 1.01899

12 1.07666

13 1.13195

14 1.18774

15 1.2482

16 1.39935

17 1.78609

18 2.1071

19 2.46577

20 2.83227

21 3.18421

22 3.36493

23 3.72857

24 4.6461

25 5.22856

26 5.31129

27 5.43544

28 5.86087

29 6.21751

30 6.80196

31 7.14696

32 7.38067

33 8.66175

34 10.124

35 10.3498

36 10.7876

37 11.0446

38 11.3564

39 11.9171

40 12.0897

41 12.6587

42 12.9987

43 13.3724

44 13.6617

45 13.8727

46 14.157

47 15.415

48 15.7742

