5 0.0356784

6 0.0490426

7 0.060569

8 0.106249

9 0.24684

10 0.37446

11 0.838187

12 0.860164

13 1.35285

14 2.05154

15 2.6403

16 2.94438

17 3.15114

18 3.60719

19 4.26643

20 4.90681

21 5.5222

22 5.93468

23 6.13015

24 6.48509

25 6.63209

26 7.79223

27 9.05678

28 9.28346

29 10.7373

30 10.9821

31 11.8192

32 13.4326

33 13.7343

34 14.3593

35 14.8367

36 15.2421

37 16.5711

38 16.904

39 17.7225

40 19.0985

41 19.583

42 20.362

43 20.572

44 20.9214

45 21.2727

46 21.4736

47 22.2592

48 22.5643

49 22.7918

50 23.2143

51 23.2882

