5 0.237665

6 0.317253

7 0.373646

8 0.454989

9 0.626346

10 0.725278

11 0.831124

12 0.896478

13 1.30021

14 1.59603

15 1.80175

16 2.00609

17 2.12462

18 2.32008

19 2.74596

20 3.01131

21 3.41052

22 3.6603

23 3.92624

24 4.16406

25 4.98262

26 5.29396

27 5.58633

28 5.83961

29 6.14741

30 6.42841

31 6.68328

32 7.26578

33 7.6306

34 8.00235

35 8.3705

36 8.66504

37 8.97328

38 9.57975

39 10.3669

40 10.7126

41 11.0686

42 11.5016

43 11.7303

44 12.0251

45 12.5983

46 12.9819

47 13.4106

48 13.8139

49 14.1943

50 14.5408

51 14.9347

52 16.0666

53 17.292

54 17.6503

55 17.9731

56 18.4253

57 18.7596

58 19.0852

59 19.5199

60 20.8051

61 21.1588

62 21.5269

63 21.998

64 22.4347

65 22.5826

66 22.8788

67 23.4124

68 24.4344

69 24.9986

70 25.3894

71 25.8045

72 26.2775

73 26.6535

