5 0.0323325

6 0.0603322

7 0.0722284

8 0.0811427

9 0.0871566

10 0.10178

11 0.10697

12 0.148838

13 0.321394

14 0.582582

15 0.701902

16 0.872391

17 1.2357

18 1.35712

19 1.40158

20 1.48615

21 2.0488

22 2.12695

23 2.33524

24 2.59234

25 2.77905

26 2.97156

27 3.09819

28 3.14947

29 3.27499

30 3.44796

31 3.63736

32 3.83386

33 4.03889

34 4.40488

35 4.79648

36 5.30274

37 5.84099

38 6.07601

39 6.29046

40 6.56953

41 6.82299

42 7.22279

43 7.59926

44 8.0025

45 8.401

46 8.59681

47 9.31719

48 10.3982

49 12.0596

50 14.115

51 14.4348

52 14.9667

53 15.3795

54 15.9621

55 16.21

56 17.759

57 20.0093

58 20.7319

59 21.4145

60 21.946

61 23.2647

62 23.7041

63 24.3663

64 25.3672

65 26.3934

66 27.2763

67 28.038

68 29.535

69 31.0377

70 32.3676

71 33.4528

72 34.535

73 35.253

