5 0.00992269

6 0.0263233

7 0.158533

8 0.256497

9 0.426499

10 0.683674

11 0.809892

12 0.845432

13 0.938985

14 1.42662

15 1.77304

16 2.33027

17 2.50414

18 2.97646

19 3.16573

20 3.33543

21 3.55366

22 3.81447

23 4.06313

24 4.22561

25 4.4413

26 4.91931

27 5.36324

28 5.8907

29 6.31735

30 6.69937

31 6.95875

32 7.06181

33 7.18307

34 10.6719

35 12.0568

36 12.2522

37 16.457

38 16.641

39 16.7104

40 16.985

41 17.386

42 17.7935

43 18.1944

44 18.4282

45 19.996

46 20.7409

47 21.2508

48 22.0775

