5 0.00275222

6 0.00639987

7 0.0193412

8 0.0445286

9 0.0804536

10 0.137683

11 0.176096

12 0.20119

13 0.230663

14 0.262767

15 0.310225

16 0.441064

17 0.560692

18 0.748615

19 0.874681

20 1.02517

21 1.32768

22 1.60189

23 2.27914

24 2.44613

25 2.55343

26 2.72801

27 3.27206

28 3.6012

29 3.75155

30 4.17443

31 4.70279

32 5.30029

33 5.83316

34 5.98225

35 6.19089

36 6.63835

37 6.98978

38 7.31273

39 7.44036

40 7.68633

41 8.28134

42 9.05564

43 9.95549

44 10.2592

45 10.8176

46 11.4652

47 12.2654

48 13.2326

49 13.8457

50 14.6801

51 15.3328

52 15.7736

53 16.3878

54 16.9973

55 17.6669

56 18.5104

57 19.4073

