5 0.0144653

6 0.0415696

7 0.372708

8 0.498383

9 0.791464

10 1.03737

11 1.23413

12 1.42102

13 1.68337

14 2.06644

15 2.36182

16 2.84873

17 3.76918

18 4.05636

19 4.2987

20 4.61012

21 5.25378

22 5.6384

23 6.70911

24 7.37195

25 8.03352

26 8.46087

27 9.66834

28 10.3474

29 10.5176

30 10.8401

31 10.9861

32 11.2277

33 11.7742

34 12.0921

35 12.5222

36 12.9341

37 13.6274

38 14.4333

39 15.1557

40 16.1396

41 16.4402

42 16.9049

43 17.443

44 18.0003

45 18.6549

46 19.2932

47 19.9417

48 20.4292

49 21.1044

50 22.5239

51 24.0069

52 24.5257

53 25.0333

54 26.8924

55 27.2342

