5 0.130961

6 0.17793

7 0.26094

8 0.307111

9 0.318693

10 0.323558

11 0.331875

12 0.348777

13 0.364682

14 0.536999

15 0.649605

16 0.739826

17 0.771783

18 0.994404

19 1.16475

20 1.86317

21 2.13392

22 2.3181

23 2.46681

24 3.11856

25 3.39855

26 3.50122

27 3.73847

28 3.94638

29 4.27779

30 4.90946

31 5.29657

32 5.61783

33 5.90619

34 6.10368

35 6.4697

36 6.6664

37 6.96457

38 8.37713

39 8.84501

40 10.2202

41 10.9071

42 11.3413

43 11.7063

44 12.6096

45 13.1441

46 13.7837

47 14.4318

48 15.2915

49 15.4759

50 15.6467

51 15.7798

