5 0.000440485

6 0.000915353

7 0.00294348

8 0.0269068

9 0.0970152

10 0.246239

11 0.328035

12 0.424266

13 0.470163

14 0.616646

15 0.816062

16 1.06638

17 1.34596

18 1.65495

19 1.7689

20 1.85779

21 2.12471

22 2.3551

23 2.95685

24 4.04116

25 4.37165

26 5.34357

27 6.00398

28 6.41715

29 6.93205

30 7.70947

31 8.4075

32 8.70041

33 9.27385

34 10.9319

35 11.5447

36 11.9559

37 12.3764

38 14.5194

39 14.6546

40 14.9367

41 15.5049

42 16.2659

43 16.8672

44 17.7978

45 18.3644

