5 0.0352887

6 0.0475587

7 0.134674

8 0.195632

9 0.442208

10 0.895579

11 1.26077

12 1.7401

13 1.90016

14 2.16618

15 3.55696

16 3.72425

17 4.16206

18 6.3552

19 6.55373

20 7.35885

21 9.7087

22 10.8179

23 11.4595

24 11.5705

25 11.7404

26 11.9749

27 13.441

28 13.6381

29 14.2291

30 16.0927

31 16.2559

32 16.5024

33 17.6886

34 17.9197

35 18.2135

36 18.6106

37 19.1133

38 21.3493

39 21.7585

40 22.3652

41 22.9145

42 23.3845

43 23.7865

44 24.1246

45 25.655

46 26.7667

47 26.9255

48 28.4317

49 31.8566

50 32.3759

51 36.2251

52 37.6993

53 39.1705

54 39.5115

55 40.15

56 40.9604

57 43.1438

