5 0.00320078

6 0.00400216

7 0.00803003

8 0.0689016

9 0.27919

10 0.440295

11 0.476266

12 0.545098

13 0.816018

14 1.03671

15 1.27808

16 1.46697

17 1.97683

18 2.20338

19 2.69842

20 2.77973

21 3.25318

22 4.78788

23 5.03894

24 5.18435

25 5.39397

26 5.53707

27 6.17648

28 6.5096

29 6.73487

30 7.1406

31 7.47193

32 7.78436

33 8.41199

34 9.35342

35 9.51112

36 9.98812

37 11.2357

38 12.5992

39 12.9891

40 15.4498

41 16.355

42 16.8785

43 17.3827

44 18.1016

45 18.5822

46 19.2823

47 19.6001

48 20.1437

49 20.5209

50 20.9735

51 21.4224

52 21.9024

53 22.5844

54 23.2362

55 23.9416

56 24.3286

57 24.5757

58 24.9743

59 25.7753

60 26.4282

