5 0.170131

6 0.267117

7 0.320278

8 0.46156

9 0.621308

10 0.86482

11 1.06123

12 1.17686

13 1.53653

14 1.74782

15 1.98077

16 2.13304

17 2.82084

18 3.49935

19 3.89345

20 4.08453

21 4.63777

22 5.63293

23 6.00199

24 6.63293

25 7.0403

26 7.972

27 8.32236

28 8.61973

29 9.1703

30 9.69517

31 10.2043

32 11.1185

33 12.0029

34 12.9184

35 13.657

36 13.948

37 14.58

38 15.4989

39 16.0727

40 17.0132

41 17.1659

42 18.5128

43 19.9707

44 20.5259

45 22.4272

46 22.8346

47 23.7481

48 24.2305

49 25.3799

50 26.602

51 27.7322

52 28.2057

