5 0.139706

6 0.353505

7 0.366558

8 0.455475

9 0.539181

10 1.08825

11 1.57045

12 1.71564

13 1.80149

14 1.9674

15 1.99179

16 2.21442

17 2.32755

18 2.35935

19 2.43248

20 2.4998

21 2.5416

22 2.95741

23 3.0866

24 3.44152

25 3.84149

26 4.26339

27 5.05557

28 5.21917

29 5.92743

30 7.03297

31 7.20294

32 7.47863

33 8.36089

34 8.54209

35 10.5762

36 10.8006

37 11.1452

38 12.033

39 12.806

40 13.3267

41 14.7192

42 14.8546

43 15.3296

44 16.1685

45 16.4015

46 17.4295

47 17.6523

48 18.1563

49 18.6787

50 21.8468

51 22.1893

52 22.6725

53 26.131

54 26.4436

55 27.1958

56 31.1013

57 31.5298

58 32.0028

59 32.2957

60 34.3357

61 37.2546

62 37.609

