5 0.00344044

6 0.00854436

7 0.0534501

8 0.172487

9 0.242169

10 0.411761

11 0.46496

12 0.813775

13 2.00621

14 2.223

15 2.42941

16 2.66389

17 3.02411

18 3.23691

19 3.62539

20 3.83519

21 4.11329

22 4.48777

23 4.93052

24 5.60612

25 6.11225

26 6.54373

27 6.81327

28 7.17741

29 8.21584

30 8.49926

31 9.63642

32 10.2791

33 10.7343

34 10.8076

35 11.03

36 11.2873

37 11.5928

38 12.9966

39 13.1076

40 13.3605

41 13.6661

42 14.0311

43 14.3947

44 14.693

45 14.984

46 15.4741

47 16.0834

48 16.5178

49 16.8137

50 17.5393

51 18.1097

52 18.502

53 18.9996

54 19.2899

55 19.5186

56 20.0464

57 20.5314

58 20.5907

59 20.7848

60 22.2562

61 23.1043

62 23.2729

63 24.338

64 25.9849

65 26.9033

66 28.0688

67 29.546

68 30.3286

69 31.4671

70 33.9968

