5 0.103149

6 0.38336

7 0.453915

8 0.48608

9 0.768658

10 1.00832

11 1.33893

12 1.4864

13 1.69615

14 1.97738

15 2.249

16 2.4588

17 3.05859

18 3.36968

19 4.69522

20 4.82149

21 4.99536

22 5.18004

23 5.47656

24 5.90891

25 6.2162

26 6.59449

27 8.55752

28 8.95415

29 9.86701

30 10.2465

31 10.7139

32 11.1374

33 11.4879

34 12.1588

35 15.0779

36 15.4151

37 19.6569

38 19.9471

39 20.5397

40 20.7551

41 21.2013

42 21.5783

43 22.518

44 23.0096

45 24.2094

46 24.6792

47 25.752

48 26.6814

49 27.987

50 34.7283

