5 0.01752

6 0.317827

7 0.424669

8 0.554925

9 1.44538

10 1.50257

11 1.75729

12 1.78564

13 1.86302

14 2.15209

15 2.31526

16 2.65942

17 2.92296

18 3.47552

19 3.9587

20 4.23765

21 5.24237

22 5.99629

23 6.47319

24 6.83031

25 7.28844

26 7.48578

27 8.53733

28 9.44238

29 10.3897

30 10.869

31 11.213

32 11.6424

33 12.5255

34 13.294

35 13.5854

36 13.8389

37 14.7482

38 15.0796

39 15.307

40 15.4609

41 16.6002

42 16.7996

43 17.4519

44 17.8207

45 18.1498

46 18.3496

47 18.7441

48 19.2993

49 19.8949

50 20.2272

51 20.8017

52 21.3053

53 21.9341

54 23.0047

55 23.6915

