5 0.00152506

6 0.0120053

7 0.014808

8 0.0725808

9 0.22778

10 0.585549

11 1.18389

12 1.40961

13 1.62526

14 1.76522

15 1.97012

16 2.17904

17 2.38432

18 3.1407

19 4.68363

20 4.75748

21 4.83786

22 4.90387

23 4.97502

24 5.25279

25 5.44416

26 5.82367

27 6.3926

28 7.38636

29 7.91609

30 9.3967

31 10.7743

32 11.2045

33 11.7978

34 12.2868

35 12.7539

36 14.0087

37 14.3265

38 15.1662

39 15.6352

40 16.1634

41 16.7043

42 16.9755

43 17.2154

44 17.6336

45 18.0339

46 18.5688

47 18.8833

48 20.4726

49 21.6059

50 22.4556

51 22.7327

52 23.048

53 24.4082

54 25.3551

55 28.808

56 29.9934

57 30.2782

58 30.5358

59 31.2459

60 32.5367

61 34.1415

62 34.5915

63 35.556

64 36.506

65 37.9422

66 38.5418

67 39.282

