5 0.062418

6 0.0903297

7 0.171554

8 0.231201

9 0.399549

10 0.557425

11 0.666809

12 0.928002

13 1.21074

14 1.39545

15 1.63881

16 2.22619

17 2.30076

18 2.67134

19 3.11245

20 4.24377

21 4.58849

22 4.72519

23 4.81703

24 4.94153

25 5.24653

26 5.43708

27 5.68615

28 5.95726

29 6.17862

30 6.34345

31 6.72558

32 7.07069

33 7.74398

34 8.35434

35 9.12384

36 9.35065

37 9.95892

38 10.1349

39 10.5998

40 11.3795

41 11.5873

42 12.3086

43 15.8174

44 16.3802

45 17.3618

46 18.3863

47 18.9069

48 19.9369

49 23.0477

50 23.4465

51 23.987

52 24.9473

53 26.902

54 27.4167

55 28.3391

56 28.7568

57 30.0451

58 31.0263

59 31.4817

60 32.0439

61 32.665

62 33.3081

63 33.9375

64 34.4952

65 35.1588

66 36.0791

67 36.8148

68 38.1187

69 39.1006

70 39.6343

71 40.2934

72 40.9894

73 41.4306

74 41.9856

75 42.8011

76 43.657

