5 0.00162516

6 0.01771

7 0.0442457

8 0.161069

9 0.375613

10 0.405898

11 0.722065

12 1.08684

13 1.68487

14 2.5349

15 3.28948

16 4.07455

17 4.49939

18 4.595

19 5.3047

20 6.16131

21 6.3507

22 6.57879

23 6.90694

24 7.26166

25 7.74474

26 8.10776

27 8.45464

28 9.08095

29 9.67173

30 10.2044

31 10.4914

32 11.2256

33 12.2981

34 13.2753

35 14.566

36 15.0991

37 15.4542

38 15.836

39 16.2304

40 16.5517

41 16.9082

42 17.6258

43 19.3318

44 19.9936

45 21.4676

46 21.7033

