5 0.147954

6 0.171275

7 0.430812

8 0.535114

9 0.600599

10 0.737619

11 0.990746

12 1.5129

13 2.02258

14 2.14297

15 2.3864

16 2.46932

17 2.6526

18 2.74692

19 3.45943

20 3.80488

21 4.45673

22 5.58784

23 5.78381

24 6.21492

25 6.47382

26 6.9429

27 8.02417

28 8.98228

29 9.37478

30 9.59758

31 10.1101

32 10.9258

33 11.4957

34 13.2437

35 13.7684

36 14.0549

37 14.2074

38 14.4545

39 14.8371

40 15.1163

41 16.3771

42 16.9117

43 19.2179

44 20.2384

45 21.3242

46 22.1921

47 22.501

48 22.9621

49 23.9413

50 25.4606

51 26.8529

52 27.9975

53 28.4504

54 29.1969

55 30.819

56 32.1604

