5 0.00257683

6 0.0989653

7 0.200967

8 0.344582

9 0.502623

10 0.636522

11 0.727246

12 1.55149

13 2.0077

14 2.40666

15 2.55114

16 2.78587

17 3.11421

18 3.7211

19 4.79161

20 5.02609

21 5.50621

22 5.89084

23 6.18303

24 6.4643

25 6.75054

26 7.02965

27 7.19531

28 8.56965

29 9.72795

30 9.94551

31 10.8564

32 10.9828

33 11.1189

34 11.7392

35 12.7125

36 13.2534

37 13.8478

38 14.114

39 14.4041

40 14.8959

41 15.7073

42 17.1416

43 18.23

44 18.6861

45 20.0729

46 20.4686

47 21.6639

48 22.4782

49 23.3554

50 23.6689

51 24.1818

52 26.1433

53 27.5993

54 28.2571

55 28.862

56 29.3882

57 30.0185

58 31.9662

59 32.4056

