5 0.0815826

6 0.150495

7 0.187103

8 0.210888

9 0.237405

10 0.271574

11 0.316969

12 0.417213

13 0.599289

14 0.688712

15 1.27968

16 1.41811

17 1.46912

18 1.54053

19 1.68025

20 1.91955

21 2.15338

22 2.31138

23 2.48834

24 2.73394

25 3.04952

26 3.41604

27 4.25676

28 4.88153

29 5.57543

30 6.15673

31 6.40965

32 6.63452

33 6.84885

34 7.34364

35 8.056

36 8.85169

37 9.98719

38 10.7886

39 11.7087

40 12.4452

41 13.6659

42 17.3789

43 17.9903

44 18.2622

45 19.1498

46 19.517

47 20.0249

48 20.3755

49 20.9604

