5 0.0655035

6 0.1792

7 0.209065

8 0.328399

9 0.546647

10 0.807549

11 0.918505

12 1.30816

13 1.68856

14 1.95932

15 2.25122

16 3.28652

17 3.63948

18 3.8686

19 4.12813

20 4.31447

21 5.29606

22 5.52005

23 6.21918

24 6.93532

25 7.61561

26 7.753

27 8.6637

28 10.4402

29 11.3191

30 11.9263

31 12.987

32 13.1624

33 13.9295

34 15.6562

35 16.1459

36 16.5608

37 18.1195

38 18.2555

39 18.6875

40 19.526

41 20.1922

42 21.0072

43 21.168

44 21.8511

45 22.0308

46 23.5952

47 23.7542

48 24.3525

49 24.9292

50 26.6351

51 27.6893

52 30.5634

53 31.117

