5 0.0865531

6 0.430911

7 0.474645

8 0.898754

9 1.64778

10 1.72669

11 1.92827

12 3.09219

13 3.30436

14 4.00414

15 5.21467

16 5.57934

17 5.89288

18 6.79027

19 7.04559

20 8.58663

21 9.69084

22 10.1451

23 10.2041

24 10.4028

25 10.8578

26 11.1214

27 11.449

28 12.29

29 12.5829

30 12.929

31 13.5249

32 13.8869

33 15.5522

34 15.7241

35 16.1022

36 16.2631

37 16.6108

38 19.0185

39 19.4285

40 19.8658

41 22.6901

42 22.8905

43 23.4767

44 23.7882

45 24.3919

46 24.8002

47 25.0397

48 25.6314

49 25.7748

50 26.4909

51 26.9176

52 27.3697

53 29.708

54 30.0709

55 30.4779

56 31.0977

57 32.3799

58 32.7594

59 34.5581

