5 0.00287867

6 0.0254569

7 0.079516

8 0.253239

9 0.288919

10 0.508543

11 0.651251

12 0.804795

13 0.989346

14 1.20477

15 1.29342

16 1.76394

17 2.17441

18 2.43196

19 2.69282

20 2.93209

21 3.07712

22 4.004

23 4.17314

24 4.34364

25 4.59235

26 4.67673

27 5.00043

28 5.47185

29 6.13022

30 7.02209

31 8.22024

32 8.51759

33 8.75806

34 9.35185

35 10.011

36 10.6376

37 11.2036

38 11.5837

39 12.073

40 12.3145

41 12.9829

42 13.661

43 14.4894

44 15.2926

45 15.9908

46 16.2456

47 16.4085

48 16.4707

49 16.5549

50 16.8933

51 17.2394

52 17.5028

53 17.7819

54 17.959

55 18.1422

56 18.6772

57 19.1029

58 19.6795

59 19.9327

60 20.1462

61 20.4867

62 23.4946

63 23.907

64 24.4293

65 25.1338

66 26.0246

67 26.9768

68 27.4246

69 27.5999

70 27.9699

71 28.2247

72 28.683

73 29.4753

74 30.2843

75 30.7923

76 31.1988

77 31.5403

78 31.9466

79 32.2874

80 33.1818

81 34.0267

82 34.6915

83 35.4278

84 36.0928

