5 0.0156832

6 0.0361209

7 0.0967265

8 0.15749

9 0.281312

10 0.412834

11 0.580374

12 0.765475

13 0.897834

14 1.10407

15 1.82314

16 1.90883

17 1.99814

18 2.40041

19 2.46487

20 2.5825

21 2.75656

22 2.96308

23 3.58612

24 3.68454

25 4.16933

26 5.03182

27 5.06715

28 5.255

29 5.33284

30 5.43287

31 5.53901

32 5.57819

33 5.92652

34 6.10186

35 6.40498

36 7.39284

37 7.546

38 8.29404

39 8.57065

40 9.11038

41 10.7807

42 11.3709

43 12.4023

44 12.5448

45 13.4303

46 16.8543

