5 0.00272379

6 0.124913

7 0.364034

8 0.531235

9 0.84438

10 1.1206

11 1.18298

12 1.39866

13 1.66982

14 2.23424

15 2.63567

16 2.85398

17 3.0137

18 3.30487

19 3.41399

20 3.49269

21 3.54249

22 3.58467

23 3.66783

24 3.7685

25 4.06196

26 4.22249

27 4.40354

28 4.7276

29 4.95285

30 5.32146

31 5.85407

32 6.13787

33 6.47819

34 6.76698

35 7.25066

36 7.60451

37 8.01693

38 8.47992

39 9.12933

40 9.51293

41 10.3227

42 11.0117

43 11.7483

44 12.2846

45 13.0531

46 13.7422

47 14.2522

48 15.1344

49 15.9705

50 16.9172

51 17.5933

52 17.9536

53 18.1543

54 18.2481

55 18.415

