5 0.00209034

6 0.00434526

7 0.00611225

8 0.0261832

9 0.0381574

10 0.0721191

11 0.164566

12 0.487761

13 0.936965

14 1.21735

15 1.28295

16 1.45947

17 1.51932

18 1.67732

19 2.00464

20 2.38074

21 2.67303

22 2.94627

23 3.58348

24 3.8253

25 4.17628

26 4.60262

27 5.29033

28 6.38866

29 6.56739

30 7.05472

31 7.40719

32 7.55483

33 7.95029

34 8.43103

35 8.53541

36 8.73016

37 8.88869

38 9.07597

39 9.39804

40 9.6436

41 10.0348

42 10.9825

43 11.4221

44 11.6772

45 11.8984

46 12.3405

47 12.7731

48 14.635

49 15.1164

50 16.3912

51 16.584

52 17.0134

53 17.6279

54 18.3212

55 18.8585

56 19.527

57 20.087

58 20.9608

59 21.8088

60 22.653

61 23.246

62 27.1605

63 28.4009

64 29.0307

