5 0.00166638

6 0.00385948

7 0.00693783

8 0.135487

9 0.205594

10 0.368802

11 0.511103

12 0.634187

13 0.779061

14 0.89965

15 1.01461

16 1.18359

17 1.33377

18 1.47387

19 1.73315

20 2.0161

21 2.31213

22 2.58576

23 3.64268

24 4.38322

25 5.6859

26 5.94454

27 6.02806

28 6.21448

29 6.36522

30 6.4463

31 7.47702

32 8.12475

33 9.37263

34 10.7829

35 11.1479

36 11.5628

37 12.2274

38 13.417

39 13.6791

40 14.6283

41 15.7053

42 16.4307

43 16.9714

44 17.3611

45 17.5424

46 17.7576

47 18.8041

48 19.2601

49 19.6598

50 20.2934

51 21.1945

52 22.0503

53 22.6205

54 23.1667

55 23.5308

56 23.73

57 24.1093

58 24.5451

59 24.8784

60 26.4724

61 27.1979

62 27.6782

63 28.5841

64 29.1195

65 31.3422

66 32.7186

67 33.4954

68 34.6913

69 37.1706

70 37.6771

71 38.5209

72 39.0838

73 40.5726

