5 0.0231475

6 0.241965

7 0.305146

8 0.975099

9 1.25662

10 1.70024

11 1.76303

12 2.03654

13 2.14553

14 2.20898

15 2.56019

16 3.06353

17 3.26633

18 3.82781

19 4.35694

20 4.73402

21 5.51584

22 5.6894

23 7.54082

24 7.75901

25 8.07685

26 9.98127

27 10.358

28 10.9922

29 11.2982

30 11.3688

31 12.1573

32 12.6237

33 14.8803

34 15.0327

35 15.5386

36 15.9502

37 17.0329

38 17.7725

39 18.8319

40 18.9708

41 19.6564

42 19.8965

43 20.5592

44 23.2708

45 24.1764

46 24.4308

47 26.2867

48 26.6139

49 27.3944

50 29.3607

51 29.8828

52 31.1691

53 32.2579

54 32.8399

55 34.298

56 35.5459

57 38.4922

58 38.957

59 39.8409

60 40.0363

61 40.4847

62 40.8044

63 41.3737

64 41.4785

65 42.8668

