5 0.943127

6 1.06834

7 1.1682

8 1.50181

9 1.7117

10 2.08886

11 2.23379

12 2.47108

13 3.22026

14 3.46405

15 3.77064

16 3.97139

17 4.11728

18 5.10836

19 5.69027

20 5.90678

21 6.16182

22 6.53526

23 7.10815

24 7.55672

25 7.82665

26 8.13556

27 8.39539

28 8.87814

29 9.09821

30 10.6143

31 11.8304

32 12.4655

33 12.9

34 14.2618

35 16.1182

36 17.0868

37 17.3656

38 18.4345

39 19.84

40 20.9993

41 21.6472

42 21.9538

43 22.3921

44 22.9045

45 23.3955

46 24.0341

47 24.4983

48 25.2631

49 26.1226

50 26.5266

51 27.5684

52 28.1048

53 28.8876

54 33.0946

