5 0.0743676

6 0.207232

7 0.471597

8 0.734736

9 1.55064

10 1.68991

11 2.01935

12 2.14711

13 2.59773

14 2.71471

15 4.53317

16 4.61409

17 4.85151

18 6.49846

19 6.5909

20 6.87177

21 8.45402

22 9.05721

23 9.45551

24 10.9095

25 11.1419

26 11.9782

27 12.3823

28 13.4021

29 13.607

30 13.8686

31 14.5803

32 14.8965

33 15.2129

34 16.7011

35 17.0214

36 17.2571

37 17.6268

38 18.1743

39 18.3161

40 18.4277

41 18.7731

42 18.8157

43 19.0145

44 20.2962

45 20.5788

46 21.4634

47 21.9793

48 22.2626

49 22.6045

50 23.5232

51 23.9206

52 24.6428

53 25.5228

54 26.1248

55 29.2014

56 29.5334

57 30.033

58 30.6508

59 30.9624

60 32.0209

61 32.2479

62 33.1961

63 34.1441

64 35.3773

