5 0.168988

6 0.221888

7 0.344814

8 0.527832

9 0.659812

10 0.881635

11 1.51453

12 2.20714

13 2.4141

14 2.7554

15 2.80103

16 3.61016

17 3.76843

18 4.32372

19 5.95084

20 6.08603

21 6.28024

22 7.5681

23 7.74227

24 8.78764

25 9.22345

26 10.3523

27 10.5636

28 11.3316

29 11.4286

30 12.2211

31 12.2774

32 12.3866

33 12.8912

34 13.0018

35 13.3492

36 13.675

37 13.8095

38 14.1201

39 14.8357

40 15.0891

41 15.7141

42 16.7717

43 17.1317

44 19.074

45 19.7279

46 20.8034

47 22.5915

48 22.8037

49 23.267

50 25.0758

51 25.3492

52 26.1593

53 28.3165

54 29.3453

55 29.8983

56 30.2819

57 32.7983

58 33.1126

