5 0.108

6 0.180694

7 0.25624

8 0.372958

9 0.549108

10 0.725394

11 1.11934

12 1.5129

13 1.8523

14 2.29674

15 3.36823

16 3.68226

17 3.90803

18 4.39686

19 4.68245

20 5.18695

21 5.58417

22 5.8892

23 6.16403

24 6.23114

25 6.32258

26 10.7277

27 10.9068

28 11.629

29 12.3324

30 12.9288

31 13.3535

32 13.6417

33 13.8073

34 14.0662

35 18.3733

36 18.551

37 18.6329

38 18.7402

39 18.8786

40 19.0845

41 19.3628

42 19.5306

43 19.7344

44 19.9881

45 20.3005

46 20.6709

47 21.0368

48 21.2777

49 21.8055

50 22.3105

51 22.7428

52 23.155

53 23.4376

54 23.9869

55 24.4948

56 24.9972

57 25.5748

58 25.8957

59 26.3697

60 26.7084

61 27.2371

62 29.7186

63 30.0649

64 34.2564

65 34.6582

66 35.3032

67 35.9922

68 37.0935

69 38.5232

70 39.7959

71 40.466

72 41.1861

73 42.7525

74 44.2496

75 45.4269

76 46.1397

77 46.83

78 47.9393

79 49.3509

80 51.0473

81 52.4268

