5 0.115492

6 0.121658

7 0.292088

8 0.317091

9 0.343724

10 0.513661

11 1.94934

12 2.00187

13 2.10573

14 2.22882

15 2.83139

16 3.79972

17 4.04875

18 4.92275

19 5.2343

20 5.56352

21 5.89091

22 6.11326

23 6.98011

24 7.42494

25 7.77587

26 9.55448

27 9.88697

28 10.336

29 12.1153

30 12.4455

31 12.8829

32 14.4479

33 15.879

34 16.3218

35 17.0865

36 17.2499

37 20.3745

38 20.8783

39 21.9732

40 23.8371

41 24.3639

42 24.6272

43 25.1091

44 25.3958

45 26.5378

46 26.8765

47 30.5143

48 31.1403

49 31.3765

50 31.6541

51 37.73

