5 0.0226209

6 0.169806

7 0.266607

8 0.443316

9 0.516329

10 0.529003

11 0.643215

12 1.49021

13 1.52279

14 1.6612

15 2.61848

16 2.73618

17 3.2609

18 3.33603

19 3.97734

20 4.09132

21 4.81914

22 5.02633

23 5.21492

24 5.38549

25 5.47639

26 5.95433

27 6.81653

28 7.05491

29 8.31378

30 8.8478

31 9.29903

32 9.62479

33 10.1818

34 11.1685

35 11.3293

36 12.1359

37 13.2088

38 13.3417

39 14.305

40 14.7222

41 16.32

42 16.6602

43 17.22

44 18.0151

45 18.2906

46 19.0679

47 20.7349

48 21.0572

49 21.4314

50 21.6949

51 22.2866

52 22.6896

53 24.2531

54 24.7602

55 25.8509

56 26.8715

57 28.1283

58 28.4103

