5 0.10405

6 0.20912

7 0.278208

8 0.616846

9 0.675123

10 1.19167

11 1.22859

12 2.14525

13 2.22115

14 2.60323

15 2.66239

16 3.66795

17 4.31673

18 4.40132

19 4.64417

20 4.79804

21 5.01022

22 5.47058

23 5.63651

24 5.80045

25 6.18195

26 6.28059

27 6.89563

28 7.04444

29 7.75838

30 7.97191

31 9.86059

32 10.0417

33 10.3344

34 10.4423

35 10.682

36 10.9275

37 11.3534

38 11.8562

39 12.4767

40 12.5602

41 12.9222

42 13.5328

43 13.83

44 14.6287

45 14.8368

46 15.592

47 17.7233

48 17.9419

49 21.9829

50 22.529

