5 0.0914512

6 0.207914

7 0.220607

8 0.248036

9 0.411274

10 0.504794

11 0.757887

12 1.44284

13 1.65502

14 1.86825

15 2.13317

16 2.61738

17 2.68473

18 2.75052

19 3.00332

20 3.03972

21 3.42337

22 3.92283

23 4.05439

24 4.6064

25 5.08793

26 5.31421

27 5.63386

28 7.20646

29 7.28472

30 7.4498

31 7.73889

32 7.8758

33 8.16975

34 8.60624

35 8.80134

36 9.94958

37 11.1508

38 11.4752

39 12.4885

40 13.4439

41 13.6967

42 14.272

43 15.3127

44 15.636

45 17.6771

46 19.935

47 20.3303

48 20.9594

49 23.9456

50 24.3885

