5 0.00432431

6 0.00681395

7 0.0275715

8 0.0841159

9 0.138286

10 0.162966

11 0.406204

12 0.453595

13 0.822108

14 1.01238

15 1.23012

16 1.37878

17 1.79429

18 1.94389

19 2.24242

20 2.61091

21 2.86553

22 3.74936

23 3.89598

24 5.01527

25 5.2581

26 5.68826

27 6.25094

28 6.58922

29 6.93801

30 7.61336

31 7.85378

32 8.29304

33 8.73169

34 9.36783

35 9.92835

36 10.4122

37 10.6845

38 11.0774

39 11.6766

40 12.2457

41 12.9323

42 13.5345

43 14.3191

44 14.8458

45 15.4784

46 15.8501

47 17.7959

48 20.9349

49 22.3756

50 23.4155

51 24.3485

52 25.2931

53 26.0093

