5 0.0554243

6 0.117029

7 0.140169

8 0.790459

9 1.16049

10 1.23198

11 1.26743

12 1.35217

13 1.50826

14 1.66346

15 2.30026

16 2.98055

17 3.58661

18 3.66729

19 3.92886

20 4.26917

21 4.75434

22 5.0089

23 5.19137

24 6.00486

25 6.50352

26 7.35246

27 7.52688

28 8.00033

29 8.4669

30 9.50609

31 9.85256

32 10.073

33 10.6694

34 12.6127

35 12.7821

36 13.5774

37 14.2403

38 14.6592

39 15.8325

40 16.7177

41 17.5262

42 17.9424

43 18.1942

44 18.335

45 18.9221

46 19.7725

47 20.1377

48 21.3864

49 22.5578

50 24.1231

51 25.097

52 25.9512

53 26.2262

54 26.615

