5 0.018657

6 0.031191

7 0.429302

8 0.487997

9 0.723111

10 1.85319

11 2.18781

12 2.35633

13 2.57946

14 2.80849

15 3.10438

16 3.30714

17 3.58425

18 3.71874

19 3.95917

20 4.22877

21 4.43412

22 4.54715

23 5.16044

24 6.06425

25 6.22542

26 6.69372

27 7.01457

28 7.25117

29 7.4838

30 7.7821

31 7.96178

32 8.51844

33 8.61293

34 9.41637

35 10.0057

36 10.2517

37 10.5085

38 12.4788

39 13.0717

40 13.856

41 14.6818

42 15.0253

43 16.4155

44 17.3889

45 17.9428

46 18.439

47 19.3194

48 19.8706

49 20.5046

50 21.0705

51 21.4521

52 21.8669

53 22.4395

54 22.9909

55 23.6971

56 24.6908

57 25.7687

58 26.0926

