5 0.00418426

6 0.0178334

7 0.0337546

8 0.0567494

9 0.204011

10 0.316817

11 0.47708

12 0.574791

13 0.779431

14 0.961749

15 1.06307

16 1.79977

17 1.93154

18 2.44353

19 2.99329

20 3.33208

21 3.65198

22 3.94038

23 4.58248

24 4.79104

25 5.08287

26 5.44611

27 5.68478

28 7.03416

29 7.29718

30 7.52083

31 8.17092

32 8.8204

33 9.23253

34 10.2151

35 10.5353

36 10.8435

37 14.0448

38 14.5781

39 14.984

40 15.5384

41 16.1213

42 16.9534

43 17.6444

44 18.3757

45 19.091

46 19.4844

