5 0.0905714

6 0.150993

7 0.293636

8 0.319032

9 0.888213

10 0.930527

11 1.09066

12 1.24747

13 1.3172

14 2.00352

15 2.12836

16 3.11458

17 3.26821

18 3.45741

19 3.60039

20 3.67961

21 4.29518

22 4.80092

23 4.91202

24 5.29277

25 5.47248

26 5.77622

27 6.00479

28 6.30654

29 7.26941

30 7.91509

31 8.32272

32 9.01329

33 9.40208

34 9.77595

35 10.4604

36 11.4646

37 12.001

38 12.7764

39 13.237

40 13.7054

41 14.4586

42 15.486

43 16.1197

44 16.9058

45 17.4302

46 18.39

47 18.9267

48 19.5718

49 20.0192

50 20.7397

51 21.6188

52 22.22

53 23.0634

54 23.7463

55 24.8474

56 25.475

57 26.3484

58 26.9858

59 27.9846

60 28.6786

61 29.556

62 29.98

63 30.4573

64 30.8991

65 31.6147

66 32.3033

67 33.0552

68 35.6423

69 35.999

70 36.1862

71 36.5872

72 40.8045

73 41.2205

74 41.7785

75 42.1944

76 43.0333

77 43.9761

