5 0.0161349

6 0.0460649

7 0.259639

8 0.304765

9 0.779061

10 1.20062

11 1.39131

12 1.5032

13 1.85497

14 2.18533

15 2.39711

16 3.43531

17 3.94432

18 4.22665

19 4.28282

20 4.45397

21 4.53825

22 4.76063

23 4.97497

24 5.1854

25 6.10248

26 7.07135

27 7.80425

28 8.39424

29 8.92563

30 9.12084

31 9.23943

32 9.34173

33 9.45408

34 9.99457

35 10.7532

36 10.8951

37 11.307

38 11.8584

39 12.4343

40 12.9991

41 13.5217

42 13.9204

43 14.2785

44 14.4943

45 15.0217

46 16.1398

47 16.327

48 17.4937

49 18.8604

