5 0.185118

6 0.208605

7 0.242828

8 0.422835

9 0.444766

10 0.659467

11 1.95436

12 2.03967

13 2.23823

14 2.43267

15 3.71016

16 3.80267

17 4.1973

18 4.90796

19 5.10129

20 5.43566

21 7.41431

22 7.84833

23 8.00851

24 8.31845

25 8.77941

26 9.34964

27 13.1014

28 13.3015

29 13.5849

30 14.9258

31 15.1902

32 15.3833

33 16.0496

34 16.581

35 22.6859

36 23.2419

37 23.6194

38 26.3186

39 26.9609

40 27.5395

41 27.6736

42 28.7601

43 28.8215

44 29.2244

45 29.6794

46 29.7811

47 30.7646

48 32.5983

49 32.9722

50 35.2213

51 35.7043

52 36.3804

53 38.6737

54 39.1462

55 40.6531

56 42.1288

57 42.4732

