5 0.0825929

6 0.278004

7 0.369606

8 0.597104

9 0.672726

10 0.802953

11 0.887946

12 1.27791

13 1.41346

14 1.80507

15 1.98609

16 2.40373

17 2.60758

18 3.0299

19 3.24231

20 3.75189

21 3.97017

22 4.46726

23 4.70972

24 5.23395

25 5.48629

26 6.04361

27 6.31393

28 6.90019

29 7.16065

30 7.75342

31 8.03061

32 8.61767

33 8.90394

34 9.5603

35 9.86865

36 10.5022

37 10.8233

38 11.5099

39 11.8079

40 12.4338

41 12.7431

42 13.4344

43 13.7485

44 14.4202

45 14.746

46 15.4969

47 15.802

48 16.4879

49 16.8223

50 17.3679

51 17.8214

52 18.1785

53 18.7941

54 19.2149

55 19.5695

56 20.3155

57 20.6655

58 21.4102

59 21.7241

60 22.4377

61 22.8733

62 23.8755

63 24.2115

64 24.9422

65 25.3077

66 26.1146

67 26.4498

68 27.2028

69 27.6186

70 28.5056

71 28.657

72 29.1842

73 29.5493

74 30.3064

75 30.676

76 31.4601

77 31.844

78 32.6699

79 33.0201

80 33.8272

81 34.3572

82 35.5218

83 35.8657

84 36.6719

85 37.0649

86 37.9458

87 38.3174

88 39.1022

89 39.578

90 40.7216

91 41.0888

92 41.9213

93 42.3478

94 43.0778

95 43.4871

