5 0.0189117

6 0.0497627

7 0.198665

8 0.513863

9 0.59034

10 0.641292

11 0.949199

12 1.07077

13 1.36238

14 2.41572

15 2.68231

16 3.10421

17 3.71548

18 4.82657

19 5.16968

20 5.4548

21 6.22407

22 7.27916

23 7.96792

24 9.06824

25 9.46403

26 10.0121

27 10.5422

28 10.7363

29 10.9843

30 11.4673

31 12.2527

32 12.385

33 12.7717

34 13.861

35 14.062

36 14.996

37 17.2693

38 17.6697

39 17.9391

40 18.4875

41 19.5435

42 19.8954

43 21.5248

44 21.8426

45 23.0837

46 24.3941

47 25.6276

48 25.8096

49 27.5228

