5 0.0368391

6 0.0735142

7 0.680461

8 0.689692

9 0.879799

10 2.50807

11 2.55602

12 4.56686

13 6.19

14 6.26929

15 6.47879

16 9.45058

17 10.5078

18 10.7366

19 11.2035

20 13.9811

21 14.2098

22 17.9522

23 18.2814

24 18.7492

25 19.2194

26 22.5335

27 22.8041

28 24.8062

29 25.8943

30 28.5215

31 29.7296

32 30.4947

33 30.9374

34 31.6488

35 33.0465

36 33.7352

37 34.2046

38 35.0828

39 36.5642

40 40.8153

41 41.2212

42 42.4496

43 48.1852

44 48.5055

45 55.1373

46 57.1174

47 57.647

48 58.3939

