5 0.00996521

6 0.0512858

7 0.0538339

8 0.168578

9 0.193852

10 0.441007

11 0.719995

12 1.14786

13 1.84712

14 2.11728

15 2.27956

16 2.5356

17 2.68595

18 2.87762

19 2.99875

20 3.64154

21 4.58293

22 5.48852

23 6.00014

24 6.77791

25 7.23175

26 7.3688

27 7.95219

28 8.59964

29 9.19472

30 10.0042

31 10.3225

32 11.0726

33 12.0872

34 13.404

35 14.1667

36 14.9239

37 15.675

38 17.0509

39 17.9445

40 20.0503

41 21.263

42 22.2419

43 23.3371

44 24.2666

45 24.8435

46 25.0842

