5 0.0762229

6 0.141623

7 0.245686

8 0.299855

9 0.390041

10 0.530698

11 0.629039

12 0.925098

13 0.978301

14 1.08044

15 1.74758

16 2.00581

17 2.32658

18 2.90225

19 3.67097

20 3.99526

21 5.32986

22 5.60785

23 5.80751

24 6.01182

25 6.17125

26 6.3397

27 6.64313

28 7.3829

29 8.04445

30 8.74959

31 9.1788

32 9.81504

33 10.0813

34 10.4262

35 14.7107

36 15.0905

37 15.6559

38 16.0389

39 16.2868

40 16.5106

41 16.8378

42 19.7

43 20.0829

44 26.1021

45 26.4813

46 26.9109

47 27.9575

