5 0.141953

6 0.318222

7 0.575422

8 0.700392

9 1.17652

10 1.25529

11 1.86015

12 2.4425

13 2.58386

14 2.92793

15 3.01732

16 3.64968

17 4.17497

18 4.80718

19 5.2495

20 5.56815

21 5.95144

22 6.31963

23 6.67638

24 7.1559

25 7.7196

26 8.39762

27 9.53114

28 10.3522

29 10.4648

30 10.7352

31 11.099

32 11.2946

33 11.8395

34 12.2882

35 12.9237

36 13.542

37 14.055

38 14.6283

39 14.9366

40 15.3794

41 16.0991

42 18.4654

43 18.8453

44 19.9687

45 20.1464

46 21.9757

47 23.6043

48 23.9075

49 25.2089

