5 0.0478884

6 0.182188

7 0.3846

8 0.464961

9 0.707104

10 0.73192

11 0.800214

12 0.870986

13 1.05088

14 1.42173

15 1.74497

16 1.936

17 2.16379

18 2.54359

19 2.61575

20 2.96325

21 3.55067

22 3.69253

23 3.7795

24 4.26875

25 4.62675

26 5.94512

27 6.25567

28 6.86001

29 7.29334

30 7.89068

31 8.62523

32 9.57036

33 9.88823

34 10.8037

35 11.1819

36 11.8467

37 12.2203

38 12.5179

39 12.9672

40 13.7358

41 14.5124

42 15.1642

43 15.4808

44 16.0701

45 19.646

46 20.246

47 20.7427

48 21.0231

49 21.2062

50 21.3721

51 21.4874

52 21.5511

53 21.9927

54 22.1432

55 22.3132

56 22.4411

57 22.7334

58 23.0121

59 23.1094

60 23.6122

61 24.2503

62 24.804

63 25.881

64 25.9755

65 29.5035

66 30.3593

67 31.1371

68 32.0054

69 33.0279

70 33.8431

71 34.347

72 35.4186

73 36.4793

74 37.4974

75 38.0727

76 41.3147

77 41.8692

