5 0.049854

6 0.215698

7 0.380587

8 0.436148

9 0.556737

10 0.605596

11 0.688326

12 0.699075

13 0.734012

14 0.906444

15 1.09718

16 1.46696

17 1.61888

18 1.7707

19 2.37579

20 2.6683

21 3.46992

22 4.05985

23 4.37377

24 4.48635

25 4.77247

26 5.14495

27 5.51886

28 5.8978

29 6.40972

30 6.6444

31 6.97334

32 7.30037

33 7.53702

34 11.1152

35 11.5137

36 11.9222

37 12.0421

38 12.2274

39 12.4454

40 12.9565

41 13.3641

42 13.7867

43 14.486

44 17.9762

45 21.9293

46 23.925

47 28.8793

