5 0.00369302

6 0.0060138

7 0.0511721

8 0.131673

9 0.158578

10 0.204243

11 0.267937

12 0.630126

13 0.727198

14 0.861919

15 0.97703

16 1.24644

17 1.56232

18 1.83853

19 2.14304

20 2.40819

21 2.53683

22 2.60143

23 2.9037

24 3.06648

25 3.38157

26 3.50875

27 3.79891

28 3.94626

29 4.22428

30 4.51175

31 5.40458

32 5.97664

33 6.44262

34 6.77622

35 7.25772

36 7.67854

37 7.96804

38 8.63298

39 9.15347

40 9.93238

41 10.5403

42 11.1292

43 11.3733

44 11.9974

45 12.7049

46 13.1306

47 13.7522

48 14.8913

49 16.19

50 16.3799

51 16.6234

52 16.9182

53 17.4104

54 18.0296

55 19.7105

56 20.6686

