5 0.267574

6 0.521439

7 0.56884

8 0.769243

9 0.796246

10 1.00444

11 1.07887

12 1.15671

13 1.72542

14 1.86939

15 2.17527

16 2.38957

17 2.60143

18 2.86521

19 2.97702

20 3.43103

21 3.56848

22 3.89599

23 4.36103

24 4.89325

25 5.51927

26 5.78386

27 6.23374

28 7.09497

29 7.35108

30 7.80618

31 8.32252

32 10.3523

33 10.8255

34 11.7523

35 12.3311

36 12.9099

37 13.2217

38 13.6005

39 14.1022

40 15.0589

41 15.6943

42 16.4431

43 18.0656

44 18.3413

45 20.565

46 20.9669

47 21.5013

48 22.998

49 24.0498

