5 0.247458

6 0.312257

7 0.386166

8 0.50441

9 0.563528

10 0.582616

11 0.679494

12 0.72572

13 0.846141

14 1.0375

15 1.24905

16 1.4769

17 1.70549

18 1.916

19 2.27857

20 2.58581

21 2.99107

22 3.31139

23 3.55429

24 3.70231

25 4.24735

26 4.36628

27 4.46255

28 5.67899

29 5.86099

30 6.04951

31 6.2619

32 6.46722

33 6.69469

34 7.55364

35 7.80747

36 8.14411

37 8.36434

38 8.88874

39 9.18011

40 9.43122

41 9.72726

42 11.4411

43 11.8439

44 12.9612

45 15.245

46 16.2943

47 17.7801

48 18.7202

49 20.3385

50 21.1668

