5 0.058632

6 0.123311

7 0.131934

8 0.41681

9 0.765739

10 0.923742

11 2.67393

12 2.8127

13 3.19972

14 4.88732

15 5.15222

16 5.55907

17 5.75886

18 5.93446

19 7.12598

20 7.29512

21 7.99127

22 9.74712

23 9.82063

24 11.6639

25 11.8723

26 12.6564

27 15.1004

28 15.3166

29 15.6301

30 15.8451

31 16.2515

32 16.4265

33 17.3202

34 17.6392

35 18.8364

36 20.3052

37 20.8141

38 22.2695

39 22.5777

40 25.4144

41 25.5075

42 26.2931

43 26.3875

44 26.9562

45 28.3384

46 28.5712

47 29.0085

48 29.6476

49 29.9156

50 31.9249

51 32.0711

52 32.3139

53 34.9684

54 35.3338

55 36.4247

