5 0.0127036

6 0.111796

7 0.151538

8 0.249979

9 0.354192

10 0.457056

11 0.684436

12 1.36639

13 1.51408

14 1.82712

15 2.65077

16 2.71639

17 3.08811

18 3.67246

19 3.83058

20 4.36857

21 6.26343

22 6.84038

23 7.53165

24 7.7218

25 8.0348

26 8.31097

27 8.62976

28 8.73082

29 8.86483

30 9.17486

31 9.44731

32 9.54836

33 9.74742

34 9.7885

35 10.0458

36 10.3726

37 10.684

38 11.2558

39 11.3987

40 12.8175

41 13.2913

42 13.7136

43 14.336

44 14.6629

45 15.1309

46 15.867

47 16.225

48 17.8926

49 19.1263

50 19.8874

51 21.9621

52 22.191

53 22.5254

54 23.171

55 23.5567

56 24.5929

57 25.6781

