5 0.0195331

6 0.043346

7 0.0611094

8 0.784049

9 1.56142

10 1.88207

11 2.38271

12 2.69547

13 2.76598

14 3.26801

15 3.49992

16 4.04305

17 4.84489

18 5.16828

19 5.64072

20 5.78826

21 7.1362

22 7.43704

23 7.77192

24 8.05767

25 8.38601

26 8.58978

27 9.41262

28 9.57784

29 10.0751

30 10.1728

31 10.4354

32 10.512

33 10.692

34 11.3637

35 11.8101

36 12.6029

37 13.4104

38 13.5906

39 13.883

40 14.2885

41 14.4705

42 14.8107

43 15.8199

44 16.0125

45 16.1679

46 16.6525

47 16.8118

48 17.1845

49 17.5377

50 17.9431

51 19.8611

52 21.0357

53 21.4447

54 23.1506

55 23.6531

56 24.0097

57 24.3234

58 24.9292

