5 0.00124887

6 0.0105006

7 0.106986

8 0.154315

9 0.95051

10 1.14871

11 1.61385

12 1.95082

13 4.11504

14 4.32666

15 4.44017

16 4.49538

17 4.82852

18 5.28453

19 5.69565

20 6.11617

21 6.80332

22 7.07692

23 7.32849

24 7.89733

25 8.17686

26 8.85632

27 9.71993

28 10.3373

29 11.325

30 12.2767

31 12.5622

32 13.0043

33 13.4482

34 14.1209

35 14.845

36 15.939

37 16.9848

38 17.4058

39 19.2977

40 19.9552

41 20.9364

42 21.0686

43 21.2353

44 22.1219

45 22.5673

46 23.1281

47 23.6653

48 24.2135

49 24.6754

50 24.9175

51 25.2999

