5 0.0243762

6 0.0504675

7 0.194502

8 0.359864

9 0.575791

10 0.718748

11 1.08132

12 1.6898

13 1.7756

14 2.2901

15 2.42725

16 3.80582

17 4.1045

18 4.46489

19 4.56498

20 4.80593

21 4.83835

22 4.89226

23 4.96852

24 5.04419

25 5.14589

26 5.25335

27 5.3131

28 5.39388

29 5.73192

30 6.10905

31 6.2923

32 6.61021

33 7.1048

34 7.48547

35 7.80445

36 8.30035

37 9.35147

38 9.76079

39 10.2503

40 10.4696

41 10.8218

42 10.9714

43 11.1397

44 11.3701

45 11.5134

46 11.7935

47 12.0537

48 12.4071

49 12.6339

50 14.0399

51 14.3192

52 14.8735

53 16.1242

54 16.3823

55 16.9415

56 17.7771

57 18.6966

58 19.2521

59 19.5388

60 20.0664

61 24.3004

62 24.5511

63 25.0403

64 25.3099

65 25.6096

66 27.6825

67 28.8532

