5 0.172933

6 0.288088

7 0.327576

8 0.338872

9 0.344879

10 0.375245

11 0.393471

12 0.42236

13 0.447623

14 0.633159

15 1.17268

16 1.33659

17 1.35237

18 1.43105

19 1.51895

20 1.62298

21 1.77769

22 2.20661

23 2.33537

24 2.42239

25 2.50682

26 2.59313

27 2.77594

28 3.11954

29 3.27403

30 4.22014

31 4.39696

32 4.7661

33 4.94864

34 5.45311

35 5.74572

36 6.16866

37 6.43606

38 6.97073

39 7.66476

40 8.0781

41 8.38412

42 9.26059

43 11.4932

44 11.8319

45 12.3892

46 12.9913

47 13.6709

48 14.2117

49 14.9378

50 17.6517

51 18.0952

52 18.5312

53 19.2018

54 19.8034

55 20.5399

56 20.7942

57 21.5212

58 22.7455

59 23.123

60 23.6368

61 24.8226

62 25.733

63 26.5302

64 26.991

65 27.194

66 27.5943

67 29.1408

68 30.0358

69 30.6643

70 31.2973

71 33.4535

72 34.9046

73 35.6661

74 36.3796

75 39.168

