5 0.00918098

6 0.0314429

7 0.0616784

8 0.375385

9 0.495084

10 0.659984

11 0.822954

12 0.921881

13 1.18969

14 1.43287

15 1.81532

16 2.28529

17 2.84412

18 2.96593

19 3.97152

20 4.07971

21 5.28626

22 6.37658

23 6.45998

24 6.99793

25 7.19788

26 8.23697

27 9.02001

28 9.40873

29 9.56205

30 9.77418

31 9.87855

32 10.0126

33 10.8593

34 11.2842

35 12.0669

36 12.8495

37 13.7061

38 13.9383

39 14.3014

40 14.429

41 14.7962

42 16.0481

43 16.2863

44 17.6593

45 19.0141

46 20.158

47 20.6197

48 20.9489

49 21.5144

50 22.1221

51 22.408

52 23.9866

53 24.2898

54 24.6444

55 25.1165

56 25.944

57 27.6344

58 28.2972

59 28.9433

60 29.6815

61 30.1552

62 30.4399

63 32.4345

64 32.8598

65 33.2798

66 33.7928

67 34.5903

68 35.3255

69 36.0794

70 36.9434

71 37.7718

72 39.8057

73 40.4942

74 41.1945

75 41.9218

76 42.4209

77 43.0171

