5 0.0588889

6 0.107074

7 0.123406

8 0.212299

9 0.229382

10 0.398351

11 0.497603

12 0.639534

13 0.712139

14 0.845616

15 1.15176

16 1.44283

17 1.71632

18 2.12033

19 2.17921

20 2.32557

21 2.46024

22 3.63775

23 3.93219

24 4.1497

25 4.73252

26 5.66278

27 6.89086

28 7.05422

29 8.85936

30 9.34456

31 9.87501

32 10.0873

33 10.432

34 11.1108

35 12.4413

36 12.8671

37 13.6058

38 16.3064

39 16.551

40 17.2708

41 17.4782

42 18.0422

43 18.4403

44 19.8543

45 20.2473

46 24.0286

47 24.1987

48 24.7331

49 30.1412

50 30.5209

51 31.1099

52 37.2236

53 37.6142

54 38.3955

