5 0.0492877

6 0.152015

7 0.234659

8 0.278384

9 0.333451

10 0.817043

11 1.20347

12 1.34754

13 1.40567

14 1.53582

15 1.65639

16 1.77336

17 1.84397

18 1.95175

19 2.01192

20 2.17526

21 2.35063

22 2.5257

23 2.7251

24 2.87591

25 3.07907

26 3.27937

27 4.15072

28 4.6597

29 5.10682

30 5.50711

31 5.95412

32 6.18134

33 7.05619

34 7.21323

35 7.87352

36 10.0163

37 10.5143

38 11.192

39 11.4438

40 12.4609

41 12.7111

42 12.9826

43 13.2101

44 14.2056

45 14.7527

46 15.4283

47 16.1416

48 16.8929

49 20.3879

50 21.2757

51 22.3101

52 22.9473

53 23.5436

54 24.028

55 24.6675

56 24.8005

57 25.2613

58 25.9091

59 26.7639

