5 0.437284

6 0.667671

7 0.879444

8 0.927509

9 1.04077

10 1.14317

11 1.33747

12 1.58532

13 1.74278

14 1.84326

15 2.07269

16 3.59825

17 3.71931

18 3.86437

19 4.02375

20 4.32803

21 4.37137

22 4.75143

23 4.79405

24 5.16781

25 5.85465

26 5.92037

27 6.0963

28 7.4241

29 7.53601

30 9.5755

31 9.9611

32 11.2269

33 11.775

34 12.2213

35 12.693

36 15.3039

37 18.041

38 18.561

39 18.8341

40 19.1023

41 19.3788

42 19.9589

43 21.4328

44 21.8625

45 22.6303

46 22.9493

47 24.2323

48 24.497

