5 0.0774609

6 0.0833423

7 0.20591

8 0.241299

9 0.32471

10 0.361408

11 0.50172

12 0.571312

13 0.960469

14 1.08655

15 2.51536

16 2.81885

17 3.23438

18 3.66007

19 3.79887

20 4.31341

21 5.56746

22 5.78693

23 6.02394

24 6.13558

25 6.60903

26 6.86001

27 9.21553

28 9.58696

29 11.1241

30 11.1808

31 12.2216

32 12.3918

33 12.8612

34 13.1877

35 13.3292

36 13.9254

37 14.7687

38 15.3538

39 16.8294

40 17.5631

41 17.7715

42 18.0436

43 18.2526

44 18.4963

45 19.2357

46 19.9426

47 22.2053

48 22.6409

49 23.5363

50 27.1999

51 27.6884

52 28.2368

53 29.2197

54 29.4194

55 30.484

56 31.3676

57 31.6173

58 33.2492

59 37.2987

60 38.445

61 38.8171

62 39.7587

63 40.7187

64 41.7323

