5 0.00421617

6 0.0104398

7 0.111522

8 0.290779

9 0.36029

10 0.550251

11 0.68151

12 0.802068

13 0.940548

14 1.44242

15 1.96428

16 2.18326

17 2.4655

18 2.66797

19 2.80502

20 3.69269

21 4.24541

22 4.43266

23 4.66079

24 4.99948

25 5.53279

26 5.9053

27 6.15835

28 6.4287

29 6.63251

30 7.19504

31 7.35129

32 8.85015

33 10.0393

34 10.3974

35 10.688

36 11.4082

37 11.9198

38 13.268

39 15.119

40 16.0832

41 16.3744

42 17.3846

43 18.7087

44 19.7312

45 20.452

46 20.8308

47 21.232

48 21.7668

49 22.1846

50 22.8789

51 23.4447

52 24.1946

53 25.1275

54 25.5656

55 26.6585

56 27.2219

57 28.0357

58 31.8945

