5 0.0558529

6 0.159107

7 0.296562

8 0.404665

9 0.538051

10 0.592648

11 0.668191

12 0.770447

13 0.830539

14 0.864857

15 0.901184

16 0.978472

17 1.06722

18 1.21709

19 1.29873

20 1.42893

21 1.77293

22 2.60454

23 2.7635

24 2.87078

25 3.61137

26 3.97108

27 4.39549

28 5.24403

29 6.32217

30 6.74105

31 7.35547

32 8.01402

33 8.69324

34 8.96586

35 9.32221

36 9.69976

37 9.85212

38 10.6669

39 11.0813

40 11.4461

41 11.9057

42 12.0675

43 12.7087

44 13.4057

45 14.0117

46 14.6826

47 14.9358

48 15.2422

49 15.9675

50 16.934

51 17.6153

52 18.2521

53 18.5224

54 18.9111

55 19.0862

56 19.5849

57 20.4031

58 21.7765

59 23.9553

60 24.2514

61 24.7179

62 25.7396

63 26.2725

64 27.3445

65 29.9869

66 30.7662

67 33.2302

68 33.7672

69 36.5833

70 37.7193

71 40.9955

72 42.1088

73 42.5164

74 43.3522

75 44.0627

76 44.7255

77 45.9869

78 46.6369

79 47.2186

80 48.0093

81 48.4213

82 50.3308

83 51.8619

84 52.9396

85 53.6221

86 54.193

