5 0.0221759

6 0.0318792

7 0.131578

8 0.216766

9 0.286303

10 0.47019

11 0.965627

12 1.35651

13 1.95126

14 2.14561

15 2.94151

16 3.16096

17 4.11063

18 4.3805

19 5.81359

20 7.22128

21 7.57731

22 8.11288

23 8.73035

24 9.09915

25 9.28323

26 9.631

27 10.1413

28 10.7349

29 11.391

30 12.5875

31 14.015

32 14.3237

33 14.596

34 15.1026

35 15.6462

36 16.2447

37 16.7577

38 17.3398

39 18.3115

40 20.5098

41 20.917

42 21.9577

43 22.5251

44 25.0386

45 25.916

46 26.6021

47 27.7857

48 28.6462

49 29.3641

50 30.2206

51 31.089

52 31.8309

53 33.0286

54 33.7089

55 34.3355

56 34.9787

57 36.713

58 37.604

59 38.5468

