5 0.0628948

6 0.198738

7 0.424186

8 0.642152

9 1.30752

10 1.47346

11 1.72535

12 2.09017

13 2.2125

14 2.44927

15 2.64886

16 4.40114

17 4.48222

18 4.7105

19 6.33911

20 6.42403

21 6.6811

22 8.14789

23 8.77887

24 9.17643

25 10.5988

26 10.8496

27 11.7011

28 12.0597

29 13.3663

30 13.4894

31 13.7454

32 14.4661

33 14.8077

34 15.1327

35 17.4565

36 17.6127

37 18.013

38 18.1235

39 18.2465

40 18.6643

41 18.7491

42 20.0695

43 20.3224

44 21.146

45 21.6333

46 21.7429

47 22.124

48 22.6506

49 23.6042

50 24.0807

51 24.6917

52 25.5349

53 26.0567

54 29.2109

55 29.5497

56 30.0933

57 30.7363

58 32.2269

59 32.4418

60 33.3672

61 34.3958

