5 0.072046

6 0.277424

7 0.436306

8 0.599394

9 0.77748

10 0.879229

11 1.14136

12 1.29693

13 1.45897

14 1.66938

15 1.95384

16 2.02413

17 2.11429

18 2.1773

19 2.47828

20 2.53401

21 2.80819

22 2.8824

23 2.95946

24 3.01698

25 3.14748

26 3.29721

27 3.49099

28 3.6209

29 3.85602

30 3.94037

31 4.11061

32 4.42132

33 4.5782

34 4.89387

35 5.09429

36 5.12083

37 5.37282

38 5.47826

39 5.54564

40 5.58532

41 5.64388

42 5.68753

43 5.70633

44 5.74541

45 5.80815

46 5.9962

47 6.23057

