5 0.00590737

6 0.0578429

7 0.130939

8 0.246283

9 0.433693

10 0.611526

11 0.708805

12 1.10023

13 1.36256

14 1.7839

15 2.04854

16 2.32913

17 2.64659

18 3.112

19 3.47513

20 4.08206

21 4.5756

22 4.87551

23 5.0062

24 5.27006

25 5.58903

26 5.86079

27 6.16772

28 7.13085

29 8.60878

30 9.50366

31 9.80228

32 10.2355

33 10.6765

34 11.1542

35 12.3249

36 13.3822

37 13.8151

38 14.8149

39 15.3953

40 15.743

41 16.4835

42 17.1773

43 18.9283

44 19.1613

45 19.4065

46 20.9276

47 21.6892

