5 0.0197459

6 0.117408

7 0.155645

8 0.461017

9 0.973074

10 1.04474

11 1.23471

12 1.49759

13 1.7095

14 1.92354

15 2.21586

16 3.185

17 3.47354

18 3.76521

19 3.92782

20 4.11937

21 5.0561

22 6.02112

23 6.67815

24 7.58236

25 7.72221

26 8.77065

27 10.0414

28 10.1603

29 10.367

30 10.4565

31 10.8553

32 12.101

33 12.2883

34 13.0066

35 15.415

36 15.6156

37 15.9437

38 16.555

39 17.6358

40 17.9448

41 18.8471

42 20.2702

43 20.5875

44 22.2271

45 24.0421

46 24.3861

47 25.5538

48 25.9636

49 26.6508

50 29.6669

51 30.4846

52 32.1426

