5 0.0735596

6 0.119602

7 0.191314

8 0.288842

9 0.362137

10 0.440743

11 0.520047

12 0.670206

13 0.72553

14 0.807968

15 0.876781

16 0.924382

17 0.963848

18 1.46083

19 1.80241

20 2.36503

21 2.82945

22 2.94412

23 3.25857

24 3.596

25 5.04041

26 5.30027

27 5.3971

28 5.88159

29 6.4136

30 6.97077

31 7.52751

32 7.90277

33 8.23368

34 8.75264

35 9.32732

36 9.90002

37 10.5154

38 10.9387

39 11.6706

40 12.0259

41 12.603

42 13.1989

43 13.8308

44 14.7099

45 15.5562

46 15.9484

47 16.4281

48 16.7134

49 16.9075

50 17.2

51 17.5761

52 17.9335

53 18.3333

54 18.5519

55 19.2928

56 20.3156

57 21.1257

58 22.0817

59 23.1331

60 23.6499

61 24.2329

62 25.3004

63 26.3321

64 27.4132

65 28.5434

66 29.5932

67 30.1061

