5 0.0547281

6 0.0852762

7 0.34839

8 0.399368

9 0.719112

10 0.771546

11 0.96537

12 1.20185

13 1.31619

14 1.43414

15 2.28587

16 2.79965

17 3.45976

18 3.92744

19 4.19859

20 4.66337

21 4.97098

22 5.43545

23 5.7462

24 6.56592

25 7.50109

26 7.78025

27 8.11956

28 8.2934

29 8.41805

30 8.5134

31 8.81532

32 8.97814

33 9.20676

34 9.45208

35 9.67284

36 9.91073

37 10.2097

38 10.4318

39 10.6273

40 12.4529

41 13.0117

42 13.706

43 14.3532

44 15.1445

45 15.4471

46 16.2612

47 16.6119

48 17.4081

49 18.5966

50 19.6807

51 20.1761

52 20.8055

53 21.7956

54 22.6271

55 22.9982

56 24.4903

57 24.7379

58 26.4167

59 27.0654

60 27.5813

61 28.0609

62 28.7973

63 29.4225

64 30.093

65 30.8066

66 31.444

67 32.0915

68 32.6689

69 33.2302

70 34.2966

71 34.964

72 35.9975

73 37.023

74 38.874

75 40.7437

76 43.0919

77 43.3289

