5 0.0407127

6 0.0755531

7 0.101008

8 0.211381

9 0.244366

10 0.461036

11 1.10774

12 1.30997

13 1.59421

14 2.2293

15 2.4189

16 2.76442

17 2.95009

18 3.15911

19 3.49663

20 3.69874

21 4.02356

22 4.41965

23 4.52324

24 5.1815

25 6.36865

26 6.85877

27 8.13123

28 8.26997

29 8.61634

30 10.2461

31 10.7252

32 11.7501

33 12.9906

34 15.2663

35 15.8554

36 17.4365

37 21.2258

38 22.6509

39 22.899

40 23.2076

41 24.366

42 25.6814

43 26.7688

44 27.04

45 28.6328

46 29.2506

