5 0.0979549

6 0.178045

7 0.297392

8 0.420561

9 0.600441

10 0.817337

11 0.929908

12 1.01885

13 1.11284

14 1.17204

15 1.34183

16 1.49462

17 1.69297

18 1.89212

19 2.21818

20 2.90773

21 3.08853

22 3.28852

23 4.1466

24 4.30696

25 5.72544

26 6.03097

27 6.38632

28 6.54823

29 6.59177

30 6.73412

31 6.83378

32 7.18523

33 7.25742

34 7.33297

35 8.07777

36 8.43977

37 8.80032

38 9.79709

39 10.4753

40 10.6625

41 11.0415

42 11.4322

43 12.4618

44 12.7616

45 13.0166

46 13.8519

47 14.8198

