5 0.162762

6 0.278306

7 0.431069

8 0.459349

9 0.486257

10 0.533853

11 0.588916

12 0.623824

13 0.985918

14 1.13225

15 1.59115

16 2.32419

17 2.54133

18 2.77398

19 3.28733

20 3.98766

21 4.22938

22 5.01881

23 6.01582

24 6.2815

25 6.76658

26 7.77249

27 8.70704

28 9.05989

29 9.37708

30 9.75128

31 10.61

32 11.791

33 13.0933

34 13.3161

35 14.7401

36 15.2694

37 16.7884

38 17.799

39 18.8603

40 19.289

41 19.663

42 19.857

43 19.9963

44 20.7245

45 21.3349

46 22.5113

47 23.7698

48 25.6724

49 26.368

50 26.8816

51 27.3587

52 27.8874

53 28.375

54 28.7489

55 29.0528

56 30.9405

57 32.3097

58 36.118

59 36.5454

60 36.9244

61 37.3241

62 37.795

63 38.5633

64 39.4177

65 41.0756

66 43.0957

67 44.0759

68 44.5786

69 44.8655

