5 0.0288931

6 0.0430068

7 0.0547425

8 0.0852276

9 0.0991277

10 0.141793

11 0.19056

12 0.305421

13 0.326803

14 0.420731

15 0.538011

16 0.831979

17 0.916919

18 1.05752

19 1.19029

20 1.34538

21 1.52297

22 1.71621

23 1.83203

24 2.037

25 2.35355

26 2.67756

27 2.96343

28 3.78347

29 3.96182

30 4.34814

31 4.97994

32 5.56105

33 6.03638

34 6.26171

35 7.00269

36 10.4946

37 10.8487

38 11.1636

39 11.5335

40 11.9091

41 12.4831

42 12.8589

43 13.7057

44 15.2663

45 15.6318

46 16.9672

47 17.4823

48 18.0812

49 18.4857

50 18.647

51 19.1454

52 20.3132

53 20.7825

54 24.3483

55 24.6475

56 25.0974

57 25.7806

58 26.6588

59 27.8268

60 28.5527

61 28.9637

62 30.0455

63 30.3615

64 30.5221

65 30.8792

66 30.9897

67 31.2983

68 31.5758

69 32.1633

70 32.9538

