5 0.0214766

6 0.13977

7 0.186342

8 0.264329

9 0.281285

10 1.28454

11 1.46476

12 1.80535

13 2.11343

14 2.41957

15 2.62338

16 2.81689

17 2.92981

18 3.17255

19 3.4707

20 3.74176

21 3.91442

22 4.1846

23 4.41836

24 4.9831

25 5.67282

26 6.36419

27 6.56432

28 7.05735

29 7.34942

30 7.63877

31 7.99507

32 8.31292

33 8.78633

34 9.07589

35 10.8929

36 12.5647

37 13.0567

38 13.9553

39 14.3121

40 14.635

41 14.9927

42 15.7663

43 16.1875

44 17.0458

45 17.859

46 18.7466

47 19.1522

48 22.3881

49 22.8984

50 23.5378

51 24.2823

52 24.7599

53 26.1266

54 26.4225

