5 0.0315006

6 0.0400828

7 0.0466398

8 0.0514672

9 0.0620716

10 0.0925075

11 0.266088

12 0.304799

13 0.375482

14 0.426149

15 0.479828

16 0.607347

17 0.768532

18 0.873992

19 1.29039

20 1.54438

21 1.77505

22 1.98632

23 2.62606

24 2.98994

25 3.54753

26 4.14175

27 5.25694

28 5.94856

29 6.46817

30 6.8707

31 8.63404

32 9.17932

33 9.6323

34 9.97396

35 10.2903

36 10.753

37 11.4829

38 11.8937

39 12.7639

40 13.1617

41 13.4289

42 13.8194

43 14.3748

44 14.681

45 15.3321

46 17.4709

