5 0.101039

6 0.176932

7 0.360403

8 0.444636

9 0.543345

10 0.617519

11 0.810176

12 0.966319

13 1.03538

14 1.17066

15 1.50298

16 1.82027

17 2.1421

18 2.62106

19 3.66499

20 3.90367

21 4.12956

22 4.44893

23 4.63701

24 4.89392

25 5.19353

26 5.42576

27 5.81094

28 6.21331

29 6.55565

30 6.94297

31 7.33252

32 7.61104

33 7.86819

34 8.14758

35 8.32439

36 8.78796

37 9.09515

38 10.211

39 10.757

40 11.8715

41 13.1538

42 13.4317

43 13.7119

44 14.153

45 14.3844

46 14.637

47 14.9983

48 16.2747

49 16.5616

