5 0.224589

6 0.374873

7 0.535543

8 0.670237

9 0.97549

10 1.09069

11 1.21461

12 1.26504

13 1.43637

14 1.78026

15 2.17245

16 2.43035

17 2.94184

18 3.20168

19 3.41912

20 3.66729

21 3.92338

22 4.16607

23 4.661

24 4.93129

25 5.4644

26 5.80359

27 6.05407

28 6.3962

29 6.69832

30 7.05054

31 7.45179

32 7.8821

33 8.18801

34 8.49424

35 8.81296

36 9.01407

37 9.49869

38 9.83455

39 10.6247

40 11.0159

41 11.837

42 13.0768

43 13.3767

44 13.6763

45 14.148

46 14.3737

47 14.6671

48 14.9824

49 16.0887

50 16.3125

