5 0.010399

6 0.0294045

7 0.0564064

8 0.137588

9 0.166993

10 0.207634

11 0.244974

12 0.286445

13 0.313669

14 0.330922

15 0.357751

16 0.656296

17 0.977259

18 1.19668

19 1.41121

20 1.53183

21 1.65185

22 1.73982

23 1.9978

24 2.38002

25 3.46623

26 3.86306

27 4.32372

28 4.91579

29 5.12471

30 5.22303

31 5.37284

32 7.91602

33 8.08897

34 8.31986

35 8.62658

36 9.23433

37 9.60149

38 10.2085

39 10.6619

40 11.483

41 12.2556

42 13.7748

43 14.63

44 17.1201

45 17.5522

46 18.0184

