5 0.0328066

6 0.0497415

7 0.196026

8 0.261172

9 0.606561

10 1.29325

11 1.43227

12 1.65244

13 2.53687

14 2.63429

15 3.36228

16 4.97085

17 5.11167

18 5.58382

19 7.11857

20 7.20247

21 7.55244

22 7.79613

23 9.88032

24 10.2433

25 10.5512

26 10.605

27 11.0072

28 11.6689

29 11.7433

30 13.2063

31 14.0066

32 14.2532

33 14.587

34 15.1784

35 15.4082

36 16.796

37 17.0443

38 17.537

39 18.0732

40 20.8493

41 21.0295

42 22.1533

43 22.3612

44 23.3385

45 23.5669

46 24.2251

47 24.7668

48 25.8473

49 26.2914

50 26.7155

51 27.2547

52 28.1919

53 30.1749

54 30.6089

55 32.1045

56 32.6119

57 33.3704

58 35.4302

59 35.7098

