5 0.00688988

6 0.0434724

7 0.132833

8 0.176219

9 0.210512

10 0.24346

11 0.335308

12 0.453968

13 1.08406

14 1.39499

15 1.62525

16 1.76997

17 2.48914

18 2.78083

19 3.09415

20 3.96551

21 4.89007

22 5.57829

23 6.54005

24 6.83519

25 8.28785

26 8.53842

27 8.81284

28 8.95438

29 9.0716

30 9.27867

31 9.41587

32 9.74523

33 9.96631

34 10.212

35 10.7576

36 11.4614

37 11.6894

38 12.3151

39 12.9044

40 13.3175

41 14.3839

42 15.1641

43 15.9121

44 16.6528

45 17.0947

46 17.9178

47 18.682

48 19.3179

49 20.4735

50 21.4961

51 22.1183

52 23.0589

53 23.9582

54 24.5068

55 25.4783

56 26.4065

57 27.3066

58 30.7052

59 31.8201

60 32.9747

61 34.2661

62 37.6947

63 38.9937

64 40.869

65 41.9724

66 43.76

67 44.5069

68 44.9586

69 45.5164

70 46.182

