5 0.0553872

6 0.128569

7 0.221468

8 0.27707

9 0.378965

10 0.459234

11 0.555182

12 0.976964

13 1.08568

14 1.79394

15 2.19123

16 2.53677

17 2.71762

18 3.03997

19 3.66766

20 3.92173

21 4.43083

22 4.81969

23 5.26272

24 5.65288

25 6.21074

26 6.66923

27 6.82711

28 7.02443

29 8.09917

30 9.10993

31 9.61892

32 9.98757

33 10.2409

34 11.0434

35 11.291

36 11.6068

37 11.8388

38 12.1413

39 13.004

40 13.5553

41 14.1717

42 14.4147

43 14.9082

44 15.9269

45 16.8138

46 17.439

47 17.9305

48 18.3928

49 19.2013

50 19.8247

51 20.2277

52 21.5551

53 22.2069

54 22.7239

55 22.9964

