5 0.0121037

6 0.0216263

7 0.116428

8 0.121785

9 0.174296

10 0.327648

11 0.741142

12 1.00669

13 1.33991

14 1.76783

15 2.29433

16 2.93111

17 3.10902

18 3.49063

19 3.59628

20 3.7966

21 4.43656

22 4.56059

23 4.8545

24 5.80839

25 8.16296

26 8.84589

27 10.5851

28 11.0182

29 11.5043

30 11.74

31 12.0906

32 13.8907

33 15.6547

34 16.0906

35 17.7998

36 19.5153

37 20.8247

38 24.6876

39 24.8078

40 25.0075

41 25.9652

42 31.0444

43 31.3301

44 31.7275

45 32.2233

46 33.7397

47 37.3756

48 37.7907

49 38.1453

50 40.1875

