5 0.044774

6 0.123106

7 0.151591

8 0.160508

9 0.170284

10 0.270379

11 0.372375

12 0.553934

13 0.977274

14 1.42911

15 1.59528

16 1.85928

17 2.08091

18 2.24348

19 2.75298

20 3.345

21 3.598

22 3.71042

23 4.0522

24 4.79349

25 5.1311

26 6.01995

27 6.12376

28 6.86133

29 7.60908

30 7.95303

31 8.13494

32 8.32737

33 8.74169

34 9.52648

35 10.1138

36 10.4626

37 10.6983

38 10.909

39 11.2171

40 11.5912

41 11.8622

42 12.3498

43 12.9287

44 13.4944

45 13.8826

46 14.2412

47 14.5342

48 14.6545

49 18.4754

50 19.5969

51 20.2921

52 21.3013

53 22.4621

54 23.2878

55 24.1815

56 25.2674

57 25.5257

58 27.1148

59 30.3032

60 31.2168

61 33.2115

62 33.5729

63 33.7572

64 34.181

65 34.5572

66 34.8834

67 35.4864

68 35.985

69 36.68

70 37.3153

71 37.8732

72 41.0175

73 42.7545

74 43.384

