5 0.0392744

6 0.0950037

7 0.237745

8 0.448911

9 0.464338

10 0.536179

11 0.613797

12 0.743755

13 0.972023

14 1.09216

15 1.28929

16 1.44183

17 1.70264

18 2.11912

19 2.45326

20 2.82486

21 3.23126

22 3.52512

23 3.9387

24 4.30487

25 4.68465

26 5.13444

27 5.60407

28 5.79968

29 6.01153

30 6.08878

31 6.36985

32 7.00371

33 7.16741

34 8.27164

35 8.7382

36 8.97977

37 10.8235

38 11.544

39 11.8241

40 12.9246

41 13.5717

42 14.227

43 14.8622

44 15.1794

45 15.5143

46 15.7017

47 15.8208

48 16.507

49 17.3166

50 18.184

51 18.9748

52 19.4763

53 20.1786

54 25.5593

