5 0.0353767

6 0.061889

7 0.0805008

8 0.171659

9 0.183664

10 0.345244

11 1.51292

12 1.57538

13 1.69438

14 2.06007

15 3.02742

16 3.1547

17 3.46215

18 4.32867

19 5.71549

20 5.95837

21 6.44228

22 6.56569

23 7.91119

24 11.3339

25 11.5555

26 12.0148

27 12.6106

28 15.0957

29 15.4383

30 19.1031

31 19.7924

32 19.89

33 21.6746

34 22.0849

35 22.3744

36 23.1818

37 23.7404

38 24.3869

39 24.9829

40 25.6532

41 28.4199

42 28.587

43 28.8472

44 29.1089

45 29.8705

46 31.6036

47 32.0828

48 32.6827

49 34.2394

50 34.9704

51 37.0517

52 37.7357

53 42.7334

54 43.1082

55 43.4249

56 45.2008

57 48.2988

58 48.7954

59 50.864

60 51.1522

