5 0.03764

6 0.105748

7 0.139201

8 0.201728

9 0.332322

10 0.439622

11 0.518797

12 0.599044

13 0.886959

14 0.998769

15 1.06107

16 1.12054

17 1.16767

18 1.18784

19 1.32883

20 2.46013

21 2.51049

22 2.74784

23 3.06975

24 3.41452

25 3.70584

26 3.98822

27 4.31166

28 4.43946

29 4.61209

30 4.89679

31 5.05177

32 5.34211

33 5.99715

34 6.43065

35 7.09357

36 9.13269

37 9.48161

38 10.0622

39 11.5514

40 11.9609

41 12.4144

42 12.8798

43 13.2183

44 13.5755

45 13.7492

46 14.0302

47 14.3507

48 14.6391

49 14.9756

50 15.3646

