5 0.267281

6 0.27591

7 1.23187

8 1.3012

9 1.39019

10 1.64511

11 2.09178

12 3.0038

13 3.13581

14 3.48535

15 3.56641

16 3.797

17 4.11635

18 4.5065

19 4.92456

20 5.26878

21 5.44785

22 6.00281

23 6.5204

24 6.84864

25 7.84977

26 8.56798

27 9.41963

28 10.2108

29 10.6785

30 11.3279

31 11.5013

32 11.7528

33 12.4873

34 12.8521

35 13.3295

36 13.4763

37 13.8677

38 14.2497

39 14.8288

40 15.2872

41 17.2147

42 17.9136

43 18.7572

44 19.3503

45 20.1592

46 20.9935

47 21.8871

48 22.37

49 22.63

50 24.1799

51 24.634

52 25.6187

53 26.8285

54 27.9309

55 28.1541

56 28.4176

57 29.4205

58 29.8814

59 30.2178

60 30.6939

61 31.1696

62 31.6938

63 32.2071

64 32.9497

65 34.7629

66 35.3972

67 35.8754

68 36.025

69 36.4795

70 37.0403

71 37.4674

72 38.854

73 39.8429

74 40.5658

75 41.2378

76 41.4621

77 42.0229

78 42.6858

79 43.4911

80 45.943

81 46.6703

