5 0.133907

6 0.155044

7 0.210231

8 0.662024

9 0.904989

10 1.05173

11 1.24296

12 1.57319

13 2.89727

14 3.11882

15 4.67818

16 4.98758

17 5.19741

18 5.82456

19 6.28106

20 8.3316

21 8.64141

22 9.02638

23 9.22129

24 9.59659

25 10.2082

26 10.5741

27 11.1643

28 11.7705

29 11.8771

30 12.8433

31 12.9742

32 14.1314

33 15.0059

34 16.2479

35 17.6

36 17.9284

37 18.1494

38 18.6351

39 18.9712

40 20.0925

41 20.3259

42 20.8662

43 21.4667

44 22.8637

45 23.1806

46 25.0482

47 25.7818

48 26.7218

49 27.0658

50 27.443

51 27.7249

52 28.1335

