5 0.050998

6 0.101708

7 0.153085

8 0.242317

9 0.386465

10 0.461435

11 0.622821

12 0.682292

13 1.908

14 2.41066

15 2.70814

16 3.03889

17 4.84003

18 5.76187

19 7.44194

20 7.8765

21 8.73331

22 9.02497

23 9.1948

24 9.74097

25 10.0526

26 10.5971

27 11.026

28 11.1473

29 11.4963

30 11.9734

31 12.9493

32 13.3525

33 13.6156

34 13.6493

35 13.9202

36 13.957

37 15.1167

38 15.4027

39 15.5883

40 15.8735

41 17.3917

42 17.7877

43 17.9644

44 19.4995

45 21.8492

46 22.3476

47 23.0645

48 23.3386

49 23.5868

50 23.8407

51 24.5371

52 24.7434

53 25.3005

54 25.4228

55 26.3318

56 26.7204

57 27.4029

58 27.9404

59 28.6916

60 28.8578

61 29.6969

62 29.8076

63 30.4374

64 30.7762

65 33.1691

66 33.379

67 34.0657

68 36.3789

69 36.8858

70 37.0682

71 39.7823

72 42.5718

73 43.4553

74 44.1648

75 44.5668

76 44.8461

77 45.5923

78 45.7441

79 46.4523

80 46.6392

81 47.4979

82 47.8821

83 48.5758

84 49.1442

85 51.7715

86 52.2789

87 53.3705

88 53.7337

89 54.4751

90 59.1634

91 60.2632

92 63.0447

93 63.405

94 64.3163

95 64.9183

96 65.6209

97 68.9669

98 70.451

99 71.7625

100 72.8293

101 73.977

102 75.4359

103 76.4531

104 77.6187

