5 0.120265

6 0.137493

7 0.451041

8 1.52129

9 1.61328

10 1.79481

11 2.027

12 2.23618

13 2.40777

14 2.51971

15 2.59317

16 2.90514

17 3.17988

18 3.42944

19 3.66871

20 3.91435

21 4.07511

22 4.49137

23 4.97641

24 5.60506

25 6.26095

26 6.71083

27 7.21396

28 8.25725

29 8.55925

30 9.14007

31 9.61631

32 11.7013

33 12.3507

34 12.8987

35 13.3653

36 13.7945

37 13.9181

38 14.1467

39 14.7309

40 16.1453

41 16.7399

42 17.5436

43 18.491

44 19.5469

45 20.171

46 20.9565

47 21.6945

48 22.3185

49 22.7092

50 23.1817

51 23.6063

52 24.1398

53 24.6465

54 25.2324

55 25.8586

56 26.6098

57 27.3323

58 27.7624

59 29.0517

