5 0.0488339

6 0.0788238

7 0.0969185

8 0.234285

9 0.255463

10 0.322368

11 1.44707

12 1.63095

13 1.72652

14 1.8957

15 2.61729

16 2.71557

17 2.86223

18 3.40234

19 3.67361

20 5.22131

21 5.77929

22 5.90368

23 7.20187

24 10.7398

25 10.9836

26 11.4123

27 11.5754

28 12.0685

29 12.2714

30 13.4434

31 15.9565

32 16.2791

33 17.4646

34 17.6682

35 17.8955

36 18.3069

37 18.8904

38 19.689

39 19.91

40 20.7419

41 20.8707

42 22.455

43 22.9777

44 23.4668

45 23.7985

46 24.5486

47 25.0957

48 25.7932

49 26.3932

50 27.1726

51 30.4306

52 30.5815

53 31.2022

54 32.1782

55 34.2392

56 34.947

57 35.626

58 37.3834

59 38.2568

60 41.178

61 41.4943

62 47.8552

63 48.3777

64 49.16

65 52.5048

66 53.0817

67 53.8761

68 54.3162

69 55.3333

