5 0.0447848

6 0.265979

7 0.337535

8 0.789529

9 1.44209

10 1.5656

11 1.83775

12 2.41318

13 2.53076

14 3.07639

15 4.30389

16 4.61933

17 4.90155

18 5.70253

19 5.91465

20 7.57558

21 8.64727

22 9.15029

23 9.19156

24 9.44323

25 9.56439

26 9.97652

27 10.2224

28 10.5364

29 11.5057

30 11.5929

31 11.7002

32 12.0427

33 13.3151

34 14.7572

35 14.9498

36 15.3295

37 15.5255

38 15.8619

39 18.2449

40 18.612

41 19.0035

42 21.7407

43 21.9408

44 22.5101

45 22.8225

46 23.4183

47 23.8057

48 24.2802

49 26.4327

50 26.7245

51 27.0649

52 27.6334

53 28.738

54 29.0782

55 30.7543

