5 0.0190829

6 0.0410298

7 0.0660637

8 0.147478

9 0.480621

10 0.753585

11 1.07732

12 1.31285

13 1.52922

14 1.67224

15 2.3113

16 3.14868

17 3.36164

18 3.61846

19 3.91199

20 4.23906

21 4.51514

22 5.55884

23 6.81045

24 7.54646

25 8.58063

26 9.41589

27 10.7387

28 11.361

29 12.203

30 12.3296

31 12.6394

32 13.199

33 13.58

34 13.7611

35 13.8522

36 13.9715

37 14.1378

38 14.4924

39 15.2369

40 15.3742

41 15.936

42 16.3918

43 16.7666

44 17.9004

45 19.0461

46 20.1432

47 20.8256

48 21.525

49 22.5162

50 23.3666

51 24.326

52 25.1662

53 25.7844

54 26.6364

55 27.5117

56 28.9461

57 32.0621

58 34.8134

59 35.2287

60 35.6963

61 36.244

62 36.6007

63 37.3881

64 37.9191

