5 0.0129171

6 0.0260298

7 0.0685268

8 0.481325

9 0.541946

10 0.72668

11 0.867406

12 1.59673

13 1.72667

14 2.85119

15 2.92193

16 3.27725

17 3.33478

18 3.67759

19 4.09621

20 5.30442

21 5.5622

22 6.88352

23 7.74091

24 8.04517

25 8.34356

26 11.5907

27 11.8457

28 13.5555

29 15.5295

30 16.4952

31 17.8743

32 18.2775

33 18.8909

34 18.9749

35 19.1383

36 19.3871

37 19.4152

38 19.6263

39 20.4666

40 20.7021

41 21.4103

42 21.9542

43 22.1346

44 22.373

45 22.6714

46 23.0941

47 23.8745

48 24.5246

49 25.0155

50 25.4796

51 28.4768

52 28.8209

53 29.6299

54 29.9365

55 32.2194

56 32.8161

57 33.2626

58 35.2305

59 35.56

60 36.3185

