5 0.0255839

6 0.0396666

7 0.0437717

8 0.0950766

9 0.212926

10 0.437791

11 0.671582

12 0.888604

13 1.09526

14 1.76447

15 3.06498

16 3.31078

17 4.22888

18 4.35797

19 5.01421

20 5.97203

21 6.42092

22 6.70516

23 6.85491

24 7.33658

25 7.76378

26 9.23172

27 10.7464

28 12.193

29 12.4507

30 12.9101

31 14.0532

32 14.5295

33 14.9517

34 15.155

35 15.4825

36 15.8765

37 16.1586

38 16.8452

39 17.2091

40 17.3971

41 17.8122

42 18.149

43 18.2604

44 19.3973

45 19.7406

46 21.7115

47 22.2721

48 25.1185

49 25.9089

50 27.0083

