5 0.0215034

6 0.0310291

7 0.0435808

8 0.0805678

9 0.231703

10 0.373908

11 0.425369

12 0.677341

13 0.890262

14 1.07422

15 1.12574

16 1.44424

17 2.05495

18 2.1561

19 2.23847

20 2.61942

21 3.93718

22 4.14317

23 4.74626

24 5.32028

25 5.65415

26 6.38143

27 6.62905

28 6.89577

29 9.21577

30 9.56936

31 11.0175

32 11.9143

33 12.5987

34 13.2603

35 13.6524

36 14.0859

37 14.1227

38 14.2559

39 14.3195

40 14.3628

41 14.3904

42 14.4577

43 14.548

44 14.6722

45 14.8402

46 15.0057

47 15.2105

48 15.6722

49 16.2591

50 16.5308

51 16.8865

52 17.1006

53 17.3462

54 17.524

55 17.7187

56 18.2302

57 18.8106

58 19.3496

59 19.8021

60 20.5843

61 21.2588

62 21.9635

63 22.493

64 23.1207

65 23.609

66 23.7754

67 24.0999

68 24.6273

69 25.1009

70 25.7265

71 26.473

72 27.1031

73 27.4878

74 27.8897

75 28.7245

76 29.5965

77 30.277

78 30.4913

