5 0.0378629

6 0.107497

7 0.179241

8 0.213765

9 0.279086

10 0.442685

11 0.622309

12 0.828293

13 1.42217

14 1.52433

15 1.68659

16 2.21869

17 2.60573

18 2.91858

19 3.13913

20 3.23151

21 3.35532

22 5.68102

23 5.90829

24 6.49109

25 6.9823

26 7.22999

27 7.76

28 8.41193

29 9.11872

30 9.5449

31 10.6349

32 11.4074

33 12.2598

34 13.0895

35 14.0624

36 14.6769

37 14.8212

38 14.9714

39 15.1298

40 15.1705

41 15.4284

42 15.5175

43 15.6159

44 16.422

45 16.6135

46 16.8005

47 17.0363

48 17.2159

49 17.534

50 17.7933

51 18.1773

52 18.9997

53 19.203

54 19.8348

55 20.2633

56 20.5653

57 22.8762

58 24.1318

59 24.7932

60 26.5915

61 27.2809

62 27.7966

63 28.2871

64 28.789

65 29.4088

66 29.7273

