5 0.0188343

6 0.0364863

7 0.0696817

8 0.121791

9 0.368322

10 0.529543

11 0.746931

12 0.803298

13 1.02371

14 1.06396

15 1.26778

16 2.30309

17 2.56392

18 3.1745

19 3.36769

20 4.10497

21 4.53841

22 5.54948

23 5.67457

24 6.44344

25 7.20479

26 7.5652

27 7.74597

28 7.90896

29 8.31419

30 9.62938

31 9.73255

32 10.2057

33 10.6435

34 12.5572

35 12.7278

36 12.9013

37 13.3064

38 16.4575

39 16.7256

40 21.2669

41 22.0455

42 22.2558

43 23.7703

44 23.9426

45 25.5173

46 28.0885

47 29.0542

48 31.5459

49 31.7247

50 32.482

51 32.6849

52 34.5267

53 35.0873

54 36.799

55 37.0038

56 38.9929

57 39.1937

