5 0.359354

6 1.1679

7 1.19372

8 1.2237

9 1.33525

10 1.57026

11 1.64047

12 1.86528

13 2.02233

14 2.50353

15 3.4531

16 3.54688

17 4.12414

18 4.95936

19 5.24834

20 6.24204

21 7.56245

22 8.30983

23 8.71606

24 8.94907

25 9.07089

26 9.30541

27 9.57006

28 9.68806

29 9.81181

30 9.90224

31 11.5117

32 12.1219

33 12.5161

34 13.3993

35 14.4346

36 14.7726

37 15.6221

38 17.2292

39 18.1826

40 18.6215

41 18.9707

42 19.3737

43 19.7556

44 20.1678

45 22.6354

46 24.7826

47 27.0491

