5 0.0555858

6 0.219689

7 0.245004

8 0.305022

9 0.962288

10 1.12423

11 1.63046

12 1.76693

13 2.35514

14 2.55852

15 2.76332

16 2.81699

17 2.89512

18 3.63597

19 3.72035

20 4.52237

21 4.6491

22 6.09322

23 6.28886

24 6.73196

25 10.1727

26 10.4173

27 10.9909

28 13.9193

29 14.203

30 14.5069

31 15.1312

32 15.145

33 15.2818

34 15.4045

35 15.4549

36 15.7955

37 16.241

38 16.4332

39 16.6778

40 17.1741

41 17.4551

42 18.1053

43 18.4436

44 18.6663

45 18.7352

46 19.1397

47 20.1485

48 20.236

49 21.0448

50 22.5546

51 23.3028

52 26.3865

53 26.6995

54 30.3532

55 30.6897

