5 0.0882792

6 0.0988738

7 0.893602

8 1.1011

9 1.54446

10 2.36146

11 2.76536

12 3.03266

13 3.1619

14 3.4747

15 3.69878

16 3.91984

17 4.29648

18 4.60471

19 4.93422

20 5.95199

21 6.58825

22 7.18765

23 7.53282

24 7.61169

25 8.86648

26 9.9825

27 11.6075

28 12.275

29 13.6752

30 14.3242

31 14.8009

32 14.9972

33 15.7246

34 15.9584

35 16.1152

36 16.2161

37 16.7082

38 16.9231

39 17.0848

40 17.3199

41 17.5771

42 17.7838

43 18.2361

44 18.9121

45 19.0998

46 19.6159

47 21.4575

