5 0.0550034

6 0.0924738

7 0.342707

8 0.456787

9 0.68178

10 0.820707

11 0.996138

12 1.69523

13 2.08079

14 2.43486

15 2.67581

16 2.88871

17 3.00283

18 3.11308

19 3.21252

20 3.41297

21 3.5885

22 3.7471

23 4.77388

24 4.90215

25 5.96561

26 6.46106

27 6.86365

28 7.11035

29 7.30366

30 8.63013

31 9.04494

32 10.7732

33 11.3406

34 11.419

35 11.5398

36 11.5923

37 11.8139

38 12.0668

39 12.7742

40 12.9512

41 13.2042

42 13.7309

43 13.8262

44 13.9432

45 14.6446

46 14.8125

47 15.3761

48 16.2735

49 16.9518

50 18.5868

51 19.755

52 20.4076

53 21.4858

54 22.0139

55 22.5909

56 22.9229

57 23.2766

58 23.7083

59 24.4799

60 25.2505

61 26.9462

62 27.8793

63 28.6455

64 29.4068

65 29.8956

66 30.9893

67 31.4722

68 31.8625

69 33.7978

