5 0.0412335

6 0.0420035

7 0.110504

8 0.196864

9 0.253338

10 0.319355

11 0.380876

12 0.51394

13 0.697117

14 0.974053

15 1.21877

16 1.80548

17 1.90804

18 2.58678

19 2.78359

20 2.96832

21 3.16834

22 3.42532

23 3.73498

24 3.98926

25 4.33363

26 4.69124

27 5.02242

28 5.38083

29 5.74211

30 6.84957

31 7.279

32 7.35482

33 7.78198

34 8.75562

35 9.17425

36 9.45799

37 9.96076

38 10.2489

39 10.3397

40 11.1385

41 12.3806

42 12.8046

43 13.5368

44 14.2569

45 14.5036

46 14.8535

47 15.2286

48 15.6105

49 15.8568

50 16.9311

51 17.2718

52 17.7695

53 18.3846

54 18.6504

