5 0.0288159

6 0.0872056

7 0.275991

8 0.518197

9 0.779487

10 0.942576

11 1.22923

12 1.40716

13 1.75069

14 1.97185

15 2.08014

16 2.22993

17 2.50464

18 2.88283

19 3.24031

20 3.82233

21 4.85217

22 5.34553

23 5.71093

24 6.03451

25 6.45069

26 6.84452

27 7.40976

28 7.79114

29 8.18193

30 8.30307

31 8.66322

32 8.78324

33 9.92979

34 11.7921

35 12.6411

36 12.8952

37 13.4852

38 13.8302

39 15.7871

40 16.2977

41 16.6395

42 16.8503

43 17.0863

44 17.3981

45 17.8988

46 18.1844

47 20.0616

48 20.4639

49 20.8318

50 21.3382

51 21.5889

