5 0.00245451

6 0.020676

7 0.0697172

8 0.392891

9 0.565276

10 0.764602

11 0.918157

12 1.1795

13 1.51847

14 2.04608

15 3.04251

16 3.46293

17 4.02255

18 5.3699

19 6.37584

20 6.95535

21 7.11812

22 7.98369

23 8.42713

24 8.76589

25 9.19771

26 9.64663

27 10.1004

28 10.3573

29 10.608

30 10.8932

31 11.1383

32 11.3528

33 11.5567

34 11.8571

35 13.1473

36 13.9548

37 14.1794

38 14.8686

39 15.55

40 16.333

41 16.996

42 17.5399

43 17.8305

44 18.2229

45 18.4157

46 18.6672

47 18.8661

48 19.2163

49 19.5115

50 19.8029

51 20.9387

52 21.3623

53 21.7024

54 22.3741

55 22.9102

56 23.7443

57 24.3903

58 25.3428

59 25.9541

60 26.8566

61 27.5355

62 28.0759

63 29.0811

64 29.9921

65 31.8359

66 32.3958

67 33.153

68 33.5726

