5 0.0339349

6 0.0480301

7 0.0972514

8 0.141837

9 0.203554

10 0.897679

11 0.977073

12 1.13066

13 2.81663

14 3.00614

15 3.09023

16 3.4833

17 3.88836

18 4.08741

19 4.3558

20 5.798

21 5.99198

22 6.17426

23 8.22575

24 8.3762

25 9.49775

26 9.73668

27 10.336

28 10.786

29 12.4516

30 12.8272

31 13.5773

32 15.9769

33 20.8715

34 21.2172

35 21.6716

36 21.8905

37 22.3587

38 22.9979

39 23.5245

40 23.9367

41 25.1521

42 25.643

43 25.6807

44 26.6679

45 26.7925

46 27.0437

47 28.2124

48 28.6104

49 29.0171

50 30.5285

51 30.9284

52 31.4717

53 32.3764

54 32.6159

55 35.2112

56 37.1195

57 37.6845

58 38.518

59 39.1202

60 40.9785

61 42.9974

