5 0.0162154

6 0.0249954

7 0.0353037

8 0.0440529

9 0.0473141

10 0.050731

11 0.0590983

12 0.133534

13 0.175302

14 0.342217

15 0.509523

16 0.633215

17 1.21675

18 1.54332

19 1.58663

20 1.83535

21 2.01106

22 2.25016

23 2.36634

24 2.94941

25 3.32514

26 3.78811

27 4.35481

28 4.75551

29 5.41082

30 7.68376

31 8.05735

32 8.38412

33 8.94488

34 9.41818

35 9.83307

36 9.93956

37 10.1643

38 10.7876

39 11.5798

40 12.3931

41 12.8572

42 13.9063

43 14.6101

44 15.4742

45 16.4126

46 17.148

47 17.8372

48 18.3632

49 18.5382

50 18.6086

51 18.7875

52 24.6264

