5 0.0107348

6 0.0433253

7 0.171321

8 0.227515

9 0.490425

10 1.0426

11 1.42821

12 1.78021

13 2.11737

14 3.05042

15 3.66306

16 3.87996

17 4.11973

18 4.30543

19 4.55987

20 4.72085

21 4.95142

22 6.88293

23 7.35003

24 8.03695

25 8.2054

26 8.69185

27 9.42801

28 10.0142

29 10.3379

30 10.9146

31 11.0933

32 11.3128

33 11.6357

34 11.9074

35 12.8866

36 13.6096

37 14.1091

38 14.5201

39 15.0966

40 15.5407

41 16.6463

42 17.3392

43 17.9925

44 18.4851

45 19.2536

46 19.7936

47 20.8262

48 21.5078

49 22.2915

50 22.8057

51 23.6006

52 24.2655

53 25.1658

54 25.8112

55 26.5818

56 27.2244

57 28.0001

58 28.6266

59 29.624

60 30.2344

61 31.0464

62 31.7355

63 32.7056

64 33.1796

65 34.1439

66 35.5288

67 36.3119

68 37.2069

