5 0.0107104

6 0.033071

7 0.0902658

8 0.196555

9 0.321664

10 0.434905

11 0.569805

12 0.810787

13 0.946605

14 1.58593

15 1.70671

16 2.96756

17 3.08212

18 3.52521

19 3.60184

20 3.91973

21 4.09196

22 4.37174

23 5.80106

24 6.09594

25 6.33273

26 8.03578

27 8.8391

28 9.07959

29 9.35995

30 11.9734

31 12.7574

32 13.688

33 14.5662

34 15.1558

35 15.7507

36 16.1108

37 16.5123

38 16.5839

39 16.7452

40 16.8529

41 16.9575

42 16.9728

43 17.0754

44 17.1741

45 17.2812

46 17.3529

47 17.465

48 18.7602

49 19.2838

50 19.6722

51 19.8624

52 20.0712

53 20.3471

54 20.8116

55 21.5773

56 22.1694

57 22.9759

58 23.421

59 26.0146

60 26.265

61 26.9843

62 28.6788

63 29.1506

64 29.504

65 29.9352

66 30.6083

67 31.2194

