5 0.0124756

6 0.0385994

7 0.0943658

8 0.189798

9 0.403102

10 0.547741

11 0.670855

12 0.751068

13 0.990422

14 1.28357

15 1.3777

16 2.03224

17 2.34264

18 2.67681

19 2.85234

20 3.01702

21 3.81801

22 4.233

23 5.03267

24 6.02775

25 6.34262

26 7.28753

27 8.43808

28 9.12772

29 9.41641

30 9.72613

31 9.97127

32 10.2997

33 10.5535

34 10.7337

35 11.6214

36 13.1066

37 13.3621

38 13.5032

39 13.7732

40 13.9612

41 14.428

42 15.6416

43 16.3495

44 17.4042

45 17.936

46 19.6267

47 20.2403

48 20.6519

49 20.7946

50 21.0497

51 21.3735

52 21.5524

53 23.1824

54 23.6302

55 24.7546

56 27.1075

57 27.7323

58 28.0822

59 28.652

60 30.2021

61 30.8308

62 32.7395

63 35.0926

64 35.897

65 37.3471

66 37.5582

67 38.3687

68 39.4048

69 39.6692

70 40.3535

71 40.7942

