5 0.030988

6 0.0321942

7 0.807805

8 0.938597

9 0.97862

10 1.31852

11 1.74838

12 2.39329

13 2.64785

14 2.73155

15 2.86216

16 3.0033

17 3.31942

18 3.62579

19 3.83895

20 4.1758

21 6.92882

22 7.14887

23 7.86366

24 8.63069

25 9.61394

26 10.3423

27 10.8681

28 11.1512

29 11.2249

30 11.392

31 11.6004

32 11.7168

33 11.8984

34 12.1266

35 12.2061

36 12.5104

37 13.3635

38 14.4939

39 14.7295

40 15.2815

41 15.5428

42 17.0844

43 17.2811

44 18.1542

45 18.6319

46 19.1506

47 19.6603

48 20.0519

49 20.6576

50 22.3325

51 23.2487

52 23.8175

53 25.325

54 26.2669

55 26.8962

56 30.5454

