5 0.149945

6 0.186289

7 0.308633

8 0.428947

9 0.698018

10 0.716902

11 0.741956

12 0.868614

13 0.916498

14 1.44157

15 1.70855

16 1.90777

17 2.06715

18 2.31172

19 2.60667

20 2.93369

21 3.26954

22 3.47975

23 3.92081

24 4.67462

25 4.82374

26 5.14779

27 5.36911

28 5.51265

29 6.45306

30 6.72279

31 6.94913

32 7.25887

33 7.47872

34 7.70591

35 7.98667

36 8.23902

37 8.48516

38 8.67445

39 8.7786

40 8.97151

41 9.19156

42 10.0006

43 10.2651

44 10.4194

45 10.7569

46 11.0671

47 12.0263

48 12.2274

49 12.9848

50 13.9356

51 14.724

52 14.8984

53 15.3396

54 15.7862

55 15.9076

56 16.0511

57 16.3735

58 16.5617

59 17.0172

60 17.3136

61 17.6318

62 18.3316

63 19.0835

64 19.2383

65 19.6135

66 19.9147

67 20.2155

68 20.7189

69 21.391

70 22.6849

71 23.4425

72 24.5216

73 24.9126

74 25.2588

75 25.5983

76 25.8265

77 26.0518

78 26.2074

79 26.6591

80 26.8929

81 27.2465

82 27.5312

83 27.9346

84 28.321

85 28.765

86 29.6483

87 31.7565

88 32.3217

89 33.0457

90 33.3446

91 33.5853

92 34.3102

93 34.9515

94 35.41

95 35.9442

96 36.4656

97 37.0917

98 37.7025

99 38.7302

100 39.8945

101 40.3751

102 40.9019

103 41.4429

104 41.9061

105 42.2718

106 42.9602

107 43.3608

108 43.9626

109 44.5692

110 45.2384

111 45.8396

112 46.3793

113 46.802

114 47.2387

115 49.2998

116 49.864

117 50.2974

118 52.1355

119 53.4264

120 54.7661

121 55.1588

122 55.7514

123 55.9955

124 56.5521

125 56.9643

126 57.3956

127 57.7877

128 58.1916

129 58.7776

