5 0.00680681

6 0.323619

7 0.494072

8 0.537833

9 0.818566

10 1.34031

11 1.6177

12 1.91734

13 2.26399

14 2.57161

15 2.902

16 3.32577

17 3.38028

18 3.45694

19 3.62354

20 3.71941

21 3.86824

22 5.77596

23 6.14015

24 6.92164

25 7.12667

26 8.05461

27 8.95457

28 9.28173

29 10.0111

30 10.4942

31 11.3344

32 12.0239

33 12.3299

34 12.5655

35 13.4311

36 14.2714

37 14.7415

38 16.2031

39 17.1562

40 17.6792

41 18.5231

42 19.0094

43 20.3013

44 21.5053

45 21.9497

46 23.2832

47 24.5438

48 25.4127

49 25.8888

