5 0.180171

6 0.2231

7 0.288592

8 0.390276

9 0.516472

10 0.916237

11 1.11654

12 1.19059

13 1.30393

14 1.64634

15 1.75967

16 2.17644

17 2.28941

18 2.48374

19 2.75163

20 3.03958

21 3.59913

22 4.02793

23 4.36879

24 4.65749

25 5.08451

26 5.36864

27 5.78119

28 6.16646

29 6.55357

30 7.66614

31 9.30462

32 10.5831

33 10.9368

34 11.3425

35 11.8587

36 12.3273

37 12.8268

38 14.5352

39 16.0992

40 16.6655

41 16.8696

42 17.2574

43 17.5991

44 18.9911

45 19.2871

46 21.5345

47 22.7417

48 23.0762

49 24.1309

50 25.3974

51 27.3956

52 27.8476

53 28.2957

54 28.7113

55 29.1706

56 29.6102

57 30.0774

58 30.4919

59 31.0406

60 31.4651

61 31.8103

62 33.3766

63 34.6105

64 35.7436

65 36.3939

66 37.1412

67 37.6126

68 37.8446

69 39.3774

70 41.0627

71 43.8848

72 44.4484

73 45.4474

74 46.0306

75 47.058

