5 0.0187232

6 0.0549948

7 0.0707332

8 0.0966239

9 0.120248

10 0.198754

11 0.277909

12 0.443208

13 0.515533

14 0.645003

15 0.732196

16 0.971338

17 1.28708

18 1.80764

19 2.47446

20 2.69597

21 3.00193

22 3.34928

23 3.54686

24 4.04174

25 4.42539

26 4.7514

27 5.01769

28 6.08759

29 7.07497

30 7.64389

31 7.89941

32 8.28064

33 9.18337

34 9.51266

35 10.3626

36 11.0949

37 11.5669

38 11.7591

39 12.2997

40 12.615

41 12.8396

42 13.1529

43 13.4013

44 13.6184

45 13.9001

46 14.2577

47 15.4659

48 16.1015

49 17.1607

50 17.9243

51 18.3919

52 18.9775

53 19.2559

54 19.5269

55 20.1922

56 20.4881

57 20.9488

58 21.2462

59 21.7937

60 22.1971

61 22.4382

62 24.4745

63 24.8543

