5 0.148356

6 0.194193

7 0.293858

8 0.784473

9 1.18609

10 1.32462

11 1.57122

12 1.73017

13 2.03215

14 2.32685

15 2.45641

16 2.52411

17 2.68891

18 3.00873

19 3.44817

20 3.91473

21 4.19975

22 4.7698

23 6.32143

24 6.6127

25 7.31661

26 7.61483

27 7.99259

28 8.11648

29 8.43959

30 8.63344

31 8.86484

32 10.4013

33 10.7195

34 13.0482

35 13.4706

36 15.4917

37 16.1203

38 16.7961

39 17.4055

40 18.0799

41 18.6669

42 19.2444

43 19.7305

44 20.3173

45 21.2648

46 21.7039

47 22.0256

48 22.4208

49 23.1856

50 23.8693

51 24.1876

