5 0.00388851

6 0.0840785

7 0.226367

8 0.499613

9 0.772803

10 0.901844

11 0.98052

12 1.17073

13 1.7501

14 2.01717

15 2.42455

16 2.65751

17 2.75287

18 2.81148

19 2.91803

20 3.07645

21 3.17313

22 3.67616

23 3.79028

24 4.10994

25 4.24757

26 4.29419

27 4.49925

28 4.82787

29 5.13977

30 5.40672

31 5.70173

32 6.06499

33 6.35497

34 6.60637

35 6.81056

36 7.35325

37 7.68034

38 10.8862

39 11.4681

40 15.3757

41 15.7081

42 19.9344

43 20.24

44 20.5837

45 21.9828

46 22.4476

47 23.1952

