5 0.0144234

6 0.0368346

7 0.418282

8 0.450311

9 0.503137

10 0.909249

11 1.06624

12 1.68539

13 1.74063

14 1.86674

15 3.09783

16 3.23916

17 3.45714

18 3.83798

19 3.93529

20 4.29284

21 4.75392

22 5.95043

23 6.33668

24 6.57551

25 6.7298

26 9.27606

27 9.5537

28 10.3877

29 10.7285

30 11.1017

31 13.7697

32 14.0825

33 16.7824

34 17.6423

35 18.9682

36 19.3332

37 19.9763

38 20.0653

39 20.2689

40 20.9057

41 20.9461

42 21.2326

43 22.6493

44 22.9097

45 23.7308

46 24.3896

47 24.6119

48 24.8724

49 25.2035

50 25.647

51 26.5256

52 27.2641

53 27.7438

54 28.1958

55 31.435

56 31.8197

57 32.4064

58 33.0704

59 35.0368

60 35.6533

61 36.1192

62 37.6652

63 38.267

64 40.1212

65 40.4451

