5 0.0437101

6 0.40334

7 0.414889

8 0.642152

9 0.706705

10 1.46986

11 1.66592

12 3.19221

13 3.40617

14 3.6391

15 3.95986

16 4.02898

17 4.25519

18 4.5417

19 4.63031

20 4.99591

21 5.56469

22 5.63356

23 5.70205

24 6.55694

25 7.29135

26 7.43047

27 8.55748

28 8.71965

29 9.17642

30 9.75449

31 10.3485

32 10.5868

33 11.7485

34 13.4306

35 13.6244

36 13.8404

37 14.0414

38 14.9059

39 15.2765

40 18.1595

41 18.5913

42 20.2647

43 21.4052

44 23.1916

45 23.7274

46 24.7703

47 27.3804

48 28.0035

49 28.7124

50 32.2454

51 32.7162

52 33.3856

53 33.7736

54 34.5453

55 37.5009

56 37.8194

57 38.3327

58 48.564

59 51.611

