5 0.00978943

6 0.03156

7 0.0773995

8 0.181198

9 0.316316

10 0.396455

11 0.530782

12 0.758679

13 0.919489

14 1.54593

15 1.75882

16 3.09103

17 3.3153

18 3.81036

19 3.89169

20 4.26959

21 4.70269

22 6.14608

23 6.43084

24 6.66686

25 7.3896

26 8.01918

27 8.41836

28 9.23427

29 9.49275

30 9.80464

31 12.6626

32 13.0415

33 15.0863

34 15.9713

35 16.5857

36 17.2047

37 17.5457

38 18.0005

39 18.0993

40 18.2756

41 18.3956

42 18.5171

43 18.5354

44 18.7036

45 19.7013

46 20.2364

47 20.681

48 20.9022

49 21.7478

50 22.4965

51 23.1125

52 23.8463

53 24.2353

54 27.0798

55 27.3735

56 27.8518

57 28.2274

58 28.6929

59 28.9673

60 30.8048

61 31.3385

62 31.7225

63 32.2449

64 32.9554

65 33.6983

