5 0.0130124

6 0.0233189

7 0.034735

8 0.0410384

9 0.0668987

10 0.192492

11 0.367667

12 0.501299

13 0.71003

14 0.880399

15 1.02173

16 1.19018

17 1.4357

18 1.64964

19 1.93983

20 2.19121

21 2.41276

22 2.69893

23 2.74096

24 3.10723

25 4.06339

26 4.23736

27 4.49869

28 4.7767

29 5.24474

30 5.43538

31 6.1713

32 6.68876

33 7.16831

34 7.37335

35 7.76896

36 10.2704

37 10.4993

38 12.9391

39 13.9659

40 14.3407

41 15.375

42 16.2735

43 17.3075

44 18.0007

45 18.3544

46 18.5162

