5 0.00674257

6 0.010616

7 0.0163566

8 0.0286168

9 0.0345832

10 0.0805923

11 0.226661

12 0.738379

13 0.845234

14 1.1729

15 1.41224

16 1.53679

17 1.72629

18 2.03159

19 2.09942

20 2.1868

21 2.21782

22 2.57985

23 2.96149

24 3.12101

25 3.54542

26 3.84265

27 4.09566

28 4.30177

29 4.88725

30 5.46377

31 5.85908

32 6.19417

33 6.34166

34 6.65908

35 9.8681

36 10.0053

37 10.216

38 10.445

39 10.8377

40 11.1378

41 11.9287

42 12.1101

43 13.9729

44 14.2069

45 14.5036

46 16.259

47 17.0637

48 18.3967

49 19.3112

50 20.7979

51 21.0186

52 21.4514

53 22.334

54 22.8811

55 23.9136

56 24.329

57 25.5241

58 26.749

59 27.8069

60 28.9646

61 29.8972

62 30.783

63 31.7825

64 33.8789

65 35.0444

66 36.4398

67 37.3363

68 40.6925

69 41.3664

70 41.8566

71 42.3368

72 42.8081

73 43.3276

74 45.3243

75 46.3722

76 48.2455

