5 0.0643114

6 0.0987325

7 0.197668

8 0.328978

9 0.516306

10 0.659107

11 0.993744

12 1.71456

13 1.91928

14 2.30723

15 2.51678

16 2.66628

17 2.77267

18 3.12497

19 3.54641

20 3.77928

21 4.15836

22 4.65925

23 5.05725

24 5.50555

25 6.07374

26 6.63519

27 7.02944

28 8.12586

29 8.39601

30 8.65263

31 9.07973

32 9.68198

33 10.8242

34 11.3746

35 11.6437

36 13.1137

37 14.1576

38 15.087

39 17.0519

40 17.2546

41 17.3547

42 17.4532

43 17.5382

44 17.6041

45 18.6458

46 19.9015

47 21.2506

48 21.4018

49 22.0693

50 22.617

51 23.3195

52 23.7763

53 23.9274

54 24.2687

55 24.4721

56 25.1142

57 26.0512

58 26.7901

59 27.3945

60 27.7212

61 28.5772

62 29.6975

63 30.962

64 31.1904

