5 0.069181

6 0.10106

7 0.192862

8 0.254222

9 0.283215

10 0.309554

11 0.400712

12 0.570685

13 0.678361

14 0.698036

15 1.12659

16 1.30508

17 1.61789

18 1.86553

19 2.00625

20 2.40123

21 2.95455

22 3.02331

23 3.40649

24 3.75661

25 3.85565

26 4.11462

27 5.8187

28 6.08105

29 6.25979

30 6.52004

31 8.29887

32 8.93267

33 10.2788

34 12.0004

35 12.5413

36 13.2668

37 13.6104

38 13.8462

39 16.5191

40 17.7948

41 18.7886

42 19.4888

43 19.8567

44 20.8145

45 23.2183

46 23.7978

47 25.6443

48 26.1084

49 27.1298

50 28.4199

51 28.8519

52 29.6071

53 30.8704

54 33.1619

55 34.2251

