5 0.0712174

6 0.220519

7 0.277032

8 0.681104

9 1.26283

10 1.36168

11 1.5683

12 2.12934

13 2.25178

14 2.7464

15 3.83072

16 4.20823

17 4.57076

18 5.4796

19 5.68729

20 7.42284

21 8.41766

22 8.94101

23 9.00095

24 9.18525

25 9.59999

26 9.86585

27 10.1921

28 11.4807

29 11.6394

30 12.2614

31 13.8057

32 14.0049

33 14.4101

34 14.7154

35 15.1939

36 17.0141

37 17.1577

38 17.4911

39 17.8219

40 18.1647

41 20.5254

42 21.5362

43 22.2796

44 22.419

45 22.7929

46 24.9674

47 25.3348

48 26.42

49 27.2085

50 27.8202

51 29.5592

52 29.6444

53 29.8862

54 30.2071

55 30.2426

