5 0.0665763

6 0.194782

7 0.254902

8 0.590223

9 1.16368

10 1.25023

11 1.42673

12 1.96714

13 2.04222

14 2.45486

15 2.74638

16 3.62243

17 3.9658

18 4.30641

19 5.11451

20 5.33993

21 6.951

22 8.03488

23 8.67374

24 8.71966

25 8.94441

26 9.0438

27 9.47138

28 9.6955

29 10.0243

30 11.4566

31 11.6262

32 12.324

33 13.8404

34 14.2164

35 14.5188

36 14.9917

37 15.1588

38 17.3431

39 17.5991

40 18.1499

41 21.1593

42 22.1177

43 22.371

44 24.8398

45 25.1965

46 26.0364

47 27.5643

48 28.575

49 29.6004

50 29.7841

