5 0.0322574

6 0.0775833

7 0.243578

8 0.45809

9 0.520021

10 1.05958

11 1.10128

12 1.40834

13 1.66069

14 1.74605

15 1.91631

16 2.39542

17 2.8316

18 3.06145

19 3.27266

20 3.53618

21 3.9081

22 4.46192

23 5.12921

24 5.79646

25 6.52176

26 7.68921

27 7.95878

28 9.10103

29 9.51763

30 10.2181

31 10.7307

32 10.9694

33 11.0582

34 11.567

35 12.9979

36 13.329

37 13.5708

38 14.0118

39 14.3708

40 15.4317

41 17.5898

42 18.7752

43 19.8996

44 20.754

45 21.248

46 21.4043

47 21.6819

48 22.0216

49 22.2925

50 22.8273

51 23.228

52 24.7582

53 26.3822

54 27.6519

55 27.903

56 28.5438

57 28.9481

58 29.5516

59 30.1457

60 30.8343

61 31.3598

