5 0.099819

6 0.107002

7 0.258727

8 0.407938

9 0.609218

10 0.809123

11 1.03416

12 1.38321

13 1.63121

14 1.7264

15 1.88097

16 2.12555

17 2.40387

18 2.78886

19 3.15494

20 3.234

21 3.29781

22 3.31972

23 3.33434

24 3.36944

25 3.52259

26 3.73621

27 3.85161

28 4.12522

29 4.46553

30 4.65908

31 4.75144

32 4.80807

33 4.95453

34 5.27968

35 5.75642

36 6.18532

37 6.37622

38 7.13434

39 7.56487

40 8.03414

41 8.16088

42 8.28519

43 8.47259

44 8.87473

45 9.34563

46 9.80445

47 10.2288

48 10.5104

49 11.0264

50 11.5901

51 12.1964

52 12.7328

53 12.8726

