5 0.0574715

6 0.078093

7 0.0961275

8 0.101062

9 0.103978

10 0.172688

11 0.263583

12 0.528494

13 0.774849

14 0.905936

15 1.01143

16 1.76166

17 2.39679

18 2.69813

19 2.91886

20 3.05321

21 3.17706

22 3.89891

23 4.26144

24 4.6893

25 5.02751

26 5.22409

27 5.64023

28 5.76489

29 6.24419

30 6.46263

31 6.85963

32 7.27679

33 7.87959

34 10.0749

35 10.3242

36 10.9983

37 11.6892

38 11.9169

39 12.4974

40 12.9419

41 13.2134

42 14.1627

43 15.065

44 15.5499

45 16.0973

46 17.8029

47 18.4364

48 20.7522

49 21.1365

50 21.8542

51 22.2034

