5 0.107896

6 0.138485

7 0.153723

8 0.168218

9 0.180404

10 0.20085

11 0.367655

12 0.480179

13 0.61237

14 0.864819

15 1.11123

16 1.20323

17 1.27079

18 1.36005

19 1.38848

20 1.59029

21 1.71918

22 1.81129

23 2.50362

24 3.22142

25 3.68049

26 3.91786

27 4.12438

28 4.2549

29 4.78892

30 4.9928

31 5.33163

32 5.58595

33 5.87765

34 6.03625

35 6.28228

36 6.4406

37 6.72461

38 7.40033

39 7.85461

40 8.28931

41 8.51016

42 8.76157

43 9.33873

44 9.65656

45 10.1924

46 10.4749

47 11.2109

48 11.8761

49 12.4195

50 12.8438

51 14.093

52 14.792

53 15.4148

54 15.9135

55 16.7053

56 16.9371

57 17.1442

58 17.4565

59 17.6511

60 17.9935

61 19.0311

62 20.0286

63 22.2375

64 22.9437

65 23.4993

66 24.0599

67 24.8156

68 25.4066

69 26.0794

70 28.1783

71 28.7909

72 29.4278

73 30.4655

74 30.9759

75 31.4469

76 31.9157

77 32.2905

78 32.8136

