5 0.0236214

6 0.0343853

7 0.0396027

8 0.0502551

9 0.100881

10 0.20493

11 0.236593

12 0.554447

13 1.0284

14 1.28433

15 1.44755

16 1.57407

17 1.61016

18 1.93738

19 2.1179

20 2.9094

21 3.9873

22 4.53667

23 5.01662

24 5.22193

25 5.50184

26 6.00205

27 6.56747

28 7.12149

29 7.45634

30 7.65165

31 8.44925

32 9.22297

33 9.79865

34 10.2571

35 10.3663

36 12.1003

37 13.0693

38 13.6486

39 13.7771

40 14.0375

41 14.42

42 15.9608

43 16.5414

44 16.8135

45 16.9458

46 17.3258

47 19.1579

48 19.4915

49 20.2546

50 20.9946

51 21.8325

52 22.4253

53 22.635

54 22.7333

55 22.9358

56 28.931

57 29.4817

58 29.8407

59 30.2317

60 30.6469

