5 0.110215

6 0.213798

7 0.396592

8 0.544804

9 0.721566

10 0.822655

11 0.987645

12 1.10207

13 1.25925

14 1.53847

15 2.30129

16 2.43679

17 2.86123

18 3.16643

19 3.40897

20 3.54219

21 3.70247

22 4.02822

23 4.60393

24 5.14263

25 5.59915

26 5.80952

27 6.06676

28 6.20047

29 6.48988

30 6.70895

31 7.23825

32 7.89745

33 8.47596

34 8.96272

35 9.63881

36 9.89486

37 10.4927

38 11.1537

39 11.7275

40 12.111

41 12.433

42 12.5613

43 12.8641

44 13.3928

45 14.1493

46 14.7827

47 15.7306

48 16.3602

49 16.8211

50 17.0916

51 18.0404

52 19.5844

53 21.329

