5 0.0370198

6 0.135931

7 0.210736

8 0.254987

9 0.304428

10 0.852423

11 1.84961

12 1.90704

13 2.10542

14 2.22026

15 2.35453

16 2.71426

17 2.76371

18 3.11537

19 4.23631

20 4.65244

21 4.90901

22 5.30523

23 5.50549

24 6.3474

25 6.48596

26 7.4059

27 9.93661

28 10.4264

29 11.4576

30 11.6807

31 12.2302

32 12.6436

33 12.9492

34 13.1355

35 13.9876

36 14.4698

37 15.0072

38 15.4889

39 15.9866

40 18.8592

41 19.6426

42 20.5886

43 22.3663

44 23.0865

45 23.7944

46 23.9001

47 24.2537

48 25.0793

49 25.4588

