5 0.147989

6 1.13364

7 1.50857

8 1.90041

9 2.25667

10 2.46454

11 2.75309

12 2.97437

13 3.22984

14 3.36684

15 3.88731

16 4.2985

17 4.58781

18 5.10577

19 5.26976

20 5.54939

21 6.03314

22 6.73907

23 7.12068

24 7.94232

25 8.23943

26 8.62693

27 8.89609

28 9.12879

29 9.43736

30 9.94313

31 10.273

32 10.7103

33 11.0398

34 11.3141

35 11.6671

36 11.9486

37 12.3222

38 12.6848

39 13.1398

40 13.5401

41 14.0415

42 14.3204

43 15.0002

44 15.4804

45 15.6291

46 15.91

47 16.4302

48 16.7087

49 17.0281

50 17.226

51 17.4666

52 17.9045

53 18.7738

54 19.1918

55 19.58

56 19.9842

57 20.4484

58 20.6494

59 20.9444

60 21.5459

61 22.4336

62 22.897

63 23.2685

64 23.7319

65 24.16

66 24.5703

