5 0.0885996

6 0.169776

7 0.567274

8 0.608817

9 0.853655

10 1.10869

11 1.52607

12 1.92536

13 2.21556

14 3.19158

15 3.33958

16 3.57752

17 3.92107

18 4.05983

19 4.52099

20 5.06939

21 5.21778

22 5.69063

23 6.7602

24 6.97834

25 7.34568

26 7.7788

27 7.92505

28 8.61129

29 9.03696

30 9.40832

31 9.57029

32 9.9533

33 11.2465

34 11.5072

35 12.3979

36 12.542

37 13.7233

38 13.9291

39 14.7177

40 16.0529

41 16.258

42 16.6238

43 17.1112

44 17.3867

45 18.0115

46 18.6701

47 18.7848

48 19.4231

49 20.7839

50 21.0418

51 21.5135

52 22.1562

53 22.3566

54 23.0071

55 23.9584

56 24.0947

57 24.7223

58 26.1255

59 26.3231

60 26.8019

61 27.4009

62 27.5689

63 28.0874

64 28.962

65 29.0894

66 29.7452

67 31.235

68 31.6064

69 31.9447

70 32.5553

71 32.7188

72 33.5578

73 34.3849

74 34.5591

75 35.0783

76 37.2266

77 37.3612

78 37.6759

79 38.5482

80 38.7346

81 39.5978

82 40.3587

83 40.9773

84 42.6101

85 42.7904

