5 0.000792829

6 0.0131668

7 0.0529345

8 0.0819709

9 0.251012

10 0.418317

11 0.552668

12 0.73866

13 0.876956

14 0.943109

15 1.13614

16 1.23217

17 1.42846

18 1.68691

19 1.94059

20 2.01517

21 2.44571

22 2.92078

23 3.20812

24 3.50445

25 3.75432

26 4.31288

27 4.95145

28 5.16538

29 5.4889

30 5.85635

31 6.10327

32 7.43248

33 7.79836

34 8.44701

35 9.12393

36 9.57908

37 10.753

38 11.063

39 11.3757

40 14.2943

41 15.2012

42 15.6281

43 16.7155

44 17.8964

45 18.8744

46 20.8654

