5 0.0965575

6 0.325981

7 0.332311

8 0.554652

9 0.785011

10 1.16414

11 1.32538

12 1.41077

13 1.60713

14 1.63054

15 1.76739

16 1.94083

17 1.96066

18 2.02281

19 2.08066

20 2.11548

21 2.42717

22 2.66495

23 2.92648

24 3.30404

25 3.89836

26 4.10856

27 4.61746

28 5.67546

29 5.88884

30 6.24854

31 7.17094

32 7.37386

33 8.2319

34 8.53624

35 9.33876

36 9.59346

37 10.1917

38 10.5858

39 11.2991

40 11.8197

41 13.148

42 13.2736

43 13.6992

44 14.4859

45 14.7111

46 15.6753

47 15.8761

48 16.396

49 16.9565

50 20.0634

51 20.365

52 20.8381

53 24.2048

54 24.5859

55 25.7532

56 29.0578

57 29.3766

58 31.3957

59 33.8666

60 34.3407

