5 0.279756

6 0.333452

7 0.390943

8 0.439472

9 0.499821

10 0.55488

11 0.646057

12 1.97934

13 2.46822

14 3.11888

15 3.25085

16 3.38107

17 3.47486

18 3.71461

19 5.62539

20 5.9265

21 7.13814

22 7.44014

23 8.55194

24 8.93415

25 10.1453

26 10.5056

27 10.7604

28 11.0893

29 11.393

30 11.6542

31 11.8064

32 12.0996

33 12.406

34 12.7623

35 14.4018

36 14.9733

37 15.3708

38 15.8796

39 16.2999

40 16.7905

41 17.0404

42 17.5636

43 18.1095

44 19.3265

45 19.8257

46 20.5994

47 20.9209

48 22.5256

49 23.3669

50 25.2601

