5 0.0881786

6 0.0982931

7 0.172497

8 0.229831

9 0.436194

10 0.687431

11 0.770887

12 1.14444

13 1.39917

14 1.76154

15 2.64274

16 2.99381

17 3.27165

18 3.45844

19 3.60311

20 3.81449

21 4.07936

22 4.23953

23 4.47254

24 4.7484

25 5.29149

26 5.76354

27 6.06032

28 6.69332

29 7.03002

30 7.30131

31 7.67474

32 8.60604

33 9.37014

34 10.2059

35 11.0652

36 11.6827

37 12.7589

38 13.1696

39 15.8773

40 15.9726

41 16.2382

42 16.6096

43 16.6945

44 16.8788

45 17.2481

46 17.7058

47 18.7128

48 19.2208

49 19.9671

50 22.3736

51 22.898

52 23.465

53 23.7817

54 24.3217

55 25.0587

56 25.5982

57 26.7221

58 27.9225

59 28.8283

60 30.1358

61 31.4638

62 31.8886

