5 0.0163772

6 0.037915

7 0.117311

8 0.797744

9 1.12378

10 1.26861

11 1.9048

12 2.23167

13 2.60212

14 3.36347

15 3.75169

16 4.69915

17 4.95718

18 5.61196

19 5.97019

20 6.14572

21 6.27498

22 7.01715

23 7.85168

24 8.23727

25 9.48388

26 9.74112

27 9.95958

28 10.0601

29 11.1177

30 11.2855

31 11.9828

32 13.6109

33 14.0437

34 14.756

35 14.8811

36 15.1639

37 16.4307

38 17.2123

39 17.4484

40 18.1026

41 19.1535

42 19.6517

43 21.1843

44 21.6094

45 22.059

46 22.2658

47 23.271

48 24.2224

49 27.1961

50 28.1217

51 28.4172

52 30.7344

53 31.9414

54 32.5088

55 34.1188

56 36.2371

57 36.577

