5 0.0211229

6 0.0543899

7 0.262455

8 0.425426

9 0.619218

10 0.816948

11 1.39705

12 2.05395

13 2.24636

14 2.30847

15 2.37026

16 2.54696

17 2.61987

18 2.78849

19 3.17715

20 3.84069

21 4.17087

22 5.23796

23 5.52267

24 6.7852

25 6.93656

26 7.27959

27 7.66811

28 7.8853

29 8.19056

30 8.38886

31 8.50841

32 9.00003

33 9.44793

34 9.652

35 9.81424

36 9.92377

37 10.0938

38 10.2365

39 10.327

40 10.434

41 11.1706

42 11.4054

43 11.9139

44 12.2727

45 12.609

46 13.3534

47 14.2426

48 14.6929

49 14.8957

50 15.0979

51 16.2129

52 16.6509

53 17.8352

