5 0.015227

6 0.0594815

7 0.101286

8 0.192814

9 0.343046

10 0.378748

11 0.410968

12 0.535275

13 0.780903

14 0.989587

15 1.24504

16 1.37674

17 1.4686

18 1.76482

19 2.07309

20 2.9626

21 3.26021

22 4.18631

23 4.62339

24 5.17256

25 5.64587

26 5.90751

27 6.85877

28 7.05089

29 7.22079

30 7.80534

31 8.52449

32 9.60317

33 10.1172

34 11.082

35 11.4722

36 11.9875

37 12.9479

38 13.6756

39 14.3247

40 14.8904

41 15.0765

42 15.3882

43 15.7371

44 15.9782

45 16.1888

46 16.3095

47 16.5116

48 16.8068

49 17.2787

50 17.5224

51 17.8506

52 18.0726

53 18.542

54 19.3776

55 19.6137

56 20.0253

57 20.3136

58 20.649

59 20.9438

60 21.3028

61 21.5947

62 22.0268

63 22.6164

64 22.9479

65 23.5932

66 24.3843

67 25.0029

68 25.4136

69 26.6909

70 26.9436

71 27.1582

72 27.7088

73 28.4387

74 29.7316

75 30.1568

76 30.9516

77 32.0401

78 32.9822

79 33.8543

80 34.7622

81 35.4593

