5 0.0419253

6 0.131306

7 0.302918

8 0.602065

9 0.935313

10 1.05001

11 1.22891

12 1.33836

13 1.47454

14 1.57475

15 1.7308

16 2.0092

17 2.14505

18 2.28182

19 2.50615

20 2.93125

21 4.49068

22 4.6994

23 4.824

24 4.93866

25 5.07503

26 5.46959

27 5.96581

28 6.48332

29 6.951

30 7.36946

31 7.772

32 8.66556

33 8.90244

34 9.02283

35 9.12352

36 9.32958

37 9.63802

38 9.85423

39 11.4247

40 12.1886

41 13.8624

42 14.6078

43 16.922

44 17.9033

45 18.9793

46 20.0551

47 21.0655

48 21.8613

49 22.9906

50 23.6669

51 24.4567

52 24.8123

53 25.5162

54 26.2748

55 27.1249

56 27.5219

57 29.1597

58 30.0172

59 30.5424

60 31.3169

