5 0.16137

6 0.2432

7 0.39552

8 0.521959

9 0.71627

10 0.779311

11 1.03567

12 2.4557

13 2.64548

14 4.14701

15 5.15547

16 6.34636

17 6.51161

18 7.82495

19 8.61817

20 8.79895

21 9.56722

22 9.6423

23 9.78373

24 10.1779

25 10.3411

26 10.6424

27 11.0254

28 11.1147

29 11.4009

30 11.9416

31 12.0754

32 12.4103

33 13.0521

34 13.974

35 14.1569

36 15.7533

37 15.9311

38 18.455

39 19.5324

40 19.7055

41 20.185

42 21.2371

43 21.5066

44 22.2286

45 23.7773

46 24.0534

47 25.2858

48 25.7956

49 26.2437

50 26.7316

51 28.0232

