5 0.0215698

6 0.054735

7 0.474574

8 0.484187

9 0.6775

10 0.856591

11 0.934139

12 1.59105

13 1.63718

14 1.89776

15 3.20049

16 3.43971

17 3.64798

18 4.2321

19 4.36677

20 5.51668

21 5.78228

22 6.01677

23 7.40685

24 8.31919

25 8.58547

26 8.8448

27 11.7242

28 12.0148

29 12.5995

30 13.0259

31 14.959

32 15.7475

33 17.0405

34 17.4232

35 17.9329

36 18.0758

37 18.1817

38 18.2966

39 18.4221

40 18.9877

41 19.1544

42 19.5252

43 19.7286

44 19.8412

45 20.6989

46 21.0038

47 21.8212

48 21.961

49 22.3692

50 23.1874

51 24.372

52 24.6473

53 25.0841

54 26.4484

55 27.2581

56 27.5849

57 27.892

58 30.3166

59 30.8309

60 31.7939

61 32.9415

62 34.0131

63 35.9389

