5 0.0133619

6 0.0468802

7 0.0611061

8 0.135304

9 0.585544

10 0.955565

11 1.41883

12 1.5501

13 1.91561

14 2.18885

15 2.51805

16 2.85618

17 3.40449

18 4.45182

19 4.89079

20 5.08051

21 5.35148

22 5.76277

23 6.07993

24 6.71755

25 6.96833

26 7.7732

27 7.92876

28 8.18846

29 8.69327

30 9.18434

31 9.75758

32 10.5416

33 11.608

34 13.086

35 13.6436

36 14.2165

37 14.8743

38 15.4156

39 15.721

40 19.2119

41 19.8201

42 20.6676

43 21.4564

44 22.107

45 22.624

46 23.0172

47 23.7373

48 24.4129

49 25.0884

50 25.6289

51 25.8654

52 26.1845

53 26.7491

54 27.3801

55 28.1374

56 29.043

57 29.8654

