5 0.093734

6 0.122668

7 0.263939

8 0.316113

9 0.508742

10 0.703895

11 1.85706

12 1.93201

13 2.20418

14 3.46018

15 4.20622

16 5.26661

17 5.35063

18 5.78999

19 7.31333

20 7.39116

21 7.67616

22 7.88139

23 8.03347

24 9.73144

25 9.8691

26 10.796

27 12.1974

28 12.278

29 12.4794

30 12.5519

31 12.6963

32 15.3579

33 15.6142

34 16.4894

35 16.7051

36 17.0299

37 17.4712

38 19.2975

39 19.6711

40 21.4787

41 24.6121

42 24.939

43 25.442

44 31.0001

45 32.8842

46 35.244

47 37.0448

48 37.3571

49 39.6242

50 40.0427

51 40.8409

52 41.5393

53 45.5618

54 46.3207

55 47.7852

56 54.5714

57 54.8873

58 55.4231

59 56.4337

