5 0.0389718

6 0.0768843

7 0.306618

8 0.523668

9 0.587749

10 0.696491

11 1.03862

12 1.3284

13 1.47032

14 1.61164

15 1.6474

16 1.88659

17 2.09257

18 2.26708

19 2.52364

20 2.781

21 2.93133

22 3.11319

23 3.49002

24 3.53567

25 3.7583

26 3.92576

27 4.11799

28 4.34396

29 5.5067

30 5.76895

31 7.88822

32 8.48246

33 8.5671

34 9.04515

35 10.0752

36 10.609

37 12.3093

38 13.1922

39 14.7333

40 15.5218

41 16.5459

42 17.7779

43 18.944

44 19.5583

45 19.9436

46 20.5142

47 21.0284

48 21.5002

