5 0.0363038

6 0.15735

7 0.301852

8 0.325723

9 0.516515

10 0.710421

11 0.766146

12 1.14344

13 1.39491

14 1.68553

15 1.86201

16 2.08996

17 2.70277

18 2.947

19 3.12123

20 3.27594

21 3.37014

22 3.53702

23 5.70121

24 5.84972

25 7.3599

26 7.59291

27 7.80607

28 8.23201

29 8.54648

30 9.07857

31 9.73764

32 10.7718

33 11.6696

34 12.1602

35 12.9782

36 13.3125

37 13.4513

38 14.8136

39 15.196

40 15.8962

41 16.8053

42 17.5335

43 17.8525

44 18.2526

45 18.838

46 19.6004

47 20.8096

48 21.5124

