5 0.106499

6 0.205571

7 1.00744

8 1.12522

9 1.63507

10 1.91744

11 2.08082

12 2.57644

13 3.17478

14 3.34689

15 4.14974

16 4.32051

17 5.17478

18 5.38792

19 6.45337

20 6.8062

21 6.88426

22 6.97748

23 7.18898

24 7.38162

25 7.8927

26 8.53767

27 8.85092

28 8.96204

29 10.2084

30 10.3913

31 10.5866

32 11.8523

33 11.9082

34 12.1778

35 12.5005

36 12.9291

37 13.3805

38 13.7518

39 14.9502

40 15.1127

41 15.5879

42 15.9379

43 16.1655

44 17.0253

45 17.902

46 18.5038

47 19.3006

48 19.5745

49 20.4056

50 22.1369

51 22.9877

52 23.4292

53 25.4514

54 25.7266

