5 0.0296623

6 0.0565677

7 0.180726

8 0.452539

9 0.658828

10 0.707461

11 0.83795

12 0.948499

13 1.16251

14 1.27045

15 1.54734

16 1.81558

17 2.06585

18 2.24564

19 2.37762

20 2.85269

21 3.16717

22 3.47864

23 3.95577

24 4.4512

25 5.11565

26 6.06434

27 7.59681

28 7.87084

29 8.42955

30 9.02432

31 9.79028

32 10.0486

33 10.2936

34 11.7277

35 12.8278

36 13.0768

37 18.005

38 18.3549

39 22.8592

40 24.9272

41 27.0899

42 28.7372

43 29.138

44 30.0233

45 31.0562

46 36.8688

47 41.3395

