5 0.00975079

6 0.0360451

7 0.344487

8 0.386911

9 0.572243

10 0.782275

11 1.47966

12 1.59842

13 2.85049

14 2.95793

15 3.38095

16 3.45769

17 3.79579

18 3.97321

19 4.27606

20 5.63179

21 5.89856

22 7.46672

23 8.27298

24 8.48492

25 8.74331

26 11.8598

27 12.1981

28 14.7091

29 15.6513

30 16.5036

31 17.6762

32 18.0343

33 18.6135

34 18.6937

35 18.8891

36 19.1626

37 19.1904

38 19.416

39 20.3453

40 20.901

41 21.4217

42 21.697

43 21.9567

44 22.2963

45 22.7386

46 24.5313

47 24.7454

48 25.0652

49 27.8526

50 28.4988

51 28.8561

52 29.2918

53 30.1581

54 31.6122

55 32.2106

56 32.9257

57 33.4225

58 35.0052

59 35.5613

