5 0.0751295

6 0.0929141

7 0.10389

8 0.15032

9 0.237131

10 0.607591

11 1.23109

12 1.54006

13 1.84796

14 2.02962

15 2.14101

16 2.99192

17 3.11372

18 3.66311

19 4.16945

20 4.35719

21 5.50124

22 5.73333

23 6.37134

24 7.21581

25 7.91388

26 8.5282

27 9.0686

28 9.69015

29 9.7799

30 9.88194

31 9.9992

32 10.121

33 10.295

34 10.4037

35 10.8244

36 12.1324

37 12.4385

38 14.8001

39 14.9101

40 15.2171

41 16.055

42 17.344

43 18.1536

44 18.7589

45 19.2919

46 20.1707

47 20.8098

48 21.1006

49 21.6861

50 22.1841

51 22.5337

52 23.0604

53 23.5964

54 24.1787

55 24.4888

56 25.4547

57 27.1264

58 27.807

59 28.49

60 29.4027

61 30.1388

62 31.0953

63 31.71

64 32.1349

65 32.6809

66 33.2434

67 34.4096

68 35.2065

69 37.1463

70 37.8244

71 38.2447

