5 0.13409

6 0.174271

7 0.214301

8 0.266829

9 0.559737

10 0.67306

11 1.69654

12 1.81968

13 1.92306

14 2.20275

15 3.95863

16 4.09769

17 5.65387

18 7.00757

19 7.34133

20 7.60889

21 8.50615

22 8.71254

23 9.35084

24 11.0896

25 11.7673

26 14.2801

27 14.4599

28 15.6799

29 17.1162

30 19.1218

31 19.2301

32 19.6462

33 19.7441

34 19.9668

35 20.1457

36 20.246

37 20.3295

38 20.558

39 20.9602

40 21.5244

41 21.6224

42 22.1993

43 22.4357

44 22.7894

45 23.4811

46 23.6529

47 24.3421

48 24.5487

49 25.1882

50 27.1519

51 27.3891

52 28.1644

53 28.3764

54 29.4963

55 29.7874

56 30.8005

57 31.7777

58 32.2372

59 34.1719

60 35.7104

