5 0.215445

6 0.324345

7 0.488815

8 0.59846

9 0.613214

10 0.642378

11 0.707106

12 0.824775

13 1.18533

14 1.34204

15 2.18747

16 2.34533

17 2.45536

18 2.90917

19 3.88668

20 4.33194

21 5.0003

22 5.36338

23 5.76734

24 7.32594

25 7.77729

26 8.20407

27 8.70989

28 9.20983

29 10.663

30 11.0109

31 11.7179

32 12.5757

33 12.8294

34 13.1385

35 13.2633

36 13.4855

37 13.8847

38 14.6355

39 15.3563

40 16.0112

41 17.0417

42 18.1054

43 18.4968

44 18.8192

45 18.9588

46 20.0035

47 20.6889

48 22.1142

49 22.9381

50 23.7321

51 24.2177

52 24.8859

53 25.3324

54 25.7063

55 26.1395

56 26.6176

57 27.0879

58 27.3955

59 27.9237

60 28.9634

61 29.3637

62 29.7016

63 30.1687

64 30.5664

65 31.0542

66 31.6777

67 32.3466

68 33.3029

69 33.8433

70 34.5148

71 35.6118

72 36.8408

73 37.6403

74 39.1641

75 40.4811

76 41.1497

77 43.4697

78 45.1399

79 46.9753

80 47.3853

