5 0.0822442

6 0.60762

7 0.68585

8 1.20279

9 1.33484

10 1.68502

11 1.86417

12 2.07189

13 2.7442

14 3.7697

15 4.01635

16 4.39309

17 4.43932

18 4.769

19 4.85081

20 6.45795

21 6.57801

22 7.68659

23 7.94623

24 9.46309

25 9.66767

26 11.0486

27 11.1906

28 11.5164

29 11.8524

30 13.6936

31 14.494

32 14.7537

33 14.967

34 15.1896

35 15.5074

36 15.7819

37 16.0267

38 16.3937

39 16.5479

40 17.3478

41 17.5245

42 18.4528

43 18.659

44 19.7848

45 20.0308

46 20.4948

47 22.6964

48 22.9759

49 23.3415

50 24.4612

51 24.6761

52 25.2743

53 25.577

54 26.5273

55 27.8688

56 28.227

57 29.2007

58 30.0793

59 30.5742

60 31.1379

61 31.9536

62 34.085

63 35.0698

64 35.5914

65 35.9779

66 38.1589

67 38.4744

