5 0.0193306

6 0.0213627

7 0.0257351

8 0.0509367

9 0.0744066

10 0.320579

11 0.528795

12 0.750715

13 0.982349

14 1.20234

15 1.51776

16 1.58109

17 1.68668

18 2.34445

19 2.47271

20 3.52384

21 3.65935

22 3.79695

23 4.00009

24 4.79989

25 5.28608

26 5.52344

27 5.77713

28 6.06026

29 6.51153

30 6.93466

31 7.46554

32 8.16886

33 8.78534

34 9.5772

35 10.123

36 10.6391

37 11.8271

38 12.1328

39 13.1085

40 14.03

41 14.4378

42 14.9317

43 15.3556

44 16.1722

45 20.5284

46 22.1986

47 22.7725

48 23.7771

49 24.8368

50 25.8511

51 26.8744

52 27.8345

53 28.7838

54 29.3226

