5 0.233

6 0.28122

7 0.365212

8 0.451755

9 0.669846

10 0.811288

11 0.993505

12 1.24671

13 1.83875

14 2.03459

15 2.23629

16 2.4431

17 2.557

18 2.68764

19 3.08044

20 3.33052

21 3.58555

22 3.84467

23 4.31669

24 4.62427

25 4.96102

26 5.29402

27 5.53516

28 5.70009

29 5.91623

30 6.35036

31 7.31173

32 8.11096

33 8.72357

34 9.06612

35 9.2853

36 9.37931

37 9.59167

38 10.5188

39 10.8978

40 11.7438

41 12.345

42 13.0201

43 13.5606

44 14.4096

45 14.9912

46 18.7561

47 19.6069

48 20.3251

49 20.9089

