5 0.0412278

6 0.145486

7 0.175695

8 0.72574

9 1.21374

10 1.36264

11 1.40727

12 1.48868

13 1.68127

14 2.19156

15 2.81618

16 2.90407

17 3.08983

18 4.24732

19 4.56738

20 5.25308

21 5.44612

22 5.98473

23 6.06849

24 6.55389

25 6.64294

26 6.80206

27 7.14008

28 7.20587

29 7.47933

30 7.53633

31 7.90082

32 8.40329

33 9.25902

34 9.31874

35 9.5628

36 9.80783

37 10.1852

38 10.4756

39 11.5069

40 13.5733

41 13.7559

42 14.6862

43 15.1138

44 15.3743

45 16.7658

46 16.9893

47 17.5148

48 18.3942

49 18.7164

50 19.2362

51 19.4599

52 19.8328

53 20.2012

54 21.554

