5 0.049812

6 0.0606259

7 0.0937335

8 0.198562

9 0.305099

10 0.421773

11 0.460675

12 0.487508

13 0.522177

14 0.919799

15 1.09091

16 1.47847

17 1.62352

18 1.80493

19 2.03077

20 2.78293

21 2.87334

22 3.14731

23 4.18509

24 5.28097

25 5.99891

26 6.14197

27 7.67601

28 8.32358

29 9.05799

30 9.46448

31 9.95248

32 10.3729

33 10.7256

34 10.8671

35 11.3198

36 11.4923

37 12.457

38 13.4522

39 14.4671

40 14.9597

41 16.298

42 16.4761

43 16.8538

44 17.5004

45 18.712

46 18.8385

47 19.6143

48 19.9873

49 20.7205

50 21.7825

51 22.3033

52 22.667

53 22.9853

54 23.5186

55 24.203

56 24.6293

57 25.2934

58 26.0025

59 29.0774

60 29.232

61 29.8149

62 30.1119

63 30.509

64 31.0175

65 31.5098

66 34.0038

67 34.9077

68 35.5559

69 36.7369

70 37.6578

71 39.1225

72 40.6837

73 43.0255

74 43.7346

75 49.1957

76 49.8254

77 52.0231

78 53.3978

79 54.0337

80 54.7395

81 55.3582

82 56.1189

83 56.735

84 57.4407

85 57.9789

