5 1.07406

6 1.13353

7 1.17181

8 1.26773

9 1.44937

10 1.51566

11 1.68466

12 1.71617

13 1.80864

14 1.91405

15 2.01511

16 2.18264

17 2.33241

18 2.51656

19 2.59118

20 2.63337

21 2.68043

22 2.71892

23 2.92664

24 3.13206

25 3.30409

26 3.5309

27 4.08985

28 4.49686

29 4.95154

30 5.04986

31 5.5903

32 6.39075

33 6.63123

34 6.74973

35 6.85242

36 7.10161

37 7.38457

38 7.76307

39 8.0307

40 8.35482

41 8.7173

42 9.16716

43 9.4814

44 9.82098

45 10.0039

46 10.5401

47 11.0982

48 11.7967

49 12.4178

50 12.7453

51 13.8227

52 14.28

53 15.419

54 16.6212

55 17.3295

56 17.6766

57 18.1616

58 19.3942

59 19.932

60 20.4256

61 20.9373

62 21.28

63 21.6205

64 22.1764

65 24.4724

66 25.2941

67 26.1275

68 26.6668

69 27.8155

70 28.1134

71 28.5565

72 28.9699

73 29.4713

74 30.7087

75 31.212

76 31.6014

77 32.2058

78 32.6623

79 32.8713

80 33.3525

81 34.0155

82 34.7161

83 35.2472

84 35.5798

85 36.0403

86 36.403

87 37.3839

88 40.2032

89 40.8733

90 42.7667

91 44.085

92 44.4226

93 45.7622

94 46.133

95 49.1825

96 50.3735

97 51.837

98 52.2403

99 52.4754

100 52.8522

101 54.5454

102 54.9973

103 56.9657

104 57.3587

105 57.9995

106 58.8

107 59.7725

108 60.6296

109 61.8075

110 62.8208

111 63.6244

112 64.3283

113 65.4367

114 66.4632

115 67.0931

116 67.9652

117 68.6479

118 69.5501

119 69.9543

120 70.6862

121 71.5266

122 72.2635

123 72.7926

124 73.3786

125 74.0146

126 74.8753

127 75.9169

128 76.7494

129 77.4273

130 79.2635

131 81.4161

132 82.0373

133 82.4991

134 83.159

135 83.4942

136 84.0054

137 84.6073

138 85.2177

139 85.7103

140 86.0894

141 86.2897

142 86.7909

143 89.7921

144 91.0403

145 92.3119

146 94.6539

147 96.2285

148 97.5939

149 98.6464

150 99.6248

151 100.215

152 102.085

153 102.713

154 103.495

155 103.993

156 104.372

157 106.491

158 107.146

159 107.777

160 108.738

161 109.403

162 110.096

163 111.266

164 112.529

165 113.391

166 113.974

167 116.8

168 117.238

169 117.99

170 119.542

171 121.959

172 123.718

173 124.454

174 125.269

175 125.998

176 126.831

177 127.626

178 128.44

179 129.281

180 130.983

181 131.589

182 132.495

183 133.784

184 134.213

185 134.642

186 135.22

187 135.698

188 136.596

189 138.463

190 139.706

191 140.744

192 141.825

193 142.348

194 144.019

195 147.215

196 147.802

197 149.946

198 151.369

199 152.529

200 153.589

201 156.164

202 159.271

203 160.904

204 161.741

205 162.563

