5 0.0141519

6 0.582607

7 1.06487

8 1.13511

9 1.3561

10 1.38069

11 1.7901

12 2.11809

13 2.26626

14 2.38841

15 2.57366

16 2.61932

17 2.78701

18 3.20062

19 3.4126

20 3.99993

21 4.40037

22 4.80608

23 5.04417

24 5.53312

25 5.99206

26 6.09064

27 6.2431

28 6.42999

29 6.66954

30 6.90972

31 7.23046

32 7.54489

33 7.97321

34 8.27268

35 8.68025

36 9.01722

37 9.22671

38 9.57428

39 9.85742

40 11.4546

41 11.9227

42 13.0481

43 14.031

44 14.3797

45 14.7805

46 17.6429

47 18.2876

48 19.397

49 20.1133

50 20.356

