5 0.0159586

6 0.0810338

7 0.135115

8 0.687184

9 0.886282

10 1.14937

11 1.38109

12 1.57258

13 1.91604

14 2.02626

15 2.47475

16 2.81872

17 3.01273

18 3.15391

19 3.47252

20 3.62629

21 5.30664

22 5.60271

23 6.70292

24 7.1657

25 7.30529

26 7.46325

27 7.65557

28 8.03893

29 8.43555

30 8.91973

31 9.90793

32 10.0846

33 10.9758

34 12.0718

35 12.542

36 13.1852

37 13.9163

38 14.3812

39 15.8005

40 16.3541

41 17.154

42 17.8036

43 18.1066

44 19.0324

45 20.089

46 20.2995

