5 0.0597165

6 0.135994

7 0.248884

8 0.359793

9 0.552136

10 0.852573

11 1.07583

12 1.13872

13 1.17208

14 1.20091

15 1.25737

16 1.4076

17 1.74378

18 1.86401

19 2.14555

20 2.47279

21 2.91947

22 3.28776

23 3.53633

24 4.55521

25 4.72208

26 5.02249

27 5.21621

28 5.34639

29 5.52971

30 5.9039

31 6.15862

32 6.75726

33 7.12817

34 7.32603

35 8.63288

36 10.0286

37 10.2853

38 10.7306

39 10.9728

40 11.2329

41 11.8248

42 12.012

43 12.8853

44 13.043

45 14.4956

46 14.8907

47 15.3764

48 16.1406

