5 0.0699615

6 0.217106

7 0.441855

8 0.658062

9 0.920041

10 0.962252

11 1.11723

12 1.49081

13 1.77723

14 2.04713

15 2.24665

16 2.53909

17 2.74447

18 3.03106

19 3.15847

20 3.7561

21 4.09398

22 4.36804

23 4.69302

24 4.82798

25 5.06932

26 5.53098

27 6.16348

28 6.4879

29 6.71955

30 7.08408

31 7.3845

32 7.72859

33 7.92486

34 9.72603

35 9.99328

36 10.246

37 10.6911

38 10.9353

39 11.2593

40 11.5684

41 11.8283

42 12.2293

43 12.6751

44 13.0449

45 13.2941

46 15.0451

47 15.339

48 16.3897

49 16.8207

50 17.1026

51 17.519

52 17.9771

53 18.2841

