5 0.0272295

6 0.0356681

7 0.0485621

8 0.0578823

9 0.089262

10 1.20872

11 1.26684

12 1.33102

13 1.91815

14 2.40301

15 2.57872

16 2.75635

17 2.99984

18 3.27591

19 3.56112

20 3.88108

21 3.98673

22 5.15266

23 5.48359

24 5.6247

25 5.74832

26 5.81488

27 5.97064

28 6.06706

29 6.46548

30 6.78931

31 8.69862

32 8.82683

33 9.21471

34 9.73361

35 10.4145

36 10.9814

37 11.6912

38 12.0045

39 12.4013

40 13.237

41 14.0212

42 14.6889

43 15.4507

44 16.3044

45 16.6512

46 17.6863

47 18.0336

48 18.3752

49 19.214

50 19.5793

51 22.1935

52 22.5153

53 22.9272

54 23.8311

55 25.1583

56 25.9013

57 26.8266

58 27.5502

59 27.8065

60 34.3238

61 34.8558

62 35.2714

63 35.7598

64 36.5043

65 37.3262

66 38.218

67 39.263

68 40.6934

69 41.9724

70 42.7847

71 43.5723

72 44.4365

73 45.2603

74 46.4082

75 47.9724

76 49.4677

77 50.8999

78 51.5469

