5 0.00266553

6 0.0154879

7 0.0304782

8 0.0676946

9 0.184229

10 0.307405

11 0.461724

12 0.550855

13 0.739783

14 0.943288

15 1.76246

16 1.9737

17 2.47728

18 2.69835

19 2.99632

20 3.22521

21 4.00724

22 4.32196

23 4.51885

24 4.69735

25 5.06052

26 6.40806

27 6.77546

28 7.40098

29 8.02353

30 8.45162

31 9.34657

32 9.65937

33 9.98355

34 10.3265

35 10.9947

36 12.1284

37 12.9481

38 13.3362

39 13.6739

40 14.6668

41 15.0864

42 16.1217

43 17.1753

44 18.24

45 18.993

46 19.7497

47 20.1667

