5 0.0226291

6 0.0331589

7 0.0508841

8 0.0755665

9 0.0930326

10 0.162744

11 0.394408

12 0.645731

13 0.937381

14 1.1211

15 1.29534

16 1.7898

17 3.10879

18 3.23301

19 3.52687

20 3.68637

21 3.8073

22 4.10151

23 4.28036

24 4.4155

25 4.68907

26 5.11113

27 5.22801

28 5.7454

29 5.9284

30 7.1644

31 7.94607

32 8.64296

33 8.94084

34 9.18029

35 10.3807

36 10.9625

37 11.1185

38 11.2259

39 11.3468

40 11.4812

41 11.7057

42 12.1442

43 12.6538

44 13.0411

45 13.3794

46 14.2347

47 14.9506

48 15.7967

49 16.6859

50 17.3087

51 18.3037

52 18.6463

53 19.1438

54 19.6468

55 21.0195

56 22.0326

57 22.931

58 23.7536

59 24.4388

60 25.1797

61 25.5637

62 26.6081

63 27.8155

64 28.2758

65 28.531

66 28.8918

67 29.3717

68 29.8958

69 31.7983

70 32.451

