5 0.259858

6 0.26894

7 0.397558

8 0.484279

9 0.620588

10 0.96148

11 1.07913

12 1.12262

13 1.68109

14 1.91373

15 2.61688

16 2.66832

17 2.93813

18 3.97209

19 4.14113

20 4.85216

21 5.39404

22 5.85861

23 8.12926

24 8.24258

25 8.61254

26 12.2894

27 13.4427

28 17.2047

29 17.4076

30 18.1148

31 18.1946

32 18.4621

33 18.5578

34 18.6863

35 18.861

36 19.3757

37 19.563

38 19.9458

39 21.0691

40 21.3192

41 21.7014

42 21.9863

43 23.3766

44 23.6292

45 25.698

46 25.9316

47 26.6384

48 26.8746

49 27.4071

50 28.5802

51 30.0997

52 30.604

53 31.1786

54 32.0256

55 32.7825

56 33.0536

57 36.9139

58 37.3409

59 38.6041

60 41.863

61 42.414

62 42.8023

63 47.1552

64 48.2101

65 55.2406

