5 0.0118421

6 0.0319616

7 0.340488

8 0.393426

9 0.567886

10 0.783459

11 0.952138

12 1.56179

13 1.77835

14 2.74252

15 2.99748

16 3.37953

17 3.88241

18 4.42822

19 4.57433

20 5.91118

21 6.15742

22 6.39612

23 7.89145

24 8.24741

25 9.2485

26 9.54436

27 9.82173

28 12.9118

29 13.1803

30 14.9776

31 15.5477

32 16.4277

33 17.7113

34 18.0936

35 18.6952

36 18.7853

37 18.981

38 19.2603

39 19.395

40 19.4712

41 19.5937

42 19.7119

43 20.7961

44 21.4254

45 21.9887

46 22.2361

47 22.4929

48 22.8354

49 23.2898

50 24.1966

51 24.8147

52 25.3294

53 25.6988

54 28.5173

55 28.85

56 29.3323

57 30.2327

58 32.0612

59 32.7006

60 33.1941

61 35.0829

