5 0.336902

6 0.411736

7 0.889461

8 1.31227

9 1.37074

10 1.7197

11 1.74138

12 1.98831

13 2.05771

14 2.23317

15 2.62642

16 2.88188

17 3.3371

18 4.27435

19 4.46213

20 5.1608

21 5.49741

22 6.68663

23 6.94002

24 8.8187

25 8.88297

26 9.29774

27 9.38033

28 11.0046

29 12.6388

30 13.1498

31 14.7809

32 15.1939

33 16.5073

34 16.6777

35 17.272

36 17.652

37 18.2806

38 19.1284

39 19.729

40 21.0804

41 21.455

42 21.9099

43 22.837

44 23.3741

45 24.1501

46 24.3074

47 25.5032

48 27.4772

49 27.6202

50 28.4852

51 28.769

52 29.4225

53 31.7358

54 32.1515

55 33.4618

56 34.8289

57 35.2269

58 37.549

59 39.3702

60 39.7306

61 40.1127

62 41.8269

63 42.3585

64 43.6196

65 44.4858

