5 0.0279138

6 0.0385378

7 0.04651

8 0.073211

9 0.174719

10 0.249813

11 0.48162

12 0.680006

13 0.849222

14 0.914333

15 1.25992

16 1.64058

17 1.75228

18 1.84319

19 2.20545

20 3.45325

21 3.66897

22 5.42824

23 6.00129

24 6.25208

25 6.53063

26 7.0076

27 7.65393

28 8.74319

29 8.88415

30 9.29336

31 10.1673

32 11.1467

33 11.8758

34 12.5491

35 12.9766

36 13.3814

37 15.4561

38 15.7675

39 16.0193

40 16.1322

41 16.349

42 16.5928

43 16.8863

44 17.1749

45 17.5693

46 17.9934

47 18.3779

48 18.6862

49 18.9861

50 19.5267

51 21.6881

52 22.2692

53 23.2153

54 23.9637

55 24.5666

56 24.8581

57 25.326

58 26.4774

59 26.9693

60 27.4564

61 27.9692

62 28.287

63 30.2829

64 30.7813

65 31.5957

66 32.393

67 32.9681

68 34.1897

69 34.6829

70 35.1143

71 40.174

72 41.1109

73 44.2717

74 45.8055

75 46.796

76 47.7091

77 48.1682

