5 0.0622671

6 0.124209

7 0.574821

8 1.02653

9 1.37906

10 1.60391

11 1.65871

12 2.52806

13 3.04582

14 3.22852

15 3.39138

16 3.75711

17 3.95014

18 4.43361

19 4.56906

20 5.96394

21 7.23472

22 7.34322

23 7.46374

24 8.05986

25 8.27935

26 8.96758

27 9.58665

28 11.085

29 11.5739

30 13.1668

31 13.3211

32 13.7856

33 13.9062

34 14.0383

35 14.753

36 15.2072

37 15.6949

38 15.8911

39 16.4964

40 17.4293

41 18.8258

42 18.9582

43 19.319

44 19.4653

45 19.6043

46 20.1947

47 20.4686

48 21.4744

49 23.2875

50 23.4947

51 24.4868

52 25.2189

53 25.5395

54 26.8414

