5 0.137901

6 0.230124

7 0.335296

8 0.398738

9 0.474262

10 0.511686

11 0.738284

12 1.00735

13 1.51617

14 1.61507

15 1.75381

16 1.88359

17 2.24517

18 2.45421

19 3.13607

20 3.40535

21 3.84639

22 4.18973

23 4.64069

24 5.01695

25 5.47635

26 5.8364

27 5.94695

28 6.12713

29 6.21357

30 6.4126

31 6.57823

32 6.63657

33 6.73043

34 7.17563

35 7.30127

36 7.643

37 7.90202

38 8.13746

39 8.37574

40 8.67767

41 8.8993

42 9.23661

43 9.47436

44 9.92099

45 10.1086

46 10.4026

47 11.1876

