5 0.0100835

6 0.0267379

7 0.0934004

8 0.204994

9 0.342933

10 0.443391

11 0.604044

12 0.830193

13 0.967667

14 1.63689

15 1.77228

16 3.05563

17 3.1704

18 3.54486

19 3.85225

20 4.22268

21 5.4983

22 5.80709

23 7.24446

24 8.00396

25 8.28683

26 8.57199

27 11.3262

28 11.7931

29 12.1413

30 12.4262

31 13.3217

32 14.5492

33 15.2521

34 17.3298

35 18.242

36 18.8487

37 19.4531

38 19.8384

39 23.2405

40 23.8701

41 24.0958

42 24.5469

43 24.8611

44 25.1728

45 25.6485

46 26.1985

47 26.446

48 27.2885

49 29.7092

50 30.504

51 32.3831

52 32.8414

53 33.4941

54 34.4688

55 35.2067

56 35.9955

57 36.6436

58 37.3362

59 38.3429

60 39.1503

61 39.6274

62 40.785

63 41.2976

64 41.6801

65 42.658

66 44.0665

67 45.9106

68 46.6088

69 48.0351

70 49.9709

71 51.6222

72 52.6934

73 53.6836

74 54.1729

