5 0.00114721

6 0.0276902

7 0.0711877

8 0.36102

9 0.548579

10 0.696292

11 0.876363

12 1.07703

13 1.30253

14 1.39792

15 2.04831

16 2.20466

17 2.67404

18 3.2277

19 3.63584

20 3.88874

21 4.26172

22 5.09209

23 5.73192

24 6.08084

25 6.51913

26 6.8502

27 6.9776

28 7.0606

29 7.09986

30 7.21504

31 7.31777

32 7.46438

33 7.61081

34 7.94465

35 8.7898

36 9.0955

37 9.47762

38 9.78482

39 10.2368

40 10.7649

41 11.1563

42 11.4524

43 11.7703

44 12.203

45 13.3863

46 13.8829

47 14.6796

48 17.3488

49 18.386

50 20.2232

51 20.9245

52 22.1767

53 24.6462

54 25.8369

55 26.2207

