5 0.010129

6 0.0254655

7 0.107434

8 0.213026

9 0.357256

10 0.437985

11 0.572983

12 0.818078

13 0.973598

14 1.65327

15 1.90927

16 2.29013

17 2.53047

18 2.87464

19 2.99941

20 3.60771

21 3.83454

22 4.12949

23 4.44038

24 4.65453

25 6.0082

26 6.30419

27 6.51936

28 7.16825

29 7.79569

30 8.20048

31 9.06945

32 9.3652

33 9.64083

34 10.158

35 10.9888

36 12.0398

37 12.61

38 13.725

39 14.7241

40 15.7028

41 17.0733

42 17.3782

43 17.4752

44 17.5957

45 18.0966

46 18.2123

47 18.6412

48 18.9342

49 18.9701

