5 0.111415

6 0.239594

7 0.307037

8 0.451947

9 0.597603

10 0.708255

11 0.874999

12 1.15774

13 1.32439

14 1.4039

15 1.70043

16 2.14941

17 2.81072

18 3.04041

19 3.20884

20 3.34977

21 3.48537

22 3.65929

23 4.05336

24 4.37026

25 5.92898

26 6.82006

27 7.12203

28 7.3705

29 8.05055

30 8.47134

31 9.01018

32 9.31899

33 9.38801

34 9.69978

35 10.062

36 11.646

37 12.0483

38 16.792

39 17.4167

40 18.1401

41 18.8505

42 19.0169

43 19.4094

44 19.9033

45 20.245

46 20.5091

47 20.8576

48 21.2072

49 21.5895

50 22.2236

51 25.6965

52 26.1629

53 27.1213

54 28.5342

55 29.6487

56 30.8516

57 31.5413

