5 0.0207288

6 0.145362

7 0.358173

8 0.494022

9 1.30481

10 1.41959

11 1.73034

12 1.84261

13 2.30038

14 2.41129

15 4.1263

16 4.21025

17 4.4708

18 5.76853

19 5.97435

20 6.15483

21 7.75549

22 8.35345

23 8.74991

24 10.5216

25 10.6455

26 11.5341

27 11.8325

28 13.0182

29 13.2592

30 13.5531

31 14.3047

32 14.6747

33 15.03

34 16.7256

35 17.0669

36 17.2982

37 17.795

38 18.2364

39 18.3567

40 18.5089

41 18.9764

42 19.0342

43 19.1

44 20.3878

45 20.6262

46 21.52

47 22.1314

48 22.3713

49 22.7909

50 23.6863

51 25.3674

52 25.8831

53 26.5879

54 29.8623

55 30.4276

56 30.9855

57 32.8796

58 33.7019

59 34.8412

