5 0.0195246

6 0.161946

7 0.805013

8 0.842125

9 1.20987

10 1.40227

11 1.48805

12 1.57247

13 2.7868

14 2.91444

15 5.09529

16 5.53495

17 5.83481

18 6.0513

19 6.84227

20 6.93703

21 8.13533

22 8.54274

23 9.79523

24 9.89821

25 10.3101

26 11.3989

27 11.6923

28 12.8832

29 13.2601

30 13.7784

31 14.0467

32 15.8189

33 18.5983

34 18.9166

35 19.6299

36 19.7466

37 20.4716

38 20.7614

39 21.5792

40 21.991

41 22.2876

42 23.9053

43 24.1471

44 24.6697

45 25.5464

46 26.3245

47 27.4475

48 27.7111

