5 0.0265792

6 0.0469876

7 0.0638902

8 0.156682

9 0.186798

10 0.401302

11 1.62956

12 1.81522

13 1.88736

14 2.25877

15 2.96111

16 3.05477

17 3.33999

18 4.03328

19 5.36181

20 5.67896

21 6.24288

22 6.38844

23 7.86594

24 11.0398

25 11.2362

26 11.5926

27 12.1697

28 14.3093

29 14.6437

30 15.9443

31 16.1164

32 16.3101

33 16.6671

34 17.263

35 18.5804

36 18.9468

37 19.0736

38 20.5983

39 21.1061

40 21.9045

41 22.2264

42 22.7444

43 23.454

44 25.8347

45 25.9931

46 26.1563

47 26.6167

48 26.7791

49 27.2575

50 29.4504

51 30.3393

52 30.931

53 32.5748

54 33.3887

55 35.5156

56 36.0316

57 41.1709

58 41.7781

59 45.5648

60 46.2007

61 46.6148

62 47.8427

63 48.0982

