5 0.0720045

6 0.106216

7 0.210875

8 0.370593

9 0.554756

10 0.724552

11 1.34486

12 1.99602

13 2.23975

14 2.81766

15 2.93184

16 3.27059

17 3.91079

18 5.2282

19 5.48589

20 6.14139

21 6.71553

22 7.07838

23 8.15501

24 8.45765

25 8.76194

26 9.28486

27 10.0752

28 11.1832

29 11.5497

30 12.5303

31 13.4715

32 14.4564

33 16.587

34 16.7452

35 16.796

36 16.9508

37 17.1214

38 17.2109

39 17.2956

40 17.3949

41 17.5366

42 17.6676

43 17.8198

44 18.1163

45 18.4173

46 19.0011

47 19.42

48 19.6344

49 19.8658

50 20.0328

51 20.2165

52 20.6501

53 21.3124

54 21.7024

55 22.1827

56 22.6006

57 22.9815

58 23.8552

59 24.4064

60 25.0976

61 25.6804

62 26.4241

63 27.0331

64 27.6907

65 28.169

66 28.5846

67 28.9237

68 29.6245

69 30.0084

70 30.7559

71 31.3799

72 31.5821

73 32.5341

74 34.6147

