5 0.125181

6 0.171863

7 0.253272

8 0.300803

9 0.311131

10 0.315995

11 0.324362

12 0.341025

13 0.3573

14 0.530395

15 0.636038

16 0.728908

17 0.762575

18 0.980528

19 1.15151

20 1.84825

21 2.11525

22 2.29523

23 2.44981

24 3.0975

25 3.38161

26 3.50814

27 3.68874

28 3.98633

29 4.58839

30 4.9691

31 5.28992

32 5.5816

33 5.77418

34 6.13595

35 6.33227

36 6.6241

37 8.04819

38 8.51048

39 9.88723

40 10.5706

41 10.9822

42 11.3509

43 12.2373

44 12.759

45 13.3994

46 14.0496

47 14.9071

48 15.0922

49 15.2665

50 15.4006

