5 0.0588215

6 0.111994

7 0.171569

8 0.313006

9 0.507797

10 0.555294

11 0.740785

12 0.78453

13 0.836209

14 1.09396

15 1.71514

16 1.93801

17 2.53833

18 2.7015

19 3.07935

20 3.83155

21 4.26323

22 4.87751

23 5.31216

24 5.72898

25 6.49963

26 7.09481

27 7.40115

28 8.12376

29 8.46067

30 9.11663

31 9.71798

32 10.5781

33 11.2835

34 12.0395

35 12.9184

36 13.9171

37 15.897

38 16.093

39 16.1519

40 16.3329

41 16.5535

42 16.6578

43 16.7563

44 16.8016

45 16.9265

46 17.082

47 17.2695

48 17.5316

49 17.8383

50 18.361

51 18.8678

52 19.1049

53 19.3387

54 19.5034

55 19.6886

56 20.1884

57 20.9006

58 21.3497

59 21.806

60 22.2003

61 22.5924

62 23.1565

63 23.6906

64 24.2882

65 24.8913

66 27.7244

67 28.1857

68 28.6829

69 29.0741

70 29.8603

71 30.4818

72 30.6915

73 31.6665

74 33.7176

