5 0.134075

6 0.423314

7 0.466038

8 0.666867

9 0.906565

10 1.42376

11 1.58767

12 1.66832

13 1.83012

14 1.85366

15 1.93911

16 1.97588

17 1.99565

18 2.07909

19 2.10411

20 2.1575

21 2.53573

22 2.66375

23 3.13166

24 3.40948

25 4.34803

26 5.08299

27 5.26679

28 5.8009

29 7.04196

30 7.28196

31 7.65201

32 8.38205

33 8.57612

34 10.6712

35 10.8886

36 11.233

37 12.0003

38 12.3594

39 13.0383

40 13.5358

41 14.9367

42 15.0495

43 15.5039

44 16.5396

45 16.777

46 17.8399

47 18.0709

48 18.5976

49 19.1964

50 22.4954

51 22.8402

52 23.3259

53 26.8696

54 27.2438

55 28.415

56 31.7223

57 32.1473

58 33.9901

59 36.3029

60 36.763

