5 0.0781365

6 0.159798

7 0.499424

8 0.51052

9 0.518467

10 0.738842

11 1.47614

12 1.55538

13 1.58843

14 1.89106

15 2.55312

16 3.01318

17 3.3615

18 3.68909

19 4.85434

20 5.05638

21 5.89778

22 6.10245

23 6.44741

24 8.28037

25 8.54889

26 8.89889

27 12.4003

28 12.7393

29 13.0675

30 14.0176

31 14.2387

32 14.6294

33 14.8734

34 15.2344

35 18.7602

36 19.166

37 19.3892

38 19.7825

39 20.3627

40 20.8951

41 21.5837

42 22.0305

43 22.4384

44 25.0261

45 25.3593

46 26.5224

47 28.5366

48 28.7056

