5 0.161984

6 0.279942

7 0.297469

8 0.314647

9 0.440379

10 0.547452

11 0.711825

12 1.1215

13 1.51598

14 1.73497

15 1.93901

16 2.18667

17 2.30425

18 2.37961

19 2.47441

20 2.65689

21 2.91105

22 3.19875

23 3.7559

24 4.36713

25 4.6504

26 4.76964

27 4.85671

28 5.0064

29 5.1933

30 5.82481

31 6.3626

32 6.81771

33 7.40295

34 8.68008

35 8.89386

36 9.47336

37 10.3576

38 10.7886

39 11.032

40 11.2223

41 11.6838

42 12.4165

43 13.0611

44 13.4357

45 13.5838

46 13.8705

47 14.6632

48 15.1759

49 15.7984

50 16.4291

51 16.7945

52 17.181

53 17.4964

54 17.6568

55 21.6497

56 22.83

57 23.5531

58 24.5739

59 25.6848

60 26.5617

61 27.582

62 28.8116

63 29.2543

64 30.5428

65 33.1704

66 34.2862

67 36.3285

68 36.8498

69 37.07

70 37.6291

71 38.0472

72 38.7718

73 39.3916

74 40.2131

75 40.9296

76 41.5179

77 44.7156

78 46.777

79 47.425

