5 0.058855

6 0.214157

7 0.273794

8 0.850643

9 0.941688

10 1.03937

11 1.14439

12 1.82919

13 1.91514

14 2.23223

15 3.13568

16 4.6877

17 4.93723

18 5.38564

19 5.72352

20 6.74191

21 6.93759

22 7.11254

23 7.27612

24 8.31756

25 8.49989

26 8.95186

27 10.0356

28 11.8372

29 12.1983

30 12.7641

31 13.2248

32 14.4303

33 14.6932

34 14.8965

35 15.0994

36 16.3604

37 16.5562

38 17.1373

39 17.9046

40 19.8758

41 20.1436

42 21.0785

43 21.5322

44 22.8169

45 23.167

46 23.4199

47 23.6688

48 25.1445

49 25.3361

50 26.1048

51 26.9551

52 29.1052

53 29.4718

54 30.6709

55 31.2836

56 32.8273

57 33.248

58 33.6339

59 33.961

60 35.7294

61 35.9566

62 36.8711

63 37.7752

64 40.234

65 40.848

66 42.5334

67 43.4943

68 45.8633

69 46.4561

70 47.208

71 47.6797

72 50.5574

73 51.0434

