5 0.00522658

6 0.00564691

7 0.00710409

8 0.0188198

9 0.0310354

10 0.118979

11 0.165022

12 0.314301

13 0.4254

14 0.440719

15 0.469441

16 0.579822

17 0.751267

18 1.00901

19 1.25499

20 1.8328

21 2.38175

22 3.05957

23 3.39189

24 3.57168

25 3.75777

26 4.06769

27 4.58438

28 4.77588

29 5.18011

30 5.45537

31 5.84023

32 6.11426

33 6.5202

34 6.85597

35 7.21272

36 7.76041

37 8.60632

38 9.03509

39 9.74793

40 12.5239

41 12.9683

42 13.8196

43 14.3093

44 14.9297

45 15.1035

46 21.0692

47 21.6752

48 28.2317

