5 0.0706029

6 0.0795347

7 0.13308

8 0.176435

9 0.583513

10 0.667454

11 1.45735

12 1.64787

13 2.04633

14 2.16903

15 2.61732

16 3.74745

17 4.05393

18 4.49914

19 4.94945

20 5.01847

21 5.745

22 6.24015

23 6.73895

24 6.85488

25 7.08606

26 7.28371

27 7.69835

28 8.26055

29 9.02455

30 9.54171

31 9.57679

32 9.64653

33 10.252

34 10.3935

35 10.6037

36 10.8901

37 11.3945

38 12.0066

39 12.6244

40 13.3232

41 14.6706

42 14.8528

43 15.4931

44 16.1322

45 16.3582

46 17.4059

47 19.5246

48 20.4991

49 20.6611

50 21.2193

51 23.065

52 24.4328

53 26.1119

54 27.2231

55 27.9836

56 28.7295

57 30.0797

58 30.3231

