5 0.00989804

6 0.0373012

7 0.0641343

8 0.0804517

9 0.120354

10 0.148595

11 0.192718

12 0.210096

13 0.486931

14 0.573816

15 0.641936

16 0.710711

17 0.7853

18 0.847833

19 0.871943

20 0.933703

21 1.09243

22 1.42074

23 1.84546

24 1.99893

25 2.15579

26 2.57665

27 3.03712

28 3.42505

29 3.54714

30 3.62927

31 3.75477

32 4.1399

33 4.60907

34 5.11257

35 5.73886

36 6.13092

37 6.23104

38 6.62481

39 8.19906

40 8.47608

41 8.69995

42 9.02921

43 12.8179

44 13.1335

45 17.0679

46 17.3888

47 18.0097

48 19.1343

49 20.5023

50 21.5722

51 22.489

52 23.6193

53 25.0009

54 25.2728

55 26.5465

56 27.1806

57 28.0758

58 28.9419

59 29.3801

