29.527999877929688 -27.823999404907227 9.473999977111816
28.736000061035156 -24.128999710083008 9.032999992370605
8.756999969482422 -5.578999996185303 18.219999313354492
20.024999618530273 2.736999988555908 17.624000549316406
27.12700080871582 -18.518999099731445 24.010000228881836
32.11600112915039 -18.03700065612793 19.44700050354004
30.517000198364258 -13.463000297546387 19.972999572753906
25.999000549316406 -9.729000091552734 14.923999786376953
20.341999053955078 -7.199999809265137 12.562999725341797
18.55699920654297 -5.00600004196167 9.994000434875488
10.265000343322754 -2.640000104904175 6.199999809265137
10.833999633789062 -6.793000221252441 11.866000175476074
24.767000198364258 -27.054000854492188 12.4350004196167
22.95400047302246 -22.288000106811523 21.02400016784668
25.913000106811523 5.113999843597412 18.3700008392334
23.819000244140625 -0.7829999923706055 25.349000930786133
15.706000328063965 -8.854000091552734 24.832000732421875
16.38599967956543 -17.572999954223633 23.111000061035156
18.468000411987305 -26.863000869750977 20.131999969482422
15.02400016784668 -19.14900016784668 10.37399959564209
11.60200023651123 -8.541000366210938 21.915000915527344