-1.2630000114440918 8.373000144958496 10.675000190734863
2.2860000133514404 8.987000465393066 11.848999977111816
19.417999267578125 14.359000205993652 18.62299919128418
18.219999313354492 11.255000114440918 14.116000175476074
-0.6610000133514404 13.157999992370605 13.574000358581543
0.515999972820282 16.058000564575195 5.800000190734863
20.020000457763672 24.083999633789062 2.053999900817871
16.211000442504883 18.608999252319336 8.71399974822998
-2.3410000801086426 20.722999572753906 8.881999969482422
9.17300033569336 25.2810001373291 -1.2419999837875366
14.251999855041504 28.57900047302246 -2.697999954223633
14.746999740600586 26.023000717163086 1.7979999780654907
-0.0820000022649765 12.496999740600586 2.8289999961853027
11.696000099182129 9.49899959564209 4.579999923706055