-7.5960001945495605 22.740999221801758 35.20199966430664
0.9240000247955322 11.586999893188477 40.07099914550781
-11.6850004196167 12.380000114440918 48.816001892089844
-11.875 11.85200023651123 35.32400131225586
-14.96399974822998 5.797999858856201 34.31800079345703
-14.6850004196167 3.4040000438690186 31.38599967956543
-19.583999633789062 9.463000297546387 25.14699935913086
-10.611000061035156 1.4040000438690186 23.006000518798828
-7.716000080108643 5.24399995803833 20.69499969482422
-10.755999565124512 9.28600025177002 24.031999588012695
-14.057000160217285 13.680999755859375 25.46500015258789
-8.920000076293945 10.75100040435791 31.375
-9.942000389099121 -5.708000183105469 42.082000732421875
-9.246999740600586 0.04399999976158142 45.724998474121094
-2.013000011444092 9.36400032043457 34.85100173950195
-1.7070000171661377 4.554999828338623 36.87099838256836
-10.706000328063965 3.563999891281128 50.67900085449219
-1.871000051498413 5.695000171661377 47.24100112915039
4.605999946594238 3.2939999103546143 35.44200134277344
5.506999969482422 2.109999895095825 44.58399963378906
3.507999897003174 7.5269999504089355 47.31399917602539
1.0199999809265137 8.401000022888184 50.08399963378906