26.770000457763672 -10.579999923706055 28.04800033569336
21.209999084472656 -9.447999954223633 28.125999450683594
11.946000099182129 0.9490000009536743 44.632999420166016
13.939000129699707 4.142000198364258 45.167999267578125
16.40399932861328 4.989999771118164 40.266998291015625
0.753000020980835 7.043000221252441 31.375
2.3550000190734863 11.545000076293945 34.402000427246094
14.321999549865723 11.720000267028809 40.02299880981445
13.930000305175781 8.836000442504883 42.49100112915039
-1.3949999809265137 4.646999835968018 43.18899917602539
-1.1490000486373901 -5.533999919891357 42.81100082397461
21.05699920654297 -0.3199999928474426 23.94099998474121
20.229999542236328 -2.565000057220459 28.04599952697754
-6.816999912261963 -5.566999912261963 44.150001525878906
-5.480000019073486 -4.986000061035156 32.74399948120117
29.332000732421875 -0.5709999799728394 38.41400146484375
24.490999221801758 -3.7360000610351562 39.04800033569336
-7.138000011444092 -0.8140000104904175 26.371999740600586
-9.152000427246094 -2.822000026702881 23.854000091552734