36.58300018310547 47.369998931884766 13.031999588012695
37.685001373291016 41.650001525878906 20.183000564575195
46.2400016784668 34.492000579833984 36.03200149536133
49.90399932861328 34.65599822998047 41.209999084472656
48.02299880981445 31.41699981689453 40.527000427246094
51.689998626708984 22.834999084472656 35.69300079345703
36.840999603271484 24.886999130249023 22.899999618530273
38.965999603271484 36.97999954223633 18.5049991607666
50.42599868774414 32.92100143432617 33.45500183105469
56.652000427246094 33.71200180053711 34.465999603271484
48.72800064086914 26.117000579833984 22.941999435424805
45.472999572753906 32.069000244140625 21.570999145507812
52.57600021362305 39.694000244140625 33.84600067138672
71.89900207519531 42.96900177001953 33.145999908447266
72.38500213623047 43.05400085449219 36.90399932861328
61.02399826049805 40.9739990234375 27.363000869750977
59.95600128173828 31.079999923706055 24.729000091552734
52.73899841308594 40.13100051879883 25.224000930786133
51.194000244140625 49.09199905395508 34.869998931884766
47.189998626708984 48.32600021362305 39.5369987487793
55.22600173950195 47.54100036621094 44.22999954223633
54.01100158691406 56.48899841308594 35.946998596191406
61.652000427246094 44.797000885009766 21.270000457763672
52.930999755859375 43.70399856567383 22.51300048828125
42.83599853515625 53.28499984741211 36.45500183105469
38.354000091552734 54.90800094604492 45.367000579833984
37.29899978637695 63.334999084472656 44.38800048828125
38.95899963378906 59.816001892089844 37.314998626708984
55.64500045776367 56.150001525878906 23.2189998626709
49.395999908447266 48.36199951171875 22.451000213623047
40.99399948120117 49.13100051879883 35.8380012512207
40.395999908447266 50.104000091552734 41.194000244140625
37.952999114990234 46.435001373291016 44.316001892089844
28.70800018310547 48.40800094604492 31.63599967956543
44.994998931884766 61.36399841308594 16.03499984741211
41.49399948120117 60.01599884033203 15.397000312805176
43.106998443603516 51.07400131225586 19.62700080871582
41.5369987487793 48.270999908447266 21.665000915527344
39.680999755859375 45.492000579833984 33.38399887084961
30.558000564575195 39.42100143432617 30.054000854492188
28.30500030517578 43.34000015258789 24.27400016784668
37.43199920654297 43.34700012207031 25.219999313354492
41.130001068115234 38.18600082397461 36.426998138427734
40.106998443603516 35.1349983215332 38.45100021362305
38.01499938964844 28.740999221801758 35.20500183105469
33.797000885009766 30.274999618530273 32.209999084472656
32.108001708984375 33.858001708984375 23.240999221801758
28.391000747680664 35.79899978637695 19.441999435424805