28.920000076293945 36.573001861572266 5.693999767303467
20.250999450683594 38.4640007019043 2.2239999771118164
4.739999771118164 48.63600158691406 -2.6689999103546143
9.902000427246094 48.880001068115234 -4.170000076293945
15.920000076293945 42.36000061035156 8.38700008392334
15.484000205993652 41.84700012207031 14.241000175476074
12.638999938964844 40.097999572753906 16.091999053955078
4.916999816894531 40.3380012512207 10.437000274658203
16.93600082397461 49.80500030517578 -0.6830000281333923
13.071999549865723 50.4109992980957 8.288999557495117
4.377999782562256 39.266998291015625 5.301000118255615
5.561999797821045 41.12900161743164 0.828000009059906
6.767000198364258 39.452999114990234 -2.385999917984009
23.100000381469727 32.895999908447266 0.04600000008940697
24.981000900268555 32.83300018310547 3.3510000705718994