4.90500020980835 22.091999053955078 48.183998107910156
8.175000190734863 23.415000915527344 42.21699905395508
12.657999992370605 27.606000900268555 43.611000061035156
27.281999588012695 24.250999450683594 31.60099983215332
35.33700180053711 30.4060001373291 14.37399959564209
39.95500183105469 29.02199935913086 17.54599952697754
25.47599983215332 29.215999603271484 30.7450008392334
20.367000579833984 28.618999481201172 32.106998443603516
13.112000465393066 25.132999420166016 12.26200008392334
18.726999282836914 25.586000442504883 15.164999961853027
26.44700050354004 35.957000732421875 33.86199951171875
23.121000289916992 38.56100082397461 29.722000122070312
23.59000015258789 26.863000869750977 14.576000213623047
27.104999542236328 30.96500015258789 15.986000061035156
22.27199935913086 41.749000549316406 25.54599952697754
24.405000686645508 44.15599822998047 20.496999740600586
20.533000946044922 59.66299819946289 3.3369998931884766
11.255999565124512 53.6609992980957 2.9690001010894775
18.232999801635742 40.59199905395508 11.253000259399414
18.049999237060547 45.104000091552734 16.458999633789062
12.92300033569336 53.25299835205078 13.593000411987305
7.86299991607666 52.27399826049805 6.4120001792907715
13.758999824523926 33.91999816894531 5.886000156402588
9.692999839782715 32.553001403808594 10.720000267028809
14.585000038146973 38.86399841308594 22.767000198364258
12.508000373840332 41.89400100708008 23.768999099731445
5.855000019073486 49.8129997253418 15.602999687194824
7.283999919891357 48.13399887084961 10.760000228881836
10.866000175476074 35.426998138427734 2.7139999866485596
15.869999885559082 38.145999908447266 0.8169999718666077
11.079000473022461 45.89799880981445 -6.410999774932861
13.545000076293945 52.05699920654297 -1.2940000295639038
23.054000854492188 38.72200012207031 7.236000061035156
26.801000595092773 40.19300079345703 -7.800000190734863
16.882999420166016 51.590999603271484 -4.564000129699707
30.92099952697754 42.1870002746582 5.6620001792907715
39.04199981689453 37.422000885009766 5.239999771118164
27.80900001525879 50.68299865722656 -6.7820000648498535
30.525999069213867 54.55799865722656 -4.247000217437744
31.981000900268555 44.12300109863281 18.219999313354492
37.01100158691406 43.61899948120117 14.477999687194824
24.82699966430664 55.97700119018555 -6.22599983215332
27.49799919128418 65.9219970703125 11.758999824523926
20.867000579833984 66.89800262451172 17.263999938964844
29.79199981689453 62.099998474121094 14.697999954223633
35.172000885009766 54.2140007019043 11.223999977111816
47.275001525878906 49.012001037597656 6.5289998054504395
41.23899841308594 45.40599822998047 -0.5260000228881836
47.534000396728516 50.36000061035156 0.22499999403953552