-8.918000221252441 -7.5269999504089355 46.805999755859375
-6.310999870300293 -1.8329999446868896 47.93600082397461
2.9839999675750732 -9.593999862670898 25.41900062561035
10.170999526977539 -7.849999904632568 28.975000381469727
11.77299976348877 1.2599999904632568 26.204999923706055
-1.8079999685287476 7.599999904632568 32.207000732421875
-0.8759999871253967 14.581000328063965 28.121999740600586
4.585000038146973 15.87600040435791 28.94499969482422
10.829999923706055 19.805999755859375 32.7400016784668
17.37299919128418 4.072999954223633 24.774999618530273
14.581000328063965 -4.109000205993652 27.141000747680664
9.079000473022461 -6.239999771118164 35.4119987487793
1.4780000448226929 12.354999542236328 41.020999908447266
0.01600000075995922 15.342000007629395 42.88800048828125
4.36299991607666 17.18899917602539 45.61800003051758
6.178999900817871 18.724000930786133 48.60599899291992