57.90399932861328 74.69300079345703 43.14799880981445
56.630001068115234 71.6969985961914 35.23400115966797
59.19499969482422 65.03199768066406 17.121999740600586
47.06399917602539 66.55799865722656 22.38800048828125
49.29800033569336 62.5359992980957 35.82099914550781
51.99700164794922 73.01100158691406 33.78900146484375
57.08700180053711 70.37899780273438 18.158000946044922
66.83399963378906 69.68000030517578 22.099000930786133
70.08399963378906 75.43699645996094 35.071998596191406
68.55000305175781 71.50399780273438 45.22700119018555
60.70899963378906 69.91400146484375 36.415000915527344
55.64500045776367 61.94499969482422 18.70199966430664
59.55400085449219 55.946998596191406 17.374000549316406
72.74600219726562 65.88300323486328 31.500999450683594
75.91300201416016 65.84600067138672 33.63100051879883
76.6050033569336 65.1240005493164 37.224998474121094
72.48400115966797 68.56300354003906 36.441001892089844
69.55899810791016 66.4229965209961 35.21799850463867
63.608001708984375 62.91899871826172 35.26300048828125
56.52399826049805 57.375999450683594 24.851999282836914
55.05099868774414 52.847999572753906 22.049999237060547
50.172000885009766 33.284000396728516 32.09600067138672
56.81800079345703 30.900999069213867 21.93899917602539
52.18199920654297 43.047000885009766 12.11400032043457
56.24300003051758 50.9370002746582 17.624000549316406
60.861000061035156 37.99100112915039 29.851999282836914
61.1870002746582 32.99700164794922 22.219999313354492
54.4119987487793 41.816001892089844 5.3460001945495605
60.861000061035156 40.10200119018555 5.406000137329102
70.28500366210938 42.928001403808594 23.802000045776367
63.55799865722656 36.45800018310547 15.088000297546387
53.77399826049805 36.80799865722656 6.572000026702881
46.21900177001953 35.89400100708008 5.875
50.847999572753906 31.177000045776367 14.895000457763672
51.138999938964844 33.7140007019043 22.959999084472656
49.755001068115234 45.09700012207031 16.554000854492188
43.709999084472656 36.56999969482422 12.730999946594238
40.16600036621094 35.236000061035156 12.279000282287598
38.608001708984375 33.1349983215332 15.053999900817871
40.7400016784668 29.006000518798828 18.516000747680664
46.564998626708984 33.77399826049805 25.361000061035156
46.12799835205078 46.41400146484375 20.10300064086914
41.7869987487793 39.20399856567383 16.562999725341797
38.51599884033203 37.74399948120117 15.435999870300293
40.53300094604492 41.527000427246094 29.69300079345703
37.54800033569336 27.67300033569336 25.90399932861328
42.428001403808594 30.21299934387207 26.100000381469727
41.2140007019043 43.3120002746582 23.72800064086914
42.6609992980957 46.707000732421875 22.902999877929688
58.209999084472656 64.5469970703125 39.83300018310547
64.46399688720703 57.44300079345703 33.23699951171875
61.70399856567383 54.16600036621094 28.81599998474121
60.632999420166016 50.558998107910156 28.145999908447266
48.555999755859375 44.946998596191406 36.20899963378906