46.95500183105469 48.66400146484375 27.586000442504883
38.319000244140625 47.71200180053711 32.1349983215332
26.89299964904785 64.31199645996094 18.34000015258789
17.509000778198242 66.10199737548828 14.675000190734863
0.9520000219345093 54.68899917602539 13.185999870300293
5.073999881744385 49.7239990234375 14.741999626159668
17.496999740600586 44.31399917602539 12.607999801635742
22.399999618530273 40.198001861572266 14.78499984741211
4.517000198364258 52.52799987792969 26.964000701904297
4.796000003814697 47.27799987792969 18.836000442504883
9.913000106811523 41.388999938964844 12.503999710083008
5.573999881744385 51.79899978637695 10.472000122070312
21.197999954223633 48.44200134277344 9.616000175476074
19.277000427246094 40.80099868774414 2.1459999084472656
1.7949999570846558 46.849998474121094 1.4479999542236328
6.093999862670898 53.409000396728516 5.9120001792907715
25.275999069213867 54.70399856567383 7.7769999504089355
19.66200065612793 49.24599838256836 -0.7409999966621399
13.156000137329102 54.236000061035156 3.0989999771118164
12.625 58.375999450683594 6.373000144958496
24.267000198364258 57.33700180053711 11.461000442504883
29.9060001373291 47.59600067138672 18.100000381469727
2.75 62.08399963378906 25.999000549316406
7.823999881744385 35.452999114990234 35.672000885009766