-2.8359999656677246 3.128000020980835 18.113000869750977
0.5789999961853027 1.5 18.474000930786133
4.650000095367432 -13.694999694824219 12.902000427246094
7.113999843597412 -5.785999774932861 15.819000244140625
11.380000114440918 -0.6980000138282776 15.928999900817871
11.559000015258789 -2.8410000801086426 0.21299999952316284
-4.761000156402588 12.204000473022461 9.902999877929688
-10.416000366210938 -4.159999847412109 13.755999565124512
-9.72700023651123 -15.831999778747559 8.02299976348877
-7.4019999504089355 -11.119999885559082 6.829999923706055
-14.277999877929688 -2.2070000171661377 12.109999656677246
-13.520000457763672 8.57699966430664 9.996999740600586
8.699999809265137 -8.28600025177002 1.75
9.824000358581543 -10.815999984741211 4.355999946594238
14.303999900817871 -8.666999816894531 5.2829999923706055
19.19499969482422 -8.604999542236328 9.61400032043457
17.389999389648438 -4.400000095367432 12.032999992370605
19.35099983215332 6.309999942779541 11.621999740600586
20.284000396728516 8.258000373840332 6.818999767303467
4.491000175476074 11.51099967956543 -0.007000000216066837