25.339000701904297 2.2039999961853027 26.273000717163086
18.19499969482422 7.986000061035156 22.756999969482422
6.705999851226807 13.59000015258789 22.270000457763672
2.6570000648498535 10.986000061035156 19.60700035095215
-3.4000000953674316 19.70199966430664 10.875
5.809999942779541 20.964000701904297 14.407999992370605
22.374000549316406 10.145000457763672 27.28499984741211
22.451000213623047 11.96500015258789 14.574999809265137
4.793000221252441 6.214000225067139 6.047999858856201
13.244000434875488 6.341000080108643 4.394000053405762
25.059999465942383 14.793000221252441 10.579999923706055
22.190000534057617 17.729999542236328 6.302999973297119
19.312000274658203 13.506999969482422 2.11299991607666
12.361000061035156 19.660999298095703 6.7769999504089355
25.92099952697754 17.280000686645508 21.844999313354492
19.847000122070312 17.690000534057617 22.243999481201172
7.388999938964844 23.673999786376953 8.265999794006348
-0.7089999914169312 14.984000205993652 4.0879998207092285
2.071000099182129 12.031999588012695 8.576000213623047
3.7179999351501465 8.847000122070312 9.800000190734863
25.242000579833984 6.914999961853027 13.230999946594238
17.58099937438965 4.047999858856201 17.638999938964844
15.114999771118164 6.308000087738037 19.417999267578125
7.317999839782715 9.659000396728516 17.378999710083008
-5.921000003814697 16.027000427246094 13.881999969482422