-6.070000171661377 6.776000022888184 10.086000442504883
-9.694000244140625 6.245999813079834 9.072999954223633
-27.45400047302246 1.6649999618530273 -1.9110000133514404
-26.41900062561035 -10.435999870300293 4.7179999351501465
-10.192999839782715 -21.687999725341797 7.959000110626221
-18.663000106811523 -2.5269999504089355 -2.0239999294281006
0.19099999964237213 24.895000457763672 9.331000328063965
4.493000030517578 16.073999404907227 -5.39900016784668
19.395999908447266 7.414000034332275 2.1559998989105225
18.270999908447266 8.47700023651123 -4.129000186920166
-1.0219999551773071 14.887999534606934 -6.120999813079834
-4.551000118255615 15.380000114440918 -7.465000152587891
-10.949000358581543 22.240999221801758 -4.307000160217285
-4.429999828338623 17.74799919128418 -2.3959999084472656
-4.357999801635742 1.7120000123977661 -4.38100004196167
-4.914000034332275 4.144999980926514 0.7599999904632568
-5.083000183105469 25.381000518798828 7.769000053405762
-10.484999656677246 23.969999313354492 7.140999794006348
-14.111000061035156 15.380999565124512 10.220999717712402
-16.892000198364258 7.24399995803833 -12.458999633789062
-22.049999237060547 9.482000350952148 -5.090000152587891
-23.72800064086914 5.021999835968018 -2.0759999752044678
-8.29699993133545 2.5269999504089355 13.333999633789062