-14.34000015258789 66.37999725341797 41.37300109863281
-9.253000259399414 58.52000045776367 32.78200149536133
-3.181999921798706 46.027000427246094 13.82699966430664
-7.113999843597412 51.53099822998047 11.102999687194824
-21.702999114990234 50.064998626708984 24.808000564575195
-14.588000297546387 59.63999938964844 22.97100067138672
10.031000137329102 35.25899887084961 18.719999313354492
13.87399959564209 39.08100128173828 16.77199935913086
-12.958000183105469 55.84199905395508 36.479000091552734
-8.836000442504883 42.72100067138672 20.954999923706055
-3.8989999294281006 48.23500061035156 27.530000686645508
-5.2870001792907715 62.736000061035156 34.41699981689453
-15.217000007629395 71.72000122070312 33.880001068115234
-24.21299934387207 57.430999755859375 31.704999923706055