1.9010000228881836 2.622999906539917 70.86399841308594
3.558000087738037 6.0329999923706055 71.24299621582031
2.740999937057495 15.222000122070312 72.41899871826172
9.765000343322754 12.00100040435791 67.60900115966797
11.130999565124512 0.2370000034570694 60.45100021362305
10.045000076293945 5.448999881744385 58.935001373291016
4.941999912261963 16.150999069213867 66.21800231933594
3.0199999809265137 27.13800048828125 66.73500061035156
-1.0180000066757202 30.41200065612793 67.53099822998047
-4.03000020980835 28.964000701904297 71.88300323486328
3.555999994277954 -0.4320000112056732 62.28799819946289
1.6239999532699585 -3.2739999294281006 60.70000076293945
3.38100004196167 0.4449999928474426 56.76300048828125
2.7049999237060547 2.990000009536743 59.45100021362305
-4.960000038146973 32.52799987792969 65.78800201416016
2.1040000915527344 22.40399932861328 62.249000549316406
2.740000009536743 19.648000717163086 59.77199935913086
4.189000129699707 13.784000396728516 59.37900161743164
14.003999710083008 7.605000019073486 56.09700012207031
19.815000534057617 12.4399995803833 42.84199905395508
16.20800018310547 12.61299991607666 41.80099868774414
15.572999954223633 7.486999988555908 41.742000579833984
5.691999912261963 4.439000129699707 45.04600143432617
-13.170000076293945 13.47599983215332 61.667999267578125
-8.343999862670898 25.094999313354492 57.983001708984375
21.594999313354492 20.509000778198242 45.31399917602539
12.593000411987305 22.780000686645508 45.84000015258789
-11.538000106811523 25.670000076293945 55.198001861572266
-0.4399999976158142 30.948999404907227 42.26300048828125
-1.6360000371932983 9.321000099182129 38.935001373291016
-6.236999988555908 12.220000267028809 38.374000549316406
12.097999572753906 32.2400016784668 50.52399826049805
12.77299976348877 27.59600067138672 47.65399932861328
-7.255000114440918 18.25 43.902000427246094
-7.383999824523926 6.684999942779541 49.638999938964844
6.039999961853027 10.54699993133545 43.08300018310547
12.958000183105469 22.597999572753906 33.87099838256836
19.149999618530273 15.331000328063965 45.959999084472656
-1.3930000066757202 17.319000244140625 57.57699966430664
-2.9170000553131104 22.479000091552734 60.380001068115234
9.062999725341797 2.999000072479248 48.917999267578125
13.939000129699707 2.5239999294281006 44.2239990234375