58.874000549316406 1.555999994277954 113.52300262451172
50.21699905395508 -5.705999851226807 118.2239990234375
55.481998443603516 -15.366000175476074 131.01600646972656
51.33399963378906 -16.708999633789062 129.08799743652344
37.68000030517578 -9.651000022888184 127.6969985961914
36.606998443603516 -2.5260000228881836 126.10099792480469
45.08599853515625 -6.642000198364258 136.92799377441406
43.83700180053711 -10.62399959564209 126.08100128173828
35.987998962402344 -15.116000175476074 122.35199737548828
33.78900146484375 -15.973999977111816 119.37799835205078
24.555999755859375 -10.234999656677246 120.24099731445312
32.98500061035156 -10.729000091552734 110.71299743652344
43.54100036621094 -0.9089999794960022 125.37799835205078
44.457000732421875 -9.118000030517578 121.44400024414062
37.99700164794922 -16.160999298095703 113.76200103759766
40.15299987792969 -18.214000701904297 100.23500061035156
43.823001861572266 -3.7019999027252197 115.66100311279297
46.56800079345703 -12.475000381469727 116.03900146484375
39.24399948120117 -26.993000030517578 110.90799713134766
35.53200149536133 -27.173999786376953 111.65499877929688
33.15599822998047 -27.929000854492188 108.76300048828125
36.12900161743164 -31.37700080871582 110.51699829101562
37.36600112915039 -30.756000518798828 106.97699737548828
43.6879997253418 -32.22700119018555 106.45999908447266
49.07699966430664 -11.164999961853027 106.50499725341797
49.736000061035156 -14.333000183105469 114.40299987792969
39.19599914550781 -30.489999771118164 117.19200134277344
40.790000915527344 -33.558998107910156 115.6760025024414
51.395999908447266 -25.04400062561035 106.01200103759766
50.89099884033203 -21.604000091552734 116.97699737548828
40.95199966430664 -28.819000244140625 121.5999984741211
48.67399978637695 -33.025001525878906 130.85899353027344
55.327999114990234 -29.405000686645508 116.68000030517578
50.77299880981445 -24.47800064086914 121.99700164794922
41.14099884033203 -23.743000030517578 130.36399841308594
49.63999938964844 -22.430999755859375 135.21099853515625
53.54399871826172 -30.06100082397461 130.11300659179688
49.8489990234375 -20.07200050354004 126.95099639892578
37.9900016784668 -17.433000564575195 127.21700286865234
35.71099853515625 -16.66900062561035 132.83999633789062
11.699000358581543 -2.6540000438690186 144.70700073242188
19.85700035095215 -1.222000002861023 148.41799926757812
28.902000427246094 -3.252000093460083 143.093994140625
32.231998443603516 4.964000225067139 141.50100708007812
38.78300094604492 3.819000005722046 132.83599853515625
41.66299819946289 11.399999618530273 135.6540069580078
46.76300048828125 23.797000885009766 127.18699645996094
46.70800018310547 26.643999099731445 129.697998046875