43.32500076293945 42.82400131225586 20.98900032043457
40.12200164794922 42.70399856567383 22.94099998474121
17.434999465942383 44.79399871826172 47.27199935913086
13.807000160217285 40.292999267578125 48.43600082397461
18.082000732421875 31.270000457763672 49.91400146484375
19.216999053955078 37.875 40.79999923706055
12.756999969482422 43.959999084472656 33.236000061035156
21.131999969482422 47.12200164794922 28.618999481201172
26.548999786376953 37.29199981689453 33.74300003051758
27.43000030517578 49.29499816894531 49.05799865722656
31.145999908447266 41.5890007019043 45.9119987487793
7.888000011444092 41.45100021362305 36.20100021362305
15.644000053405762 43.20800018310547 43.00600051879883
19.922000885009766 30.881999969482422 46.05400085449219
25.591999053955078 38.130001068115234 50.154998779296875
22.06100082397461 49.2599983215332 48.3380012512207
40.400001525878906 48.16899871826172 21.356000900268555
38.10100173950195 53.856998443603516 23.045000076293945
24.357999801635742 52.547000885009766 29.933000564575195
12.836999893188477 56.659000396728516 46.573001861572266
12.074000358581543 54.617000579833984 41.16400146484375
16.017000198364258 60.560001373291016 34.83599853515625
19.26799964904785 62.20600128173828 33.72200012207031