-1.7339999675750732 19.545000076293945 28.20800018310547
11.609999656677246 14.192000389099121 23.81100082397461
22.56599998474121 20.091999053955078 31.95599937438965
22.79400062561035 14.479999542236328 31.597999572753906
1.319000005722046 7.103000164031982 24.599000930786133
1.0499999523162842 14.649999618530273 32.237998962402344
15.170000076293945 20.628000259399414 36.41999816894531
16.929000854492188 16.423999786376953 38.630001068115234
-2.8929998874664307 11.444999694824219 35.58599853515625
1.5369999408721924 4.479000091552734 29.66699981689453
24.604000091552734 7.769999980926514 27.11400032043457
27.650999069213867 3.3359999656677246 40.51100158691406
-1.2209999561309814 6.014999866485596 43.23400115966797
4.250999927520752 2.252000093460083 38.422000885009766
23.75200080871582 -6.609000205993652 19.405000686645508
18.04199981689453 -5.9730000495910645 25.1560001373291
3.3989999294281006 0.35899999737739563 43.15800094604492
10.944999694824219 -16.524999618530273 33.672000885009766
23.450000762939453 -3.138000011444092 47.79199981689453
18.93600082397461 -6.521999835968018 49.5260009765625
14.508000373840332 2.11299991607666 20.26300048828125
11.151000022888184 0.703000009059906 15.656999588012695
12.807999610900879 -7.218999862670898 47.516998291015625
20.392000198364258 4.88100004196167 47.60300064086914
24.95599937438965 -1.840999960899353 38.16999816894531
22.579999923706055 -16.937999725341797 34.71200180053711
26.722999572753906 -2.0980000495910645 22.650999069213867
-2.9089999198913574 3.5480000972747803 33.68899917602539
1.2760000228881836 9.717000007629395 40.43600082397461
29.341999053955078 8.32699966430664 42.27399826049805
31.98200035095215 5.979000091552734 40.80099868774414