6.150000095367432 69.51100158691406 49.83399963378906
3.6459999084472656 60.50600051879883 56.5629997253418
-2.369999885559082 47.266998291015625 22.447999954223633
-9.392000198364258 58.82600021362305 30.577999114990234
-17.159000396728516 60.63800048828125 47.33599853515625
-22.259000778198242 48.54399871826172 42.7400016784668
19.13800048828125 33.3489990234375 -3.7899999618530273
19.513999938964844 28.36199951171875 -1.1059999465942383
12.717000007629395 21.134000778198242 0.5210000276565552
14.123000144958496 26.77400016784668 3.1579999923706055
28.770999908447266 20.472000122070312 4.776000022888184
21.56599998474121 13.291999816894531 19.860000610351562
12.36299991607666 37.744998931884766 10.104000091552734
16.868999481201172 37.65999984741211 18.2450008392334
22.996000289916992 29.511999130249023 22.56399917602539
28.29199981689453 29.718000411987305 27.038999557495117
22.4950008392334 22.97599983215332 23.106000900268555
16.976999282836914 15.157999992370605 16.684999465942383
12.29699993133545 19.38599967956543 18.63800048828125
10.194000244140625 19.538000106811523 12.633000373840332
24.72800064086914 18.68000030517578 6.980000019073486
26.864999771118164 24.974000930786133 9.428000450134277
7.810999870300293 28.190000534057617 8.064000129699707
5.436999797821045 28.34000015258789 11.10099983215332
7.840000152587891 25.48200035095215 13.946999549865723
5.118000030517578 30.48900032043457 22.118999481201172
6.485000133514404 33.22100067138672 24.42300033569336
7.554999828338623 33.94300079345703 19.100000381469727
4.447000026702881 35.547000885009766 17.628999710083008
12.005999565124512 31.51300048828125 12.116000175476074
26.038000106811523 10.968000411987305 18.841999053955078