7.802999973297119 -41.63600158691406 -12.092000007629395
6.236999988555908 -33.34700012207031 -15.52299976348877
14.276000022888184 -18.617000579833984 -13.574000358581543
13.696999549865723 -18.6560001373291 -6.416999816894531
-1.784000039100647 -36.577999114990234 -7.177999973297119
6.46999979019165 -33.81999969482422 -10.38700008392334
17.076000213623047 -23.216999053955078 -13.942999839782715
22.81800079345703 -21.06999969482422 -19.301000595092773
14.449999809265137 -34.130001068115234 -20.354999542236328
5.640999794006348 -31.941999435424805 -20.288999557495117
9.548999786376953 -12.670999526977539 -15.75
13.734999656677246 -19.586000442504883 -20.115999221801758
16.648000717163086 -27.735000610351562 -27.131000518798828
6.913000106811523 -26.749000549316406 -23.145999908447266
5.591000080108643 -13.95300006866455 -14.060999870300293
3.561000108718872 -7.500999927520752 -20.488000869750977
5.876999855041504 -14.440999984741211 -29.575000762939453
2.125999927520752 -22.948999404907227 -25.099000930786133
-0.718999981880188 -19.334999084472656 -20.035999298095703
-0.6850000023841858 -17.19300079345703 -10.381999969482422
-5.166999816894531 -38.53799819946289 -22.586000442504883
-7.684000015258789 -42.98500061035156 -17.26799964904785
-24.836999893188477 -23.926000595092773 -5.171999931335449
-27.132999420166016 -13.592000007629395 3.7239999771118164