-15.083000183105469 31.961000442504883 45.33700180053711
-13.222000122070312 33.23699951171875 42.22200012207031
-12.079000473022461 36.76300048828125 41.540000915527344
-12.972000122070312 38.97200012207031 35.57600021362305
-8.307000160217285 42.375 24.541000366210938
-10.342000007629395 36.354000091552734 27.23900032043457
-9.916000366210938 42.99300003051758 36.96200180053711
-0.1720000058412552 41.944000244140625 42.757999420166016
4.025000095367432 37.08300018310547 45.04800033569336
6.044000148773193 34.08000183105469 46.073001861572266
0.15600000321865082 22.996000289916992 27.361000061035156
8.390000343322754 24.63800048828125 23.666000366210938
9.498000144958496 20.85700035095215 27.118000030517578
8.765000343322754 18.166000366210938 35.6870002746582
10.951000213623047 44.92300033569336 41.71200180053711
8.201000213623047 41.38800048828125 38.9379997253418
14.397000312805176 13.821000099182129 34.159000396728516
19.118000030517578 17.63800048828125 36.80500030517578
0.7409999966621399 46.33300018310547 30.325000762939453
-2.509000062942505 41.34700012207031 32.125
15.772000312805176 34.742000579833984 27.010000228881836
11.541000366210938 37.31100082397461 24.420000076293945
-9.996000289916992 35.03499984741211 46.10300064086914
-4.89300012588501 28.71500015258789 42.527000427246094
-0.41200000047683716 33.310001373291016 27.097000122070312
-2.1110000610351562 27.801000595092773 29.13800048828125
0.31200000643730164 27.295000076293945 45.97600173950195
-10.397000312805176 17.3700008392334 41.979000091552734
-12.640000343322754 30.690000534057617 27.218000411987305
-8.031000137329102 21.35300064086914 27.867000579833984
-2.7230000495910645 19.84000015258789 29.07200050354004
0.33000001311302185 17.972000122070312 30.356000900268555
3.0850000381469727 18.017000198364258 35.47600173950195
2.5290000438690186 13.994000434875488 46.11899948120117