7.488999843597412 14.472999572753906 14.597999572753906
8.503000259399414 8.666000366210938 17.424999237060547
11.1899995803833 7.251999855041504 19.66900062561035
10.66100025177002 -2.4709999561309814 25.51099967956543
1.5889999866485596 -11.12399959564209 5.425000190734863
6.982999801635742 -18.673999786376953 4.186999797821045
24.365999221801758 -14.109999656677246 10.673999786376953
27.517000198364258 -11.336000442504883 7.24399995803833
30.104999542236328 -7.943999767303467 -5.494999885559082
23.2450008392334 -9.520000457763672 -7.625
26.177000045776367 -13.74899959564209 -6.09499979019165
22.78700065612793 -18.900999069213867 -6.644000053405762
9.869999885559082 -4.802999973297119 1.3320000171661377
6.552000045776367 0.17399999499320984 5.132999897003174
6.879000186920166 2.4800000190734863 8.109999656677246
10.157999992370605 6.8520002365112305 13.586999893188477
32.66400146484375 -0.25200000405311584 15.140999794006348
35.31700134277344 2.111999988555908 13.67300033569336
36.39899826049805 3.433000087738037 6.375999927520752
40.34600067138672 6.208000183105469 18.58799934387207
43.23400115966797 7.318999767303467 20.822999954223633
37.86199951171875 9.883000373840332 20.201000213623047
40.78099822998047 11.732000350952148 18.547000885009766
39.42300033569336 15.288000106811523 18.145000457763672
28.808000564575195 15.538999557495117 7.485000133514404
24.724000930786133 11.102999687194824 1.5420000553131104
25.579999923706055 -2.3299999237060547 -0.22599999606609344
20.702999114990234 -2.1429998874664307 7.313000202178955
13.734999656677246 0.27799999713897705 17.915000915527344
20.12299919128418 0.7820000052452087 25.051000595092773
25.516000747680664 1.9429999589920044 24.79800033569336
29.673999786376953 4.678999900817871 17.006000518798828
9.8100004196167 8.980999946594238 7.538000106811523
10.579999923706055 0.8029999732971191 3.2660000324249268
11.401000022888184 -1.1410000324249268 6.39900016784668
9.968000411987305 -3.7269999980926514 8.72599983215332
11.142999649047852 -8.628999710083008 12.07800006866455
11.588000297546387 -9.579000473022461 15.72599983215332
14.336999893188477 -13.406000137329102 14.032999992370605
15.21500015258789 -5.517000198364258 14.946999549865723
16.61199951171875 -2.259999990463257 2.319000005722046
19.618999481201172 2.4719998836517334 0.7039999961853027
29.47800064086914 12.130000114440918 23.132999420166016
30.618000030517578 9.20300006866455 18.076000213623047
12.890999794006348 9.416999816894531 3.25600004196167
12.159000396728516 6.322000026702881 1.1369999647140503