4.625999927520752 21.4060001373291 29.113000869750977
17.24799919128418 25.503000259399414 32.08000183105469
18.691999435424805 27.062999725341797 28.90399932861328
20.392000198364258 16.988000869750977 32.500999450683594
10.619999885559082 6.323999881744385 30.030000686645508
21.989999771118164 8.498000144958496 26.472000122070312
32.38100051879883 3.7300000190734863 19.268999099731445
28.045000076293945 8.038000106811523 18.405000686645508
23.792999267578125 3.0230000019073486 27.804000854492188
23.97100067138672 17.406999588012695 28.575000762939453
18.854000091552734 27.597000122070312 22.635000228881836
14.288999557495117 28.114999771118164 30.35099983215332
13.670999526977539 26.016000747680664 27.18899917602539
18.31800079345703 24.110000610351562 20.319000244140625
29.21299934387207 18.038000106811523 28.986000061035156
30.81399917602539 18.134000778198242 21.924999237060547
25.01099967956543 16.64900016784668 18.791000366210938
24.514999389648438 16.731000900268555 14.991999626159668
24.988000869750977 9.706000328063965 7.2220001220703125
25.886999130249023 6.117000102996826 8.17300033569336