-6.560999870300293 12.77299976348877 30.8439998626709
-1.503000020980835 5.291999816894531 39.21500015258789
3.828000068664551 5.335999965667725 38.99700164794922
9.482999801635742 -1.0190000534057617 35.472999572753906
20.71299934387207 15.333000183105469 21.593000411987305
29.284000396728516 16.256000518798828 24.308000564575195
32.37699890136719 14.048999786376953 24.365999221801758
27.410999298095703 9.161999702453613 30.461000442504883
24.44700050354004 6.890999794006348 29.7189998626709
20.327999114990234 4.007999897003174 34.308998107910156
19.042999267578125 3.5980000495910645 40.56999969482422
16.666000366210938 1.9880000352859497 43.141998291015625
5.660999774932861 11.406999588012695 50.310001373291016
21.14699935913086 18.40399932861328 50.112998962402344
23.735000610351562 11.890999794006348 50.24300003051758
25.66699981689453 5.660999774932861 49.715999603271484
27.56399917602539 10.291999816894531 47.303001403808594
23.038999557495117 13.569999694824219 44.61600112915039
21.04599952697754 16.233999252319336 42.76300048828125
-2.984999895095825 20.20800018310547 39.84000015258789
6.688000202178955 11.505000114440918 33.06999969482422
20.608999252319336 28.472000122070312 28.236000061035156
26.509000778198242 26.844999313354492 26.624000549316406
24.826000213623047 30.174999237060547 31.391000747680664
20.049999237060547 34.06999969482422 29.17799949645996
19.06599998474121 24.159000396728516 36.73099899291992
22.343000411987305 16.715999603271484 30.808000564575195
22.010000228881836 7.2210001945495605 38.00600051879883
-0.8799999952316284 15.663000106811523 48.077999114990234
0.6420000195503235 16.14299964904785 42.56800079345703
26.312000274658203 11.845999717712402 41.38999938964844
31.863000869750977 19.961000442504883 24.433000564575195
33.3650016784668 17.708999633789062 21.780000686645508
30.422000885009766 4.099999904632568 23.639999389648438
25.43600082397461 5.5 20.423999786376953
26.822999954223633 8.097999572753906 25.326000213623047
29.194000244140625 3.759000062942505 29.570999145507812
31.624000549316406 5.9079999923706055 34.854000091552734
34.347999572753906 6.328000068664551 37.472999572753906
43.48699951171875 16.04599952697754 42.479000091552734
53.027000427246094 16.198999404907227 40.07099914550781
50.04100036621094 6.423999786376953 49.45899963378906
42.90299987792969 10.970000267028809 44.77299880981445
41.81999969482422 7.418000221252441 43.86199951171875
40.03300094604492 6.127999782562256 36.79399871826172
34.6619987487793 9.338000297546387 33.15299987792969
35.45199966430664 11.315999984741211 36.3129997253418