23.525999069213867 16.246999740600586 44.39699935913086
18.159000396728516 20.663999557495117 50.85900115966797
10.569000244140625 28.66699981689453 62.349998474121094
16.35099983215332 38.57699966430664 72.0260009765625
14.944000244140625 33.5369987487793 72.5250015258789
10.347000122070312 30.750999450683594 73.7030029296875
8.23799991607666 27.770000457763672 72.70600128173828
27.38800048828125 19.7549991607666 60.79899978637695
24.753999710083008 34.85300064086914 55.77799987792969
16.045000076293945 36.95800018310547 51.779998779296875
16.8700008392334 35.354000091552734 56.915000915527344
27.392000198364258 13.809000015258789 54.2599983215332
24.503000259399414 16.40999984741211 50.356998443603516
14.079000473022461 36.79999923706055 60.542999267578125
6.681000232696533 33.917999267578125 62.301998138427734
19.211999893188477 27.85300064086914 45.45199966430664
9.755999565124512 21.076000213623047 47.143001556396484
12.404000282287598 21.92300033569336 51.71900177001953
0.9269999861717224 22.113000869750977 70.08200073242188
9.04800033569336 14.539999961853027 67.48600006103516
6.1479997634887695 14.319999694824219 54.154998779296875
0.8460000157356262 30.694000244140625 61.35499954223633
5.223999977111816 27.66200065612793 48.06800079345703
8.222000122070312 18.62700080871582 58.220001220703125
5.1539998054504395 21.517000198364258 72.8270034790039
-2.5339999198913574 30.1560001373291 73.8550033569336
5.665999889373779 33.27199935913086 73.69000244140625
9.906999588012695 29.87299919128418 77.8030014038086
9.770999908447266 26.207000732421875 78.50299835205078
12.409000396728516 23.517000198364258 83.80599975585938
17.325000762939453 9.972000122070312 49.55699920654297
14.440999984741211 7.98799991607666 70.43800354003906