-2.3499999046325684 -16.368000030517578 -20.777999877929688
-3.4769999980926514 -9.576000213623047 -22.948999404907227
-3.368000030517578 -10.364999771118164 -6.920000076293945
1.1269999742507935 -8.12399959564209 -3.9760000705718994
6.988999843597412 2.0950000286102295 -10.25
1.0700000524520874 6.066999912261963 -9.062999725341797
-9.300000190734863 0.28600001335144043 -13.892000198364258
-0.6819999814033508 -2.88700008392334 -5.798999786376953
7.4710001945495605 2.3610000610351562 -5.386000156402588
12.96399974822998 0.17100000381469727 -0.878000020980835
6.464000225067139 -8.517999649047852 6.2789998054504395
4.9019999504089355 -13.498000144958496 -2.690000057220459
5.579999923706055 -5.27400016784668 -12.791000366210938
16.111000061035156 0.8100000023841858 -18.836000442504883
14.428999900817871 -10.732000350952148 2.7780001163482666
9.045999526977539 -15.20300006866455 -3.309000015258789
8.51200008392334 -12.267000198364258 -12.814000129699707
6.258999824523926 -14.416000366210938 -15.006999969482422
4.336999893188477 -9.003000259399414 -26.45800018310547
2.177999973297119 -0.7620000243186951 -17.76099967956543
-2.3959999084472656 -1.4450000524520874 -20.795000076293945