-0.32100000977516174 37.00299835205078 -37.000999450683594
-1.7649999856948853 39.24800109863281 -16.183000564575195
0.6800000071525574 41.987998962402344 -15.074000358581543
7.796000003814697 40.02399826049805 -21.488000869750977
5.046000003814697 36.665000915527344 -26.13800048828125
1.5190000534057617 22.85099983215332 -38.24100112915039
2.5840001106262207 23.676000595092773 -32.770999908447266
10.621000289916992 35.73699951171875 -23.506000518798828
16.822999954223633 39.992000579833984 -18.7549991607666
17.15399932861328 36.21799850463867 -14.526000022888184
18.344999313354492 34.69300079345703 -11.26099967956543
12.680000305175781 28.77899932861328 -12.145000457763672
-15.359000205993652 28.841999053955078 -32.30099868774414
-12.538999557495117 29.87700080871582 -18.7189998626709
16.875999450683594 19.479000091552734 -16.85300064086914
11.763999938964844 28.520999908447266 -27.375
-2.0160000324249268 19.5939998626709 -29.5939998626709
-15.972000122070312 19.33799934387207 -28.339000701904297
-21.964000701904297 23.488000869750977 -22.79400062561035
-13.364999771118164 20.04199981689453 -21.624000549316406
20.107999801635742 26.447999954223633 -28.264999389648438
18.562999725341797 21.475000381469727 -26.18199920654297
-18.031999588012695 27.124000549316406 -20.599000930786133