55.89500045776367 28.527999877929688 25.805999755859375
49.94499969482422 31.209999084472656 24.56599998474121
28.881000518798828 46.07600021362305 13.649999618530273
28.36199951171875 48.0260009765625 16.89900016784668
34.46900177001953 50.77299880981445 31.6560001373291
30.0 52.78499984741211 28.240999221801758
31.413999557495117 50.89799880981445 15.258999824523926
35.202999114990234 46.22800064086914 12.888999938964844
50.979000091552734 29.684999465942383 30.54800033569336
57.74800109863281 42.38199996948242 23.083999633789062
45.47600173950195 37.84700012207031 8.5649995803833
36.4900016784668 38.797000885009766 8.012999534606934
34.1510009765625 39.487998962402344 5.060999870300293
40.165000915527344 41.03200149536133 4.334000110626221
42.77199935913086 42.00400161743164 6.875999927520752
37.27000045776367 49.83599853515625 14.765000343322754
38.64799880981445 37.57899856567383 29.027999877929688
41.132999420166016 35.54499816894531 31.05299949645996
39.51300048828125 27.81399917602539 31.96299934387207
39.22600173950195 24.03499984741211 31.687000274658203
34.99399948120117 17.290000915527344 37.2859992980957
33.847999572753906 22.743999481201172 38.09000015258789
42.047000885009766 28.340999603271484 35.83700180053711
45.92599868774414 31.6560001373291 33.42900085449219
48.95600128173828 33.928001403808594 33.935001373291016
47.15399932861328 38.965999603271484 37.645999908447266
46.20399856567383 51.611000061035156 13.972999572753906
42.41600036621094 59.30099868774414 24.038000106811523
41.88100051879883 58.00199890136719 27.566999435424805
38.18600082397461 60.61600112915039 23.457000732421875
39.85100173950195 62.64699935913086 26.267000198364258
33.87799835205078 64.0459976196289 26.554000854492188
32.814998626708984 61.125999450683594 22.329999923706055
41.040000915527344 51.012001037597656 19.35099983215332
38.263999938964844 47.31800079345703 28.531999588012695
28.69700050354004 44.486000061035156 27.013999938964844
25.524999618530273 40.8849983215332 11.086999893188477
37.417999267578125 32.70500183105469 15.109000205993652
49.16699981689453 32.38600158691406 19.083999633789062