16.79599952697754 48.44900131225586 41.95800018310547
17.964000701904297 51.76599884033203 40.529998779296875
11.949999809265137 65.3219985961914 27.82900047302246
11.967000007629395 70.9000015258789 34.3380012512207
10.531000137329102 62.78799819946289 43.59400177001953
19.006000518798828 58.84600067138672 37.33700180053711
15.765999794006348 63.380001068115234 25.558000564575195
14.015000343322754 65.72699737548828 23.150999069213867
11.244999885559082 64.89299774169922 20.6560001373291
8.932000160217285 62.395999908447266 22.398000717163086
11.072999954223633 58.2239990234375 20.488000869750977
16.43000030517578 62.50600051879883 20.05900001525879
19.525999069213867 64.4540023803711 21.121000289916992
23.014999389648438 72.5739974975586 23.61400032043457
20.06800079345703 68.88200378417969 37.93600082397461
21.840999603271484 62.53099822998047 33.84199905395508
22.524999618530273 60.68199920654297 21.3439998626709
28.19700050354004 58.83300018310547 7.5279998779296875
29.798999786376953 69.3550033569336 29.433000564575195
27.00200080871582 59.09600067138672 30.893999099731445
23.229999542236328 52.71500015258789 19.714000701904297
23.27199935913086 48.685001373291016 14.265999794006348
24.145999908447266 47.11800003051758 10.914999961853027
25.746999740600586 45.8849983215332 16.749000549316406
27.913000106811523 47.983001708984375 14.41100025177002
33.507999420166016 49.46500015258789 14.159000396728516
36.034000396728516 58.29600143432617 27.202999114990234
29.10700035095215 55.35599899291992 31.299999237060547
19.393999099731445 51.667999267578125 24.166000366210938
16.468000411987305 49.69599914550781 22.719999313354492
19.202999114990234 42.66400146484375 17.43199920654297
20.511999130249023 38.823001861572266 22.422000885009766
32.85499954223633 48.50899887084961 27.405000686645508
24.30900001525879 49.0369987487793 30.697999954223633
12.180999755859375 44.959999084472656 26.93000030517578
10.545999526977539 39.44499969482422 31.62299919128418
22.312999725341797 35.10300064086914 34.30500030517578
23.966999053955078 45.849998474121094 33.483001708984375
9.16100025177002 49.78099822998047 27.964000701904297
7.209000110626221 47.380001068115234 39.016998291015625
15.869999885559082 40.486000061035156 40.3380012512207
17.761999130249023 48.79100036621094 37.15599822998047
8.83899974822998 57.27799987792969 31.104999542236328
4.260000228881836 60.790000915527344 32.31100082397461
-3.119999885559082 69.72100067138672 26.93899917602539
3.497999906539917 68.50399780273438 25.582000732421875
4.394999980926514 62.33399963378906 36.36800003051758
6.250999927520752 63.21200180053711 39.55400085449219
10.894000053405762 44.361000061035156 54.44900131225586