8.067999839782715 -9.206000328063965 49.01100158691406
17.86400032043457 -1.8730000257492065 48.487998962402344
21.74799919128418 10.371000289916992 28.927000045776367
14.942999839782715 12.85200023651123 35.23899841308594
8.809000015258789 2.6110000610351562 38.98899841308594
6.001999855041504 2.187000036239624 48.7859992980957
23.273000717163086 18.525999069213867 43.803001403808594
24.5 17.52199935913086 40.30699920654297
38.80500030517578 16.19700050354004 41.654998779296875
33.79499816894531 12.748000144958496 33.77199935913086
33.75699996948242 8.045000076293945 30.958999633789062
27.422000885009766 6.47599983215332 30.69300079345703
22.222000122070312 8.970999717712402 52.77000045776367
30.694000244140625 3.367000102996826 53.28099822998047
30.884000778198242 -2.9749999046325684 32.1879997253418
36.069000244140625 -6.198999881744385 35.823001861572266
32.566001892089844 10.256999969482422 54.202999114990234
31.448999404907227 11.517000198364258 60.39500045776367
33.07600021362305 6.611999988555908 60.89500045776367
31.711000442504883 3.7109999656677246 62.96799850463867