0.3440000116825104 4.711999893188477 40.625
9.343999862670898 5.710000038146973 38.917999267578125
29.208999633789062 3.1589999198913574 35.85200119018555
40.54499816894531 1.1790000200271606 34.507999420166016
47.654998779296875 -0.7829999923706055 36.51300048828125
44.590999603271484 1.9950000047683716 40.47200012207031
37.70899963378906 1.8420000076293945 40.31700134277344
30.718000411987305 2.3289999961853027 41.38100051879883
30.951000213623047 3.690000057220459 44.888999938964844
28.58799934387207 1.184000015258789 46.48500061035156
8.883000373840332 4.85099983215332 49.652000427246094
9.340999603271484 1.6069999933242798 40.97100067138672
26.125 2.0190000534057617 30.79599952697754
25.20400047302246 -6.697000026702881 33.53099822998047
27.298999786376953 -7.001999855041504 36.637001037597656
32.47999954223633 -1.774999976158142 42.63100051879883
35.284000396728516 0.5920000076293945 43.61399841308594
37.38199996948242 -1.50600004196167 45.98400115966797
33.04100036621094 -2.4760000705718994 49.597999572753906
23.093000411987305 -5.502999782562256 56.19200134277344
23.812000274658203 -4.546000003814697 40.68299865722656
21.58300018310547 -4.323999881744385 35.569000244140625
20.87299919128418 2.053999900817871 29.444000244140625
17.417999267578125 6.00600004196167 24.70599937438965
10.843999862670898 8.640999794006348 29.024999618530273
13.487000465393066 11.114999771118164 38.321998596191406
25.562000274658203 7.552000045776367 41.832000732421875
31.90999984741211 7.5879998207092285 36.124000549316406
29.584999084472656 9.053999900817871 31.827999114990234
25.823999404907227 9.805000305175781 23.9689998626709
10.633999824523926 17.579999923706055 30.434999465942383
14.119000434875488 15.505000114440918 38.56800079345703
31.38800048828125 11.96500015258789 40.70600128173828
27.924999237060547 11.276000022888184 39.37300109863281
29.341999053955078 17.95199966430664 32.08300018310547
22.451000213623047 20.139999389648438 27.246999740600586
18.941999435424805 21.23699951171875 26.472000122070312
24.316999435424805 23.31599998474121 29.336000442504883
21.86400032043457 21.792999267578125 31.797000885009766
23.479999542236328 25.847000122070312 42.02299880981445
27.80900001525879 20.496000289916992 44.124000549316406
38.8390007019043 19.524999618530273 43.52299880981445
45.6609992980957 11.802000045776367 44.832000732421875
43.375 14.470000267028809 40.1870002746582
41.36800003051758 12.406999588012695 35.737998962402344
34.71200180053711 17.749000549316406 37.888999938964844
30.172000885009766 24.986000061035156 32.012001037597656
27.327999114990234 28.16699981689453 40.472999572753906
28.854000091552734 25.31599998474121 46.24599838256836
23.638999938964844 18.332000732421875 49.194000244140625
14.628999710083008 23.457000732421875 41.42900085449219
18.45599937438965 19.586999893188477 39.84000015258789
29.131999969482422 16.159000396728516 47.316001892089844
29.507999420166016 9.369000434875488 49.900001525878906
5.36299991607666 17.64900016784668 45.56999969482422
1.7339999675750732 13.678000450134277 43.617000579833984