-2.7699999809265137 14.720000267028809 1.9859999418258667
1.8589999675750732 21.77400016784668 -1.1160000562667847
1.5010000467300415 18.124000549316406 -0.12300000339746475
-0.8999999761581421 9.140999794006348 1.0809999704360962
-1.3849999904632568 10.067000389099121 -2.5950000286102295
-2.0739998817443848 7.156000137329102 -8.329000473022461
1.399999976158142 10.600000381469727 -11.942999839782715
5.9039998054504395 17.53499984741211 -8.406999588012695
6.377999782562256 19.655000686645508 1.0470000505447388
11.701000213623047 19.534000396728516 -0.5090000033378601
4.348999977111816 3.875999927520752 -4.120999813079834
3.0999999046325684 8.168999671936035 -0.6990000009536743
15.956999778747559 22.0 -1.3259999752044678
7.552000045776367 26.691999435424805 -5.179999828338623
-1.812000036239624 23.604000091552734 -7.870999813079834
2.4230000972747803 20.49799919128418 -10.032999992370605
13.482999801635742 24.267000198364258 -5.453999996185303