23.459999084472656 9.60200023651123 17.451000213623047
21.729000091552734 15.498000144958496 16.954999923706055
36.540000915527344 23.1299991607666 24.503000259399414
28.219999313354492 26.29800033569336 25.18899917602539
14.430000305175781 21.94099998474121 16.30500030517578
20.201000213623047 26.704999923706055 17.158000946044922
30.74799919128418 32.17599868774414 24.25
36.20000076293945 32.21900177001953 21.02899932861328
39.26599884033203 32.38600158691406 18.797000885009766
38.36600112915039 32.11899948120117 15.13599967956543
29.41699981689453 14.14799976348877 11.875
26.2810001373291 21.45400047302246 8.220999717712402
35.20000076293945 40.37900161743164 19.39699935913086
35.138999938964844 36.48699951171875 17.700000762939453
21.809999465942383 17.201000213623047 9.880999565124512
18.336000442504883 12.03499984741211 7.926000118255615