2.316999912261963 -18.00200080871582 55.8120002746582
5.235000133514404 -8.38700008392334 53.611000061035156
4.855000019073486 -1.934999942779541 46.9119987487793
5.561999797821045 1.7910000085830688 46.2599983215332
-1.2059999704360962 1.0140000581741333 44.18600082397461
0.23000000417232513 -3.7149999141693115 41.625999450683594
3.484999895095825 -5.190999984741211 42.91299819946289
8.168999671936035 -7.611999988555908 39.28200149536133
5.936999797821045 -18.479999542236328 48.24399948120117
-3.681999921798706 -12.430000305175781 52.029998779296875
6.375 1.343999981880188 51.22100067138672
1.1729999780654907 -0.25600001215934753 55.132999420166016
-0.9959999918937683 -13.298999786376953 39.79199981689453
-2.3429999351501465 -7.271999835968018 41.446998596191406
0.2809999883174896 1.940999984741211 60.71799850463867
16.222999572753906 3.4549999237060547 74.34300231933594
25.76300048828125 18.871000289916992 78.0739974975586
24.910999298095703 20.84600067138672 69.48500061035156
17.22800064086914 7.017000198364258 65.45700073242188
14.248000144958496 9.276000022888184 76.36900329589844
29.933000564575195 15.944000244140625 83.73200225830078
14.20199966430664 26.60099983215332 80.56900024414062
10.73799991607666 10.508999824523926 61.141998291015625
11.027999877929688 12.628000259399414 76.50800323486328
14.602999687194824 15.741000175476074 80.78399658203125
21.160999298095703 15.666999816894531 86.20500183105469
26.420000076293945 12.055999755859375 86.20500183105469
22.54800033569336 7.992000102996826 86.39299774169922
24.21500015258789 0.0430000014603138 78.8949966430664
35.55400085449219 4.144999980926514 75.16000366210938
28.354999542236328 -3.0299999713897705 69.73799896240234
24.016000747680664 -5.811999797821045 72.19200134277344
18.969999313354492 0.08900000154972076 76.18000030517578
30.506999969482422 12.277000427246094 77.08200073242188
38.67599868774414 8.005999565124512 83.85199737548828
26.06800079345703 -1.3589999675750732 84.35700225830078
27.461000442504883 0.2460000067949295 81.18699645996094
34.69200134277344 0.6669999957084656 70.56900024414062
30.368000030517578 14.083999633789062 70.7030029296875
18.6560001373291 0.6850000023841858 66.2020034790039
18.634000778198242 1.5839999914169312 62.52000045776367
16.84600067138672 -3.0889999866485596 61.31800079345703
14.883999824523926 -1.815000057220459 64.34400177001953