48.472999572753906 49.965999603271484 5.677000045776367
40.54100036621094 53.86899948120117 -0.8240000009536743
26.766000747680664 39.85499954223633 -1.9700000286102295
28.173999786376953 43.22999954223633 2.49399995803833
49.58000183105469 51.779998779296875 1.36899995803833
53.88100051879883 51.00600051879883 -4.699999809265137
39.51100158691406 48.07400131225586 -15.461000442504883
34.375999450683594 35.64400100708008 -6.046000003814697
37.58100128173828 30.51799964904785 9.461999893188477
41.74300003051758 34.24599838256836 5.834000110626221
40.058998107910156 38.077999114990234 -7.130000114440918
37.54899978637695 33.10599899291992 -10.366000175476074
33.97100067138672 33.5260009765625 -11.555000305175781
39.617000579833984 31.53700065612793 -13.888999938964844
39.99800109863281 34.983001708984375 -15.437000274658203
54.564998626708984 41.448001861572266 -10.163000106811523
57.57600021362305 41.595001220703125 -7.863999843597412
56.83000183105469 41.45500183105469 1.3700000047683716
58.03300094604492 45.805999755859375 6.817999839782715
45.29199981689453 43.53799819946289 6.465000152587891
48.3120002746582 35.55500030517578 -2.934000015258789
51.49100112915039 37.3129997253418 -7.749000072479248
48.91600036621094 38.5 -10.270999908447266
44.48899841308594 38.76599884033203 -2.806999921798706
40.939998626708984 37.53499984741211 9.670999526977539
52.702999114990234 35.819000244140625 11.427000045776367
55.34600067138672 37.30799865722656 7.166999816894531
50.88999938964844 43.18899917602539 2.5989999771118164
33.637001037597656 46.02299880981445 7.164000034332275
35.75 43.569000244140625 9.163999557495117
32.24100112915039 31.381999969482422 8.12600040435791
31.97800064086914 25.454999923706055 1.8480000495910645
37.57699966430664 20.56999969482422 -8.880999565124512
39.933998107910156 23.52400016784668 -4.8429999351501465
28.611000061035156 26.511999130249023 -1.4470000267028809
30.472999572753906 37.54499816894531 -5.361999988555908
36.571998596191406 56.11199951171875 -3.944999933242798
37.027000427246094 59.8650016784668 -4.413000106811523