56.354000091552734 49.82699966430664 10.032999992370605
44.38600158691406 41.0 3.871999979019165
35.608001708984375 39.53499984741211 13.538000106811523
35.159000396728516 32.904998779296875 20.253000259399414
24.486000061035156 14.15999984741211 24.643999099731445
29.621999740600586 16.27400016784668 27.45199966430664
35.83100128173828 32.060001373291016 15.87600040435791
35.617000579833984 32.34199905395508 12.095000267028809
48.61199951171875 30.16200065612793 1.5169999599456787
50.358001708984375 38.43000030517578 4.723999977111816
39.06399917602539 40.215999603271484 27.402999877929688
44.30699920654297 37.071998596191406 24.739999771118164
47.94900131225586 32.8650016784668 20.878999710083008
50.54899978637695 34.96200180053711 16.541000366210938
52.86399841308594 34.70399856567383 11.994999885559082
49.43000030517578 39.880001068115234 13.182000160217285
36.284000396728516 44.327999114990234 25.524999618530273
32.25899887084961 36.0099983215332 22.719999313354492
23.343000411987305 18.9689998626709 19.472000122070312
20.809999465942383 24.947999954223633 18.378000259399414
29.160999298095703 38.698001861572266 23.472000122070312
34.106998443603516 53.17599868774414 13.256999969482422
42.733001708984375 47.768001556396484 8.659000396728516
41.27000045776367 43.345001220703125 0.9359999895095825
33.680999755859375 37.874000549316406 9.329000473022461
25.683000564575195 47.2760009765625 8.954999923706055
39.553001403808594 49.42100143432617 0.9980000257492065
38.233001708984375 44.729000091552734 -2.138000011444092
26.16699981689453 36.42900085449219 5.703000068664551
26.440000534057617 34.750999450683594 9.112000465393066
22.298999786376953 34.90999984741211 12.836000442504883
17.22100067138672 35.57699966430664 24.37299919128418
19.481000900268555 31.632999420166016 21.108999252319336
16.336000442504883 35.95600128173828 10.336000442504883
20.360000610351562 43.72800064086914 2.703000068664551
30.56800079345703 44.30699920654297 -1.3109999895095825
32.029998779296875 39.4900016784668 -2.5460000038146973
22.97599983215332 26.833999633789062 2.5339999198913574
12.9399995803833 31.97800064086914 0.335999995470047
20.97800064086914 27.35300064086914 -3.9240000247955322
19.718000411987305 42.45399856567383 -4.318999767303467
28.461999893188477 35.452999114990234 -4.427000045776367
27.83300018310547 20.292999267578125 2.2130000591278076
31.101999282836914 21.913999557495117 -2.566999912261963
28.92099952697754 36.48500061035156 -11.003999710083008
28.11199951171875 29.7549991607666 -12.260000228881836
35.018001556396484 18.9950008392334 -1.9259999990463257
33.24700164794922 14.248000144958496 10.678999900817871
34.38999938964844 22.042999267578125 11.135000228881836
34.909000396728516 24.280000686645508 6.045000076293945
47.11899948120117 35.2239990234375 -6.931000232696533
37.106998443603516 33.284000396728516 -11.128999710083008
41.472999572753906 15.4350004196167 5.939000129699707
51.83599853515625 23.66900062561035 6.461999893188477
46.60300064086914 21.42099952697754 -2.9670000076293945
47.86000061035156 20.801000595092773 -6.539999961853027