-3.065999984741211 -16.42799949645996 -35.479000091552734
-1.2170000076293945 -23.18899917602539 -33.152000427246094
7.179999828338623 -30.738000869750977 -26.0310001373291
0.3400000035762787 -31.79800033569336 -15.730999946594238
-7.183000087738037 -17.48699951171875 -28.78700065612793
-5.576000213623047 -23.264999389648438 -31.354999542236328
-3.3389999866485596 -29.481000900268555 -29.805999755859375
7.769000053405762 -30.808000564575195 -35.15599822998047
-0.7870000004768372 -25.108999252319336 -41.78099822998047
3.305000066757202 -22.518999099731445 -34.308998107910156
12.543000221252441 -30.775999069213867 -15.163999557495117
8.236000061035156 -26.98200035095215 -15.628000259399414
6.873000144958496 -19.740999221801758 -39.020999908447266
12.54800033569336 -20.329999923706055 -36.09199905395508
-3.247999906539917 -18.572999954223633 -9.843999862670898
-3.062000036239624 -6.22599983215332 -27.17300033569336
-0.2280000001192093 -1.312999963760376 -23.481000900268555
9.914999961853027 -5.14900016784668 -28.767000198364258
1.934999942779541 -11.083999633789062 -32.31399917602539
-0.4860000014305115 -5.0229997634887695 -31.041000366210938
-3.2760000228881836 -0.3619999885559082 -27.915000915527344
-4.323999881744385 -6.758999824523926 -22.496999740600586
11.052000045776367 -4.3480000495910645 -15.730999946594238
10.732999801635742 -8.538999557495117 -17.99799919128418
-8.329000473022461 -8.8149995803833 -17.301000595092773
-4.317999839782715 -8.114999771118164 -12.788999557495117
16.323999404907227 -14.298999786376953 -35.39699935913086