-19.343000411987305 102.64600372314453 19.47599983215332
-19.631999969482422 99.125 23.013999938964844
-20.170000076293945 93.58300018310547 29.195999145507812
-17.173999786376953 89.94100189208984 26.290000915527344
-13.736000061035156 85.98400115966797 25.534000396728516
-12.720000267028809 88.05699920654297 22.476999282836914
-9.963000297546387 90.41699981689453 21.422000885009766
-24.23200035095215 92.35700225830078 10.293000221252441
-39.22200012207031 83.08699798583984 17.68600082397461
-37.54999923706055 88.3219985961914 18.86400032043457
-31.32699966430664 89.30699920654297 20.709999084472656
-31.51099967956543 89.43000030517578 30.052000045776367
-33.60100173950195 86.58100128173828 28.66200065612793
-33.691001892089844 80.21900177001953 29.674999237060547
-34.5359992980957 76.41899871826172 24.749000549316406
-32.38399887084961 81.86799621582031 13.659000396728516
-23.496000289916992 91.88800048828125 3.3420000076293945
-18.027000427246094 81.44599914550781 4.2220001220703125
-17.608999252319336 81.88400268554688 29.638999938964844
-20.56800079345703 80.62300109863281 37.88199996948242
-18.990999221801758 83.91000366210938 36.71799850463867
-15.069999694824219 81.26100158691406 39.70800018310547
-15.529000282287598 80.12000274658203 36.10200119018555
-18.895999908447266 75.89399719238281 27.832000732421875
-22.339000701904297 84.95099639892578 3.0290000438690186
-28.231000900268555 82.1500015258789 7.5970001220703125
-27.027999877929688 79.33899688720703 9.927000045776367
-24.10700035095215 75.91300201416016 7.072000026702881
-22.834999084472656 72.64099884033203 8.529999732971191
-25.454999923706055 70.72599792480469 18.006000518798828
-24.176000595092773 83.91500091552734 32.63999938964844
-13.225000381469727 81.7770004272461 6.985000133514404
-12.819000244140625 80.68099975585938 21.49799919128418
-9.03600025177002 77.03900146484375 12.246000289916992
-14.520999908447266 88.0719985961914 14.97700023651123
-29.82200050354004 82.96299743652344 35.005001068115234
-35.54899978637695 81.04199981689453 36.659000396728516