39.79100036621094 13.729000091552734 37.46200180053711
43.28900146484375 15.133000373840332 38.099998474121094
48.71200180053711 18.267000198364258 36.04999923706055
57.24700164794922 14.243000030517578 29.48900032043457
49.944000244140625 0.3889999985694885 27.979999542236328
56.3120002746582 2.697000026702881 27.05699920654297
52.909000396728516 16.22599983215332 28.32200050354004
44.7400016784668 14.62399959564209 32.483001708984375
40.47800064086914 3.760999917984009 37.45199966430664
46.165000915527344 6.923999786376953 37.03900146484375
45.016998291015625 8.991999626159668 30.40999984741211
49.01100158691406 4.098999977111816 32.965999603271484
57.10100173950195 3.4159998893737793 47.67399978637695
58.59600067138672 0.7559999823570251 49.9640007019043
59.18299865722656 0.14100000262260437 53.67900085449219
59.507999420166016 6.02400016784668 51.3120002746582
60.77799987792969 6.584000110626221 47.707000732421875
56.1609992980957 1.1399999856948853 37.428001403808594
51.47800064086914 4.418000221252441 39.95100021362305
46.53300094604492 2.443000078201294 56.46099853515625
47.452999114990234 -0.026000000536441803 59.20100021362305
50.91899871826172 1.409999966621399 64.53099822998047
51.38600158691406 -0.16300000250339508 67.97100067138672
57.32500076293945 5.090000152587891 72.99600219726562
58.06100082397461 19.09600067138672 96.94999694824219
48.33000183105469 12.789999961853027 91.18099975585938
48.112998962402344 -1.8839999437332153 69.98200225830078
43.034000396728516 2.4149999618530273 72.25399780273438
61.36800003051758 13.336000442504883 100.46700286865234
60.92499923706055 10.121000289916992 95.76499938964844
41.94599914550781 1.1779999732971191 82.31999969482422
59.0890007019043 2.819999933242798 88.60399627685547
67.9990005493164 15.637999534606934 93.39900207519531
65.9729995727539 17.641000747680664 88.60099792480469
63.79899978637695 6.059999942779541 87.4229965209961
62.457000732421875 5.376999855041504 81.8499984741211
49.358001708984375 -2.9170000553131104 78.2239990234375
41.38999938964844 -5.860000133514404 74.125
39.07600021362305 -8.041999816894531 72.00399780273438
44.409000396728516 -8.473999977111816 70.20899963378906
48.02299880981445 -8.522000312805176 71.34200286865234
54.861000061035156 -2.750999927520752 74.77300262451172
59.400001525878906 11.050000190734863 82.3489990234375
60.82899856567383 18.2189998626709 87.80999755859375
59.98899841308594 23.812999725341797 95.58699798583984
50.55500030517578 19.202999114990234 87.15699768066406
54.018001556396484 7.340000152587891 68.72899627685547
47.909000396728516 5.451000213623047 66.06900024414062
44.676998138427734 3.812000036239624 64.93299865722656
42.94900131225586 5.041999816894531 58.84199905395508
40.624000549316406 5.056000232696533 55.84000015258789
41.768001556396484 6.881999969482422 52.71200180053711
52.80500030517578 17.308000564575195 45.0369987487793
55.30799865722656 12.652999877929688 44.92300033569336
41.31800079345703 9.454000473022461 58.650001525878906
49.80699920654297 10.189000129699707 55.61800003051758
58.87200164794922 10.279000282287598 36.80400085449219
59.597999572753906 12.6899995803833 34.03200149536133
65.1500015258789 13.350000381469727 25.10700035095215
62.38600158691406 15.680000305175781 20.7549991607666
60.02199935913086 11.144000053405762 18.700000762939453
57.361000061035156 9.083000183105469 16.851999282836914
51.374000549316406 7.951000213623047 18.292999267578125
54.92300033569336 9.779000282287598 21.649999618530273
61.13399887084961 6.9029998779296875 21.632999420166016
66.6050033569336 10.10099983215332 30.329999923706055
61.77899932861328 13.99899959564209 38.84700012207031
65.33899688720703 18.238000869750977 40.43199920654297
68.11199951171875 18.209999084472656 37.84199905395508
63.18199920654297 19.202999114990234 35.39500045776367
61.38800048828125 22.072999954223633 37.01599884033203
46.53099822998047 18.059999465942383 42.42599868774414
38.34700012207031 9.532999992370605 47.70399856567383