2.5369999408721924 15.782999992370605 2.86299991607666
-0.07599999755620956 23.54400062561035 -1.253999948501587
-9.501999855041504 30.788999557495117 10.029000282287598
2.9079999923706055 29.735000610351562 1.2690000534057617
3.502000093460083 -7.182000160217285 22.020000457763672
3.509000062942505 -5.929999828338623 12.053999900817871
-1.49399995803833 -2.1489999294281006 13.925999641418457
-3.509000062942505 0.9739999771118164 14.758000373840332
0.2680000066757202 4.244999885559082 17.402000427246094
-7.872000217437744 10.883000373840332 23.16699981689453
-15.682000160217285 15.109000205993652 8.85200023651123
-1.6670000553131104 8.548999786376953 0.09099999815225601
12.605999946594238 10.461999893188477 3.1029999256134033
5.775000095367432 -2.999000072479248 8.034000396728516
-1.0540000200271606 -3.2179999351501465 8.543000221252441
-3.3410000801086426 -2.0889999866485596 5.7210001945495605
-2.4019999504089355 34.94900131225586 18.791000366210938
7.570000171661377 32.4630012512207 10.48900032043457
4.5920000076293945 14.88599967956543 20.143999099731445