28.86400032043457 1.2430000305175781 54.84199905395508
25.893999099731445 3.640000104904175 51.459999084472656
15.538999557495117 -0.33500000834465027 44.02299880981445
20.099000930786133 5.210999965667725 43.02899932861328
22.187999725341797 9.303000450134277 54.819000244140625
21.964000701904297 12.545999526977539 50.215999603271484
15.685999870300293 7.570000171661377 30.14900016784668
11.727999687194824 3.5460000038146973 29.552000045776367
9.04699993133545 -0.08500000089406967 33.4900016784668
11.307000160217285 -0.1289999932050705 26.28499984741211
7.627999782562256 5.046000003814697 25.538000106811523
9.668999671936035 15.036999702453613 23.860000610351562
14.472999572753906 6.051000118255615 48.823001861572266
11.031000137329102 15.677000045776367 44.391998291015625
16.180999755859375 17.422000885009766 44.36399841308594
19.214000701904297 14.980999946594238 21.952999114990234
18.13800048828125 21.70800018310547 22.204999923706055
9.48900032043457 21.347999572753906 40.263999938964844
19.972999572753906 23.858999252319336 40.32099914550781
24.347999572753906 15.555000305175781 23.426000595092773
20.93899917602539 5.210000038146973 25.437000274658203
16.216999053955078 8.652000427246094 23.847999572753906
16.239999771118164 13.064000129699707 26.93400001525879
16.81999969482422 16.000999450683594 52.60100173950195