49.78499984741211 -35.05699920654297 85.8239974975586
45.099998474121094 -33.82500076293945 90.27100372314453
44.854000091552734 -37.00600051879883 85.65399932861328
53.869998931884766 -31.187000274658203 69.2030029296875
41.053001403808594 -24.531999588012695 68.34100341796875
31.770000457763672 -19.898000717163086 60.750999450683594
29.933000564575195 5.711999893188477 68.0999984741211
25.309999465942383 6.255000114440918 65.68000030517578
22.61199951171875 7.492000102996826 71.06099700927734
17.98200035095215 5.790999889373779 78.52400207519531
-2.312999963760376 12.583999633789062 88.94100189208984
-3.8529999256134033 -1.3220000267028809 90.94100189208984
4.670000076293945 -18.753000259399414 88.39700317382812
10.538000106811523 -9.147000312805176 77.45500183105469
-4.585999965667725 -2.124000072479248 78.01499938964844
0.7210000157356262 2.7049999237060547 75.70999908447266
10.194999694824219 -4.810999870300293 98.11699676513672
14.682000160217285 -9.154999732971191 96.64299774169922
-17.791000366210938 10.557999610900879 81.01499938964844
-12.14900016784668 7.3460001945495605 75.822998046875
1.0069999694824219 12.244999885559082 62.01100158691406
-8.39900016784668 17.858999252319336 56.689998626708984
-17.382999420166016 8.154999732971191 66.12100219726562
-18.36400032043457 14.730999946594238 66.27300262451172
5.254000186920166 25.593000411987305 71.63899993896484
7.9770002365112305 24.944000244140625 63.00199890136719
-18.812999725341797 24.035999298095703 59.9109992980957
-19.7450008392334 20.584999084472656 58.62200164794922