25.81399917602539 51.33700180053711 24.80699920654297
25.832000732421875 47.939998626708984 23.131999969482422
22.05699920654297 31.062000274658203 37.58000183105469
31.851999282836914 29.905000686645508 40.66600036621094
34.369998931884766 45.060001373291016 41.457000732421875
35.7859992980957 45.32099914550781 35.555999755859375
38.73899841308594 23.959999084472656 42.71500015258789
39.86399841308594 29.1200008392334 46.1870002746582
35.207000732421875 43.632999420166016 29.250999450683594
40.14500045776367 39.39400100708008 29.093000411987305
45.268001556396484 36.15800094604492 39.986000061035156
48.01300048828125 23.805999755859375 35.2400016784668
49.2760009765625 23.23200035095215 31.63800048828125
47.41400146484375 28.499000549316406 32.694000244140625
50.75400161743164 30.25200080871582 32.95199966430664
47.07600021362305 33.78900146484375 31.166000366210938
44.87300109863281 29.1560001373291 26.985000610351562
39.95100021362305 28.746999740600586 22.427000045776367
40.928001403808594 34.005001068115234 21.618000030517578
30.683000564575195 35.52199935913086 30.551000595092773
39.91600036621094 18.38599967956543 32.40399932861328
54.40800094604492 22.44700050354004 27.739999771118164
53.94900131225586 10.984999656677246 34.999000549316406
50.37799835205078 11.782999992370605 35.972999572753906
45.01499938964844 28.750999450683594 46.957000732421875
44.24700164794922 28.065000534057617 50.604000091552734