28.75 38.97100067138672 13.496999740600586
32.98400115966797 17.01799964904785 22.53700065612793
33.01300048828125 18.166000366210938 29.160999298095703
29.160999298095703 18.527999877929688 34.42399978637695
11.78600025177002 28.118000030517578 25.051000595092773
15.081999778747559 23.999000549316406 22.37700080871582
30.7450008392334 9.961000442504883 36.797000885009766
21.913000106811523 9.9350004196167 38.11899948120117
9.112000465393066 14.36299991607666 31.95199966430664
11.35099983215332 14.925999641418457 22.43400001525879
30.8439998626709 4.938000202178955 28.538999557495117
27.481000900268555 3.3350000381469727 29.263999938964844
8.302000045776367 4.918000221252441 31.658000946044922
11.498000144958496 0.0560000017285347 30.552000045776367
29.176000595092773 4.591000080108643 23.165000915527344
21.358999252319336 6.956999778747559 20.43899917602539
9.446000099182129 10.675000190734863 23.868000030517578
12.532999992370605 9.137999534606934 31.89900016784668
26.375 2.5179998874664307 34.83599853515625
29.52899932861328 8.531999588012695 30.533000946044922
10.109999656677246 21.30500030517578 22.371999740600586
8.519000053405762 28.325000762939453 19.54199981689453