5.105000019073486 19.601999282836914 6.5329999923706055
6.13700008392334 16.3799991607666 4.817999839782715
11.885000228881836 5.355999946594238 8.586999893188477
4.2220001220703125 0.3919999897480011 10.32800006866455
1.5920000076293945 -2.2699999809265137 9.472999572753906
-4.330999851226807 3.941999912261963 11.852999687194824
-2.503999948501587 4.610000133514404 8.565999984741211
3.1010000705718994 2.8359999656677246 6.041999816894531
6.026000022888184 1.1759999990463257 4.355999946594238
6.36899995803833 10.359999656677246 2.2869999408721924
-0.1289999932050705 14.467000007629395 20.020999908447266
0.7329999804496765 9.50100040435791 17.7189998626709
0.12800000607967377 12.930000305175781 -0.7229999899864197
-5.382999897003174 9.597999572753906 6.4039998054504395
5.5320000648498535 10.052000045776367 15.729999542236328
8.720000267028809 9.78499984741211 11.013999938964844
11.62600040435791 15.178000450134277 4.3480000495910645