8.199999809265137 26.920000076293945 21.433000564575195
1.815999984741211 23.12299919128418 36.19200134277344
0.15000000596046448 26.29800033569336 35.007999420166016
-0.02500000037252903 37.167999267578125 34.93600082397461
-8.333000183105469 41.13399887084961 31.902000427246094
-3.7060000896453857 41.79899978637695 36.27799987792969
-2.678999900817871 32.321998596191406 36.404998779296875
-10.579000473022461 27.07900047302246 41.78200149536133
-10.901000022888184 23.547000885009766 37.792999267578125
-9.845000267028809 32.23099899291992 19.968000411987305
-18.174999237060547 35.250999450683594 13.718000411987305
-19.524999618530273 28.30500030517578 37.36899948120117
-13.670000076293945 29.305999755859375 36.52000045776367
-3.747999906539917 38.05799865722656 21.54800033569336
-7.4079999923706055 45.005001068115234 26.583999633789062
-22.516000747680664 40.428001403808594 27.7810001373291
-13.279999732971191 37.582000732421875 32.060001373291016
-1.9630000591278076 38.04399871826172 25.70599937438965
3.26200008392334 34.13199996948242 25.950000762939453
0.5669999718666077 25.090999603271484 22.177000045776367
0.2770000100135803 29.68199920654297 18.267000198364258
-0.6079999804496765 29.687999725341797 14.579999923706055
-3.5739998817443848 31.87700080871582 17.506999969482422
-5.461999893188477 28.676000595092773 16.854000091552734
-8.347999572753906 25.73200035095215 21.340999603271484
-5.456999778747559 21.503000259399414 40.89099884033203
-2.0190000534057617 21.08799934387207 36.47600173950195
-7.438000202178955 23.273000717163086 16.91200065612793
-16.28700065612793 26.85300064086914 18.224000930786133
-13.447999954223633 14.427000045776367 42.952999114990234
-13.3100004196167 9.663000106811523 45.457000732421875