10.902999877929688 53.07500076293945 4.056000232696533
18.649999618530273 43.26499938964844 3.686000108718872
5.992000102996826 43.926998138427734 12.180999755859375
8.151000022888184 49.07500076293945 13.815999984741211
13.151000022888184 57.39799880981445 21.18899917602539
12.836999893188477 58.90299987792969 27.617000579833984
23.156999588012695 63.928001403808594 30.739999771118164
21.392000198364258 58.391998291015625 39.0880012512207
27.690000534057617 28.770999908447266 14.069999694824219
34.79999923706055 29.062000274658203 11.51099967956543
26.75 54.60599899291992 41.845001220703125
28.420000076293945 43.268001556396484 45.17399978637695
19.75 41.13800048828125 46.5629997253418
9.331999778747559 40.71699905395508 35.50899887084961
21.023000717163086 25.319000244140625 19.749000549316406
21.927000045776367 29.670000076293945 15.211000442504883
24.058000564575195 56.24399948120117 16.68899917602539
31.58799934387207 59.04899978637695 32.10300064086914
29.774999618530273 51.082000732421875 23.929000854492188
32.513999938964844 51.94599914550781 13.489999771118164
17.104000091552734 32.89500045776367 3.865000009536743
9.897000312805176 31.924999237060547 9.71399974822998
8.767999649047852 52.3380012512207 37.72200012207031