16.547000885009766 18.1200008392334 4.617000102996826
10.848999977111816 17.43899917602539 1.8020000457763672
7.508999824523926 12.82699966430664 1.1130000352859497
3.9210000038146973 9.746999740600586 3.4010000228881836
10.446999549865723 8.590999603271484 7.872000217437744
15.107000350952148 9.21500015258789 10.989999771118164
17.916000366210938 3.890000104904175 7.474999904632568
17.756999969482422 6.24399995803833 4.51800012588501
15.989999771118164 4.043000221252441 0.032999999821186066
17.349000930786133 1.600000023841858 2.7049999237060547
13.661999702453613 -4.289999961853027 9.156999588012695
6.440999984741211 17.910999298095703 -7.468999862670898
8.762999534606934 18.266000747680664 -12.880000114440918
8.550999641418457 -4.052999973297119 8.307000160217285
9.571000099182129 11.817000389099121 12.140999794006348
0.9419999718666077 12.640999794006348 7.284999847412109
-7.738999843597412 3.4119999408721924 -5.9070000648498535
-2.6730000972747803 5.47599983215332 -4.336999893188477
-4.35099983215332 4.7729997634887695 5.255000114440918
-3.3929998874664307 1.0989999771118164 5.001999855041504
4.439000129699707 -4.982999801635742 11.939000129699707
8.126999855041504 4.449999809265137 5.485000133514404
10.274999618530273 7.3520002365112305 -0.28700000047683716
9.305999755859375 10.998000144958496 -14.029000282287598