24.216999053955078 19.177000045776367 4.453999996185303
19.452999114990234 24.034000396728516 12.9350004196167
21.82699966430664 37.1870002746582 15.961999893188477
20.139999389648438 43.308998107910156 16.562000274658203
21.972999572753906 44.17399978637695 13.357000350952148
16.363000869750977 43.784000396728516 13.489999771118164
17.45800018310547 48.4900016784668 16.125
19.836000442504883 51.39899826049805 15.255000114440918
26.101999282836914 66.64299774169922 30.256000518798828
26.849000930786133 58.762001037597656 14.187999725341797
28.847999572753906 50.80400085449219 19.70599937438965
27.70199966430664 48.4900016784668 26.690000534057617
35.784000396728516 54.67499923706055 25.275999069213867
35.611000061035156 54.71500015258789 34.60599899291992
11.557000160217285 53.82500076293945 24.531999588012695
14.612000465393066 52.56999969482422 22.582000732421875
12.590999603271484 52.43199920654297 17.9060001373291
12.20199966430664 47.75600051879883 12.572999954223633
15.543000221252441 44.85900115966797 7.875999927520752
13.682999610900879 39.49599838256836 6.723999977111816
9.73900032043457 25.822999954223633 6.4720001220703125
15.345999717712402 28.44300079345703 13.878999710083008
16.676000595092773 36.93299865722656 27.084999084472656
8.244999885559082 42.98899841308594 15.513999938964844
8.77400016784668 35.52899932861328 17.656999588012695
11.616999626159668 30.517000198364258 16.309999465942383
13.854999542236328 29.049999237060547 21.009000778198242
21.999000549316406 35.46500015258789 31.569000244140625
28.062000274658203 34.902000427246094 22.6560001373291
18.285999298095703 21.20800018310547 21.71500015258789
28.128999710083008 21.95599937438965 16.91699981689453
24.378000259399414 24.40999984741211 13.586999893188477
26.69499969482422 40.709999084472656 11.576000213623047
33.05699920654297 39.88100051879883 15.0649995803833
32.61399841308594 24.836000442504883 16.58799934387207
29.524999618530273 27.250999450683594 11.147000312805176
26.84600067138672 42.79600143432617 5.730000019073486
32.56100082397461 43.459999084472656 6.098999977111816
39.0629997253418 38.24399948120117 8.911999702453613
29.25 31.910999298095703 3.513000011444092
24.863000869750977 41.358001708984375 1.5839999914169312
21.274999618530273 35.63399887084961 -0.7450000047683716
21.009000778198242 25.945999145507812 1.9769999980926514
20.447999954223633 24.84000015258789 -1.659999966621399