-7.9079999923706055 2.740000009536743 16.42300033569336
-7.72599983215332 -0.6499999761581421 17.988000869750977
5.322999954223633 -14.081999778747559 15.35099983215332
9.407999992370605 -9.416000366210938 22.952999114990234
4.317999839782715 12.125 21.19300079345703
0.057999998331069946 14.366000175476074 25.179000854492188
4.939000129699707 -1.2910000085830688 27.788000106811523
4.138999938964844 -4.993000030517578 28.291000366210938
4.375999927520752 -10.461999893188477 24.660999298095703
5.296999931335449 -14.159000396728516 24.427000045776367
-1.465999960899353 -11.329999923706055 20.976999282836914
-5.803999900817871 4.644000053405762 21.047000885009766
-3.5739998817443848 10.222000122070312 18.31399917602539
17.992000579833984 -7.199999809265137 38.196998596191406
14.11299991607666 -3.8980000019073486 34.0989990234375
15.293000221252441 -0.8679999709129333 22.239999771118164
9.645000457763672 1.902999997138977 14.98799991607666
-6.770999908447266 12.46399974822998 12.92300033569336
-6.459000110626221 10.336000442504883 6.396999835968018
14.454000473022461 2.5940001010894775 10.418999671936035
16.72100067138672 -1.6059999465942383 13.348999977111816
16.44700050354004 -4.206999778747559 16.12700080871582
7.7820000648498535 -5.7210001945495605 12.034000396728516
-10.694999694824219 -1.937000036239624 7.25600004196167
-10.654000282287598 2.98799991607666 2.681999921798706
-8.050000190734863 4.038000106811523 0.22300000488758087
4.031000137329102 -0.8769999742507935 6.000999927520752
10.24899959564209 -8.019000053405762 7.355999946594238
18.5 -6.2220001220703125 8.579999923706055
24.44499969482422 -4.390999794006348 8.694999694824219
30.552000045776367 -3.2149999141693115 10.781000137329102
26.496000289916992 -3.063999891281128 14.180000305175781
25.89699935913086 -9.253000259399414 21.4950008392334
24.719999313354492 -8.625 15.468000411987305
22.32200050354004 1.6799999475479126 14.04800033569336
23.858999252319336 6.568999767303467 10.208000183105469
24.799999237060547 12.581000328063965 14.232999801635742
23.06800079345703 16.88599967956543 9.184000015258789
18.472999572753906 15.86400032043457 8.015000343322754
24.937999725341797 4.877999782562256 0.9369999766349792
13.17300033569336 -3.0810000896453857 3.5959999561309814
11.333000183105469 4.515999794006348 5.888000011444092
15.081999778747559 4.306000232696533 5.317999839782715
-2.1449999809265137 6.11299991607666 4.396999835968018
-11.960000038146973 6.01200008392334 7.7870001792907715
-7.836999893188477 -0.6129999756813049 13.008000373840332
8.701000213623047 -11.050999641418457 12.779000282287598
5.995999813079834 -11.090999603271484 10.079999923706055