89.55799865722656 18.597000122070312 15.437999725341797
93.41699981689453 16.285999298095703 23.93600082397461
86.21499633789062 23.115999221801758 37.415000915527344
78.31099700927734 16.283000946044922 35.029998779296875
84.29299926757812 9.137999534606934 21.424999237060547
92.52100372314453 11.645000457763672 24.950000762939453
93.97699737548828 16.97100067138672 39.53300094604492
85.14700317382812 13.675999641418457 43.12200164794922
94.98500061035156 13.821000099182129 35.79999923706055
97.66999816894531 20.256999969482422 36.941001892089844
95.49700164794922 23.05500030517578 35.62799835205078
95.3030014038086 20.30699920654297 25.768999099731445
90.28299713134766 22.280000686645508 24.604000091552734
82.08100128173828 22.429000854492188 34.5620002746582
80.43800354003906 31.141000747680664 35.722999572753906
94.14299774169922 32.49700164794922 29.635000228881836
90.29299926757812 26.927000045776367 23.631999969482422
76.41000366210938 26.385000228881836 33.10499954223633
76.48600006103516 24.841999053955078 27.454999923706055
73.24199676513672 23.547000885009766 28.996999740600586
75.76000213623047 19.285999298095703 27.035999298095703
83.0510025024414 18.88599967956543 14.946999549865723
81.98999786376953 27.139999389648438 17.07200050354004
106.89199829101562 49.96500015258789 46.077999114990234
100.63999938964844 40.59299850463867 41.404998779296875
88.72100067138672 38.334999084472656 34.28499984741211
87.05699920654297 42.95500183105469 38.236000061035156
89.41600036621094 45.60499954223633 55.43199920654297
88.6520004272461 55.29800033569336 52.20899963378906
97.94100189208984 56.755001068115234 31.808000564575195
98.02899932861328 61.709999084472656 34.43199920654297
83.76300048828125 52.72800064086914 50.154998779296875
86.11000061035156 51.715999603271484 47.3390007019043
86.4209976196289 44.37300109863281 32.229000091552734
83.1510009765625 40.50600051879883 31.010000228881836
78.8030014038086 41.19499969482422 37.5359992980957
79.6240005493164 43.224998474121094 40.702999114990234
77.08399963378906 48.930999755859375 41.83000183105469
77.0009994506836 47.1609992980957 30.538000106811523
79.6719970703125 44.40599822998047 25.13599967956543
87.43399810791016 49.21099853515625 27.309999465942383
79.21399688720703 55.145999908447266 47.30699920654297
83.9729995727539 56.26100158691406 33.632999420166016
91.65699768066406 48.9379997253418 27.72100067138672
95.32599639892578 53.00299835205078 36.17300033569336
97.6520004272461 58.1609992980957 52.33700180053711
93.58699798583984 48.834999084472656 52.30799865722656
87.35900115966797 38.233001708984375 41.180999755859375
95.25299835205078 41.05699920654297 49.27899932861328
101.11100006103516 47.99100112915039 52.768001556396484
100.65699768066406 52.257999420166016 45.05400085449219
77.37699890136719 28.56800079345703 16.714000701904297
75.31900024414062 37.691001892089844 23.694000244140625
64.63700103759766 40.49100112915039 32.22700119018555
61.803001403808594 42.74700164794922 26.76799964904785
61.99700164794922 40.66299819946289 23.586000442504883
56.125 43.73400115966797 16.506000518798828