2.180999994277954 67.1500015258789 49.321998596191406
-0.0989999994635582 61.736000061035156 49.237998962402344
-10.137999534606934 57.15700149536133 31.636999130249023
2.1649999618530273 29.94499969482422 45.051998138427734
-3.325000047683716 47.124000549316406 30.756999969482422
-4.296000003814697 52.99399948120117 26.934999465942383
9.61299991607666 59.45399856567383 30.08799934387207
6.339000225067139 55.36600112915039 19.30699920654297
1.5399999618530273 55.422000885009766 17.437000274658203
-0.7260000109672546 52.92300033569336 15.76200008392334
5.000999927520752 49.064998626708984 10.029999732971191
7.752999782562256 45.37099838256836 28.665000915527344
0.6489999890327454 41.499000549316406 48.400001525878906
7.77400016784668 43.47999954223633 51.242000579833984
9.034000396728516 36.268001556396484 25.198999404907227
-5.098999977111816 41.09299850463867 30.7189998626709
16.648000717163086 34.21099853515625 56.3380012512207
14.918000221252441 36.85499954223633 51.6349983215332
-4.38700008392334 33.81999969482422 28.461000442504883
0.6669999957084656 32.50600051879883 26.33099937438965
9.911999702453613 42.20600128173828 57.3390007019043