6.085999965667725 24.7810001373291 26.558000564575195
14.369999885559082 23.761999130249023 30.475000381469727
26.402000427246094 21.48200035095215 29.847000122070312
23.274999618530273 36.845001220703125 38.95899963378906
25.95599937438965 26.363000869750977 20.83300018310547
26.87299919128418 30.92300033569336 15.92199993133545
24.01099967956543 30.67099952697754 9.289999961853027
24.08300018310547 27.219999313354492 7.673999786376953
21.655000686645508 26.913000106811523 2.003999948501587
9.789999961853027 27.8799991607666 20.31599998474121
18.9689998626709 18.413000106811523 16.81599998474121
21.910999298095703 29.39900016784668 14.762999534606934
22.246999740600586 33.10499954223633 14.329000473022461
21.17799949645996 35.93899917602539 16.69300079345703
12.42199993133545 33.01499938964844 36.74300003051758
12.583999633789062 39.185001373291016 34.297000885009766
28.367000579833984 48.68000030517578 13.657999992370605
20.5310001373291 42.23699951171875 15.657999992370605
17.113000869750977 43.409000396728516 41.816001892089844
19.261999130249023 46.84600067138672 37.99800109863281
23.461999893188477 38.638999938964844 24.249000549316406
26.743999481201172 43.5359992980957 31.225000381469727
23.700000762939453 48.99700164794922 31.46299934387207
27.5 54.137001037597656 30.368000030517578
31.31599998474121 54.58399963378906 30.572999954223633
34.52299880981445 49.14799880981445 31.863000869750977
35.44300079345703 42.52399826049805 32.90299987792969
33.4119987487793 45.51900100708008 27.263999938964844
25.408000946044922 58.76300048828125 22.670000076293945
23.81599998474121 53.10200119018555 23.628999710083008
43.8650016784668 45.152000427246094 19.93600082397461
41.125999450683594 49.82400131225586 20.865999221801758
17.92099952697754 51.900001525878906 22.367000579833984
10.741999626159668 44.007999420166016 20.781999588012695
8.38599967956543 41.04399871826172 20.542999267578125
8.586999893188477 37.832000732421875 18.58300018310547
16.898000717163086 38.709999084472656 0.9480000138282776
25.25200080871582 38.834999084472656 3.8610000610351562
28.68899917602539 33.88100051879883 2.7760000228881836
29.506999969482422 33.172000885009766 9.168999671936035
36.029998779296875 28.493999481201172 24.299999237060547
40.01300048828125 31.367000579833984 22.927000045776367
33.81999969482422 33.143001556396484 4.388000011444092
38.9640007019043 33.1619987487793 6.790999889373779
43.00600051879883 34.80799865722656 25.67099952697754
46.000999450683594 32.505001068115234 14.414999961853027
40.5359992980957 27.944000244140625 3.756999969482422
34.7239990234375 23.68000030517578 -0.1340000033378601
33.696998596191406 24.253999710083008 15.079999923706055
26.73699951171875 18.305999755859375 2.26200008392334
28.836000442504883 32.310001373291016 -3.881999969482422
37.08000183105469 30.983999252319336 -5.265999794006348