21.958999633789062 18.191999435424805 19.308000564575195
21.18899917602539 13.0 14.144000053405762
22.101999282836914 10.914999961853027 17.14900016784668
27.98200035095215 4.0879998207092285 14.256999969482422
23.92099952697754 6.494999885559082 0.10499999672174454
27.573999404907227 10.85099983215332 0.6420000195503235
30.30299949645996 10.673999786376953 18.548999786376953
31.070999145507812 14.541000366210938 16.405000686645508
30.014999389648438 6.158999919891357 2.236999988555908
34.94200134277344 5.639999866485596 6.885000228881836
36.0099983215332 26.264999389648438 22.577999114990234
36.47200012207031 25.52199935913086 17.05299949645996
43.262001037597656 16.143999099731445 11.85200023651123
42.926998138427734 21.576000213623047 10.701000213623047
35.125 28.20599937438965 12.928000450134277
31.0049991607666 22.75 10.87600040435791
40.470001220703125 18.798999786376953 -0.5669999718666077
41.21500015258789 10.619999885559082 3.0380001068115234
45.665000915527344 6.064000129699707 0.722000002861023
41.53099822998047 10.147000312805176 -2.634000062942505
36.051998138427734 13.732000350952148 -0.8159999847412109
26.757999420166016 15.866000175476074 -0.07599999755620956
22.62299919128418 12.177000045776367 3.303999900817871
18.913000106811523 13.180999755859375 3.674999952316284