48.1609992980957 34.63999938964844 16.384000778198242
48.8489990234375 28.804000854492188 19.566999435424805
68.23200225830078 33.959999084472656 20.917999267578125
60.65700149536133 36.270999908447266 15.652999877929688
52.064998626708984 23.08300018310547 5.394000053405762
56.39799880981445 21.48699951171875 5.081999778747559
58.07899856567383 24.805999755859375 5.754000186920166
63.808998107910156 42.487998962402344 12.657999992370605
68.8010025024414 37.53900146484375 9.720999717712402
74.35199737548828 31.243000030517578 12.711999893188477
77.80599975585938 30.03700065612793 11.734000205993652
60.71699905395508 18.954999923706055 12.300000190734863
62.09700012207031 23.148000717163086 6.788000106811523
60.220001220703125 41.98400115966797 8.144000053405762
56.119998931884766 46.810001373291016 0.9869999885559082
63.28300094604492 37.88399887084961 -3.628000020980835
63.29899978637695 44.2239990234375 -8.779999732971191
36.84400177001953 46.678001403808594 -3.7200000286102295
41.23099899291992 43.512001037597656 -3.2139999866485596
64.20700073242188 41.891998291015625 -15.519000053405762
61.78200149536133 35.2599983215332 -13.305999755859375
61.231998443603516 29.41900062561035 -6.906000137329102
61.29800033569336 25.677000045776367 -7.580999851226807
46.292999267578125 41.96699905395508 3.23799991607666
47.56999969482422 41.40399932861328 -0.2879999876022339
56.08100128173828 40.68600082397461 -14.395000457763672