-20.770999908447266 15.657999992370605 -22.656999588012695
-25.625 5.446000099182129 -23.652999877929688
-26.11400032043457 9.189000129699707 -7.308000087738037
-29.246000289916992 2.8499999046325684 -6.6570000648498535
-30.177000045776367 -0.4569999873638153 -5.031000137329102
-27.003999710083008 -1.6330000162124634 -11.121999740600586
-35.49399948120117 -1.9210000038146973 -17.332000732421875
-24.062000274658203 1.25 -19.145000457763672
-21.785999298095703 6.302999973297119 -7.011000156402588
-25.2810001373291 0.6179999709129333 -4.38100004196167
-27.472999572753906 0.19599999487400055 -1.309999942779541
-20.985000610351562 -0.8220000267028809 -2.453000068664551
-19.634000778198242 2.4609999656677246 -0.9810000061988831
-16.76099967956543 1.8329999446868896 -9.730999946594238
-27.391000747680664 -8.9399995803833 -26.589000701904297
-25.30299949645996 -20.625 -26.61199951171875
-2.6700000762939453 2.180000066757202 -14.050999641418457
-4.77400016784668 -11.309000015258789 -11.751999855041504
-11.329999923706055 -18.10300064086914 -11.942999839782715
-12.741000175476074 -12.187999725341797 -9.618000030517578
-1.3589999675750732 -9.970999717712402 -4.454999923706055
-6.451000213623047 -9.357999801635742 -2.265000104904175
-32.165000915527344 -14.61400032043457 -20.04400062561035
-27.320999145507812 -10.52400016784668 -20.763999938964844
-12.545999526977539 -0.9319999814033508 -5.673999786376953
-9.51099967956543 -6.686999797821045 0.03400000184774399
-7.673999786376953 -3.8420000076293945 -1.6419999599456787
-6.6020002365112305 1.1080000400543213 -6.6519999504089355
-0.9649999737739563 5.291999816894531 -2.5139999389648438
-12.852999687194824 7.5960001945495605 -10.906000137329102
-14.178999900817871 -14.538000106811523 -32.534000396728516
-10.04800033569336 -15.180999755859375 -28.520999908447266
-3.871999979019165 -13.12600040435791 -16.840999603271484
-5.146999835968018 -15.795999526977539 -14.480999946594238
-3.7760000228881836 -17.32699966430664 -11.307000160217285
-3.5759999752044678 -25.41200065612793 -5.113999843597412
-20.07699966430664 -27.361000061035156 -4.500999927520752
-15.468000411987305 -30.395000457763672 -2.2669999599456787
-9.9350004196167 -25.382999420166016 -21.51099967956543
-11.097999572753906 -24.791000366210938 -14.946999549865723
-6.000999927520752 -33.83700180053711 -8.010000228881836
-8.305999755859375 -34.529998779296875 -13.763999938964844
-18.034000396728516 -25.461999893188477 -14.859000205993652
-16.993999481201172 -21.566999435424805 -5.525000095367432
-5.321000099182129 -22.63599967956543 -0.07699999958276749