17.58799934387207 21.746999740600586 18.948999404907227
13.942999839782715 21.339000701904297 17.982999801635742
1.7289999723434448 11.234999656677246 28.913000106811523
-3.010999917984009 6.715000152587891 30.43199920654297
1.5800000429153442 3.437000036239624 30.981000900268555
1.8609999418258667 -0.19200000166893005 32.1510009765625
5.35099983215332 4.716000080108643 30.5
6.320000171661377 1.4550000429153442 28.76799964904785
8.557999610900879 0.8809999823570251 23.75200080871582
10.397000312805176 23.009000778198242 8.104999542236328
6.866000175476074 13.20300006866455 5.9770002365112305
6.447999954223633 11.479000091552734 -3.6730000972747803
9.946000099182129 8.357999801635742 -0.7350000143051147
17.117000579833984 7.5279998779296875 33.49399948120117
4.355999946594238 16.92799949645996 30.634000778198242
25.906999588012695 11.569999694824219 5.179999828338623
21.895999908447266 8.27400016784668 6.060999870300293
10.967000007629395 20.13599967956543 33.685001373291016
14.87399959564209 16.21500015258789 35.11600112915039
11.064000129699707 2.313999891281128 -5.949999809265137
16.011999130249023 0.7149999737739563 -3.703000068664551
18.72800064086914 6.230000019073486 -2.7139999866485596
18.589000701904297 17.493000030517578 -2.1050000190734863
19.750999450683594 20.916000366210938 7.864999771118164