10.58899974822998 29.933000564575195 16.865999221801758
13.98900032043457 21.886999130249023 18.666000366210938
15.652000427246094 18.981000900268555 23.410999298095703
15.920000076293945 13.28499984741211 21.399999618530273
8.491000175476074 -8.89799976348877 20.516000747680664
11.342000007629395 -6.666999816894531 29.642000198364258
17.764999389648438 8.61400032043457 32.65599822998047
12.114999771118164 12.133000373840332 23.98900032043457
7.235000133514404 -5.150000095367432 21.979999542236328
0.5360000133514404 1.9700000286102295 34.33000183105469
-3.3429999351501465 6.760000228881836 33.14699935913086
-2.372999906539917 4.427000045776367 25.41699981689453
11.635000228881836 5.132999897003174 37.577999114990234
8.878000259399414 9.366999626159668 36.21900177001953
-0.052000001072883606 -1.9850000143051147 19.89900016784668
5.422999858856201 1.8209999799728394 18.261999130249023
10.071999549865723 13.14799976348877 30.44300079345703
-1.5069999694824219 16.636999130249023 22.78700065612793
-3.240000009536743 6.508999824523926 9.63599967956543
2.364000082015991 7.617000102996826 12.755000114440918
4.525000095367432 23.224000930786133 23.673999786376953
7.111000061035156 21.207000732421875 19.08099937438965
8.472000122070312 2.5360000133514404 7.205999851226807
8.942000389099121 6.684999942779541 3.8329999446868896
-4.1479997634887695 21.6560001373291 6.99399995803833
-2.5759999752044678 28.96299934387207 12.736000061035156
3.385999917984009 26.516000747680664 12.503000259399414
8.020000457763672 22.66200065612793 14.666000366210938
12.763999938964844 4.921000003814697 7.435999870300293
18.70199966430664 9.680000305175781 3.859999895095825
15.097000122070312 12.911999702453613 -3.556999921798706
9.397000312805176 20.20199966430664 -3.740000009536743
9.979000091552734 22.78700065612793 4.426000118255615
12.222999572753906 20.225000381469727 6.116000175476074
21.236000061035156 11.690999984741211 9.840999603271484
22.347000122070312 -1.1649999618530273 11.593999862670898
24.663000106811523 -4.125999927520752 11.286999702453613
17.39299964904785 5.339000225067139 11.394000053405762
4.6579999923706055 23.378999710083008 7.46999979019165
23.176000595092773 16.851999282836914 14.37399959564209
24.427000045776367 6.697999954223633 20.847000122070312
19.77199935913086 -1.3309999704360962 15.083999633789062
21.68899917602539 1.2089999914169312 17.094999313354492
20.518999099731445 7.408999919891357 17.16200065612793
22.246000289916992 20.81800079345703 18.969999313354492