55.83000183105469 21.086000442504883 38.547000885009766
53.551998138427734 15.482000350952148 36.09600067138672
42.034000396728516 -7.178999900817871 38.823001861572266
41.64899826049805 -10.220999717712402 41.0629997253418
49.625 -13.454999923706055 39.29499816894531
48.45899963378906 -6.188000202178955 29.323999404907227
53.441001892089844 12.694000244140625 25.909000396728516
56.54999923706055 14.63700008392334 25.094999313354492
56.12699890136719 12.465999603271484 33.5099983215332
42.27000045776367 -6.705999851226807 43.70500183105469
36.29199981689453 -1.3250000476837158 46.90700149536133
51.518001556396484 11.53600025177002 45.391998291015625
48.85100173950195 12.739999771118164 40.65399932861328
39.22200012207031 -3.1440000534057617 35.2130012512207
35.858001708984375 0.38999998569488525 40.45100021362305
35.76900100708008 12.201000213623047 44.029998779296875
32.505001068115234 15.991000175476074 41.85900115966797
29.613000869750977 13.029000282287598 33.34400177001953
30.60099983215332 1.8919999599456787 17.698999404907227
26.36199951171875 -3.3940000534057617 21.531999588012695
30.209999084472656 -0.45100000500679016 31.236000061035156
35.303001403808594 9.942999839782715 35.856998443603516
40.56999969482422 18.209999084472656 44.36800003051758
43.1870002746582 15.34000015258789 40.244998931884766
38.108001708984375 -0.5849999785423279 30.027000427246094
44.361000061035156 -3.2079999446868896 25.33099937438965
46.17499923706055 24.715999603271484 37.48400115966797
51.84299850463867 15.994000434875488 23.507999420166016
53.37099838256836 14.418999671936035 20.45800018310547
40.56999969482422 26.715999603271484 23.506000518798828