36.323001861572266 18.871999740600586 43.73400115966797
31.301000595092773 28.89900016784668 42.70000076293945
36.678001403808594 28.5939998626709 40.529998779296875
38.194000244140625 33.625999450683594 36.757999420166016
19.913000106811523 16.224000930786133 19.062999725341797
15.895999908447266 21.39900016784668 23.718000411987305
29.551000595092773 31.114999771118164 35.80099868774414
40.56700134277344 42.08599853515625 28.64699935913086
9.428999900817871 25.625 22.900999069213867
8.07699966430664 33.715999603271484 24.016000747680664
26.086000442504883 43.422000885009766 20.79400062561035
21.090999603271484 40.44200134277344 13.312999725341797
1.562000036239624 39.733001708984375 20.44499969482422
3.247999906539917 43.224998474121094 16.940000534057617
20.224000930786133 41.327999114990234 5.7230000495910645
14.503999710083008 34.61199951171875 3.4749999046325684
-9.246999740600586 45.28799819946289 12.324999809265137