13.180999755859375 6.763999938964844 87.78399658203125
13.770999908447266 5.373000144958496 81.43299865722656
13.614999771118164 4.914000034332275 77.68299865722656
17.832000732421875 6.863999843597412 82.40499877929688
16.076000213623047 10.192999839782715 81.78500366210938
6.7769999504089355 4.495999813079834 81.92500305175781
4.557000160217285 0.6359999775886536 66.80999755859375
6.984000205993652 13.059000015258789 65.36499786376953
3.243000030517578 19.235000610351562 71.39299774169922
10.222999572753906 11.220999717712402 77.22899627685547
11.986000061035156 3.193000078201294 68.1760025024414
13.12399959564209 13.277000427246094 64.07599639892578
5.6020002365112305 26.134000778198242 77.31400299072266
11.571000099182129 27.891000747680664 80.24199676513672
23.761999130249023 11.189000129699707 71.8499984741211
20.825000762939453 15.717000007629395 69.15699768066406
15.425999641418457 16.558000564575195 67.94200134277344
2.7950000762939453 28.524999618530273 72.34200286865234
1.3320000171661377 25.18600082397461 71.15299987792969
7.2729997634887695 25.350000381469727 57.106998443603516
3.937999963760376 14.557000160217285 60.84299850463867
-0.5649999976158142 15.416999816894531 76.54000091552734
-5.873000144958496 19.378000259399414 82.18599700927734
-6.767000198364258 20.84000015258789 76.84100341796875
-7.250999927520752 18.53499984741211 71.48400115966797
-3.265000104904175 22.992000579833984 57.42900085449219
-0.47999998927116394 14.986000061035156 58.77399826049805
-10.116000175476074 9.607999801635742 82.45800018310547
-14.82800006866455 11.626999855041504 64.78700256347656
-13.02400016784668 15.829000473022461 60.64799880981445
-9.909000396728516 11.442000389099121 61.78200149536133
-5.540999889373779 4.144000053405762 86.19100189208984
-4.764999866485596 8.23900032043457 82.38800048828125
-7.4019999504089355 9.086000442504883 59.082000732421875