19.273000717163086 42.909000396728516 31.850000381469727
33.637001037597656 48.8849983215332 30.964000701904297
27.073999404907227 30.63800048828125 25.461000442504883
28.158000946044922 27.327999114990234 23.875999450683594
30.31100082397461 23.402000427246094 8.71399974822998
29.097999572753906 28.53499984741211 5.039000034332275
23.98900032043457 31.18199920654297 5.189000129699707
21.996999740600586 36.71900177001953 4.223999977111816
11.251999855041504 40.334999084472656 9.64900016784668
19.820999145507812 33.507999420166016 26.591999053955078
19.577999114990234 44.69900131225586 26.434999465942383
23.597999572753906 43.04899978637695 12.074000358581543
23.673999786376953 41.816001892089844 4.744999885559082
27.084999084472656 43.57600021362305 7.473999977111816
27.309999465942383 37.617000579833984 -2.9260001182556152
35.85100173950195 34.91299819946289 1.7760000228881836
38.39099884033203 32.79399871826172 5.578999996185303
35.6879997253418 33.46799850463867 13.102999687194824
31.312000274658203 31.89900016784668 16.996999740600586
22.2549991607666 30.93400001525879 19.545000076293945
22.43400001525879 30.672000885009766 14.0649995803833
33.66999816894531 41.819000244140625 18.273000717163086
37.15800094604492 38.441001892089844 17.077999114990234
29.02400016784668 41.869998931884766 16.849000930786133
19.61400032043457 26.738000869750977 6.928999900817871
25.832000732421875 24.76799964904785 12.682000160217285
31.649999618530273 21.586999893188477 20.288000106811523