68.72599792480469 82.31700134277344 76.68099975585938
67.56800079345703 78.36699676513672 81.48400115966797
51.37200164794922 53.012001037597656 64.0780029296875
45.983001708984375 50.61199951171875 71.2300033569336
56.90999984741211 78.87899780273438 85.6050033569336
55.83700180053711 62.52799987792969 92.38899993896484
58.6349983215332 42.02199935913086 82.76000213623047
71.27999877929688 47.630001068115234 71.75800323486328
68.91600036621094 52.32899856567383 68.09200286865234
59.553001403808594 51.91699981689453 62.35499954223633
67.66200256347656 78.53399658203125 90.00199890136719
60.52299880981445 66.8479995727539 89.45700073242188
58.020999908447266 47.30699920654297 69.6510009765625
69.5510025024414 45.599998474121094 66.6240005493164
76.24099731445312 45.909000396728516 68.74299621582031
86.79299926757812 41.70500183105469 66.18099975585938