3.4709999561309814 26.975000381469727 -10.310999870300293
5.535999774932861 23.819000244140625 -10.12600040435791
7.822000026702881 10.5600004196167 -1.4730000495910645
3.5769999027252197 5.9039998054504395 -4.383999824523926
-3.989000082015991 23.98699951171875 -10.888999938964844
1.9919999837875366 21.385000228881836 -12.222999572753906
10.631999969482422 8.230999946594238 -5.063000202178955
15.649999618530273 10.651000022888184 -1.906999945640564
13.85099983215332 24.239999771118164 -9.815999984741211
7.816999912261963 24.23900032043457 -3.9059998989105225
10.293000221252441 12.282999992370605 6.2769999504089355
10.057999610900879 8.477999687194824 6.086999893188477
11.718000411987305 7.888000011444092 2.697000026702881
13.029999732971191 4.679999828338623 1.2549999952316284
16.472999572753906 7.796000003814697 4.672999858856201
15.60200023651123 10.800999641418457 6.839000225067139
13.883000373840332 13.375 4.664999961853027
22.82900047302246 25.229999542236328 -0.492000013589859
9.689000129699707 23.089000701904297 1.6779999732971191
4.940000057220459 12.12399959564209 11.84000015258789
4.181000232696533 15.255000114440918 13.899999618530273
16.81800079345703 24.292999267578125 13.602999687194824
5.373000144958496 24.26099967956543 6.684000015258789
0.7639999985694885 12.079000473022461 8.192000389099121
-4.813000202178955 16.483999252319336 1.055999994277954
0.3050000071525574 31.533000946044922 -4.184999942779541
-4.25 31.736000061035156 -11.720999717712402