8.762999534606934 40.06100082397461 23.30299949645996
9.456999778747559 38.965999603271484 19.715999603271484
14.123000144958496 25.55699920654297 19.812000274658203
32.39799880981445 3.7360000610351562 32.54399871826172
21.600000381469727 30.43400001525879 12.517000198364258
24.27899932861328 35.5629997253418 14.074000358581543
28.586999893188477 37.76499938964844 11.312000274658203
32.034000396728516 32.73699951171875 9.25100040435791
16.437000274658203 18.187999725341797 34.6619987487793
20.38800048828125 14.637999534606934 35.25199890136719
14.685999870300293 11.0649995803833 27.836999893188477
19.427000045776367 8.54800033569336 29.524999618530273
21.483999252319336 9.409000396728516 39.1870002746582
24.33099937438965 9.673999786376953 41.724998474121094
33.55500030517578 8.824000358581543 36.93000030517578
30.417999267578125 12.567999839782715 40.242000579833984
11.493000030517578 28.90999984741211 38.84400177001953
11.369999885559082 28.159000396728516 29.073999404907227
28.825000762939453 36.479000091552734 25.545000076293945
33.93199920654297 43.12900161743164 18.202999114990234
7.997000217437744 39.72800064086914 36.35499954223633
15.04699993133545 39.29600143432617 37.970001220703125
24.25200080871582 36.33399963378906 37.60599899291992
26.16200065612793 32.737998962402344 33.948001861572266
42.34299850463867 7.090000152587891 24.361000061035156
34.88600158691406 14.093999862670898 14.585000038146973
42.034000396728516 23.74799919128418 24.983999252319336