5.605000019073486 59.54199981689453 25.141000747680664
5.182000160217285 51.356998443603516 16.357999801635742
4.6479997634887695 53.10200119018555 6.947000026702881
1.902999997138977 50.529998779296875 10.993000030517578
7.635000228881836 47.104000091552734 17.332000732421875
1.5700000524520874 39.404998779296875 10.435999870300293
3.1700000762939453 43.3390007019043 7.0
5.942999839782715 43.573001861572266 0.7770000100135803
16.100000381469727 49.54399871826172 -0.6439999938011169
22.572999954223633 50.39400100708008 4.043000221252441
24.889999389648438 47.51100158691406 4.921999931335449
28.409000396728516 47.819000244140625 6.335000038146973
31.48200035095215 52.15599822998047 4.547999858856201
21.329999923706055 48.29800033569336 0.4339999854564667
19.850000381469727 45.4109992980957 2.361999988555908
21.141000747680664 24.413999557495117 -2.8399999141693115
10.220000267028809 27.882999420166016 -3.7790000438690186
13.12600040435791 37.50199890136719 3.130000114440918
15.541999816894531 45.08100128173828 9.069999694824219
17.42099952697754 48.42399978637695 11.062000274658203
27.270999908447266 41.099998474121094 13.211000442504883
26.687999725341797 43.064998626708984 22.677000045776367
18.297000885009766 39.055999755859375 24.5
3.25 35.16299819946289 3.3269999027252197
17.260000228881836 24.631999969482422 11.935999870300293
32.86399841308594 47.07400131225586 -1.4040000438690186
41.12699890136719 38.85100173950195 1.1660000085830688
35.64699935913086 31.85300064086914 5.14300012588501
31.47599983215332 37.04800033569336 -8.442999839782715
25.423999786376953 38.1510009765625 -9.097999572753906
17.398000717163086 52.73699951171875 -4.118000030517578
-0.515999972820282 23.17799949645996 -7.290999889373779
-4.289000034332275 23.54599952697754 -7.007999897003174