-7.89300012588501 1.3509999513626099 6.769000053405762
-13.0 -7.574999809265137 15.269000053405762
6.613999843597412 -3.3429999351501465 36.7599983215332
7.078999996185303 -3.9100000858306885 26.815000534057617
1.184999942779541 9.229000091552734 19.40999984741211
-0.1860000044107437 4.25 21.267000198364258
9.942000389099121 -8.737000465393066 26.645000457763672
-3.503000020980835 -0.35100001096725464 21.381999969482422
-3.7049999237060547 4.039999961853027 35.45600128173828
-4.934999942779541 8.496000289916992 32.27199935913086
-3.8949999809265137 7.581999778747559 25.927000045776367
4.446000099182129 9.838000297546387 22.233999252319336
4.263999938964844 4.765999794006348 37.38199996948242
1.2619999647140503 -1.690000057220459 38.97100067138672
-8.72599983215332 -12.215999603271484 13.564000129699707
-11.609999656677246 -14.36400032043457 12.616999626159668