-3.865999937057495 10.95199966430664 64.21299743652344
-9.859999656677246 21.743000030517578 56.19599914550781
14.741999626159668 33.196998596191406 43.97100067138672
13.107000350952148 28.575000762939453 41.301998138427734
-7.315000057220459 19.510000228881836 62.827999114990234
-10.736000061035156 25.288000106811523 66.50199890136719
-5.627999782562256 36.76599884033203 53.78900146484375
9.204999923706055 33.70800018310547 54.22800064086914
10.555999755859375 30.79599952697754 56.23699951171875
14.53600025177002 29.927000045776367 60.2239990234375
18.22800064086914 20.722000122070312 59.41699981689453
12.166000366210938 22.009000778198242 61.553001403808594
4.822000026702881 33.12699890136719 59.902000427246094
-4.426000118255615 33.72200012207031 72.0479965209961
-4.39300012588501 30.805999755859375 74.4990005493164
3.364000082015991 18.207000732421875 61.948001861572266
5.7210001945495605 28.753000259399414 67.83899688720703
0.28999999165534973 32.06999969482422 70.09100341796875
0.3779999911785126 34.58700180053711 67.26100158691406
4.559000015258789 28.209999084472656 63.222999572753906
10.994999885559082 17.285999298095703 59.81100082397461
9.881999969482422 15.26099967956543 71.84700012207031
5.7230000495910645 18.09000015258789 73.23200225830078
0.0020000000949949026 20.867000579833984 67.17400360107422
4.460999965667725 18.14699935913086 49.250999450683594
6.611999988555908 16.815000534057617 52.07899856567383
18.54199981689453 21.51300048828125 52.98899841308594
21.829999923706055 28.801000595092773 55.84199905395508
24.511999130249023 30.886999130249023 57.452999114990234
24.562999725341797 32.7599983215332 60.70399856567383
18.506000518798828 31.83099937438965 58.27399826049805
18.37700080871582 30.8700008392334 54.577999114990234
20.98900032043457 32.69499969482422 52.48699951171875
12.482999801635742 30.97800064086914 50.97999954223633
-8.145999908447266 24.236000061035156 48.93199920654297