21.867000579833984 -12.670000076293945 -51.52199935913086
22.725000381469727 -16.358999252319336 -50.92900085449219
16.684999465942383 -20.643999099731445 -51.301998138427734
9.206999778747559 -24.702999114990234 -50.558998107910156
-3.115000009536743 -19.511999130249023 -18.031999588012695
-3.6700000762939453 -24.52899932861328 -20.429000854492188
8.288000106811523 -15.92300033569336 -51.71799850463867
1.8600000143051147 -16.780000686645508 -50.88600158691406
-2.427999973297119 -32.08599853515625 -31.72599983215332
-7.416999816894531 -19.51799964904785 -33.62099838256836
-2.1559998989105225 -16.957000732421875 -36.20800018310547
8.022000312805176 -13.180999755859375 -42.94599914550781
7.124000072479248 -12.067999839782715 -48.047000885009766
7.368000030517578 -10.890999794006348 -51.62900161743164
10.430000305175781 -8.60200023651123 -51.56999969482422
16.48200035095215 -9.442999839782715 -43.446998596191406
19.816999435424805 -14.503000259399414 -42.43199920654297
16.638999938964844 -15.729999542236328 -37.25199890136719
-6.181000232696533 -4.4120001792907715 -25.10099983215332
-0.4580000042915344 -10.890000343322754 -23.209999084472656
17.4950008392334 -29.270999908447266 -45.733001708984375
12.126999855041504 -26.948999404907227 -45.59400177001953
-2.6630001068115234 -11.743000030517578 -17.30699920654297
-12.70199966430664 -13.562000274658203 -31.194000244140625
-14.244999885559082 -14.394000053405762 -34.595001220703125
-2.8459999561309814 -5.5920000076293945 -41.65299987792969
21.375999450683594 -1.6369999647140503 -35.39099884033203
21.722999572753906 -6.0289998054504395 -33.60499954223633
18.506999969482422 -6.5970001220703125 -35.505001068115234
-18.858999252319336 -11.611000061035156 -31.202999114990234
-13.031999588012695 -5.2729997634887695 -31.985000610351562
20.878999710083008 -16.798999786376953 -35.35499954223633
9.555000305175781 -0.20900000631809235 -44.805999755859375
-11.277000427246094 -25.79199981689453 -42.678001403808594
-7.4710001945495605 -27.163000106811523 -37.020999908447266
8.48799991607666 0.5960000157356262 -50.446998596191406
7.335000038146973 3.6589999198913574 -48.53499984741211
4.545000076293945 9.876999855041504 -51.47100067138672