20.415000915527344 37.382999420166016 2.756999969482422
25.450000762939453 41.00199890136719 -10.468000411987305
25.329999923706055 35.08000183105469 -12.809000015258789
23.051000595092773 33.49700164794922 -15.381999969482422
11.987000465393066 33.9119987487793 -13.642000198364258
16.48900032043457 32.10900115966797 -10.24899959564209
30.016000747680664 30.62299919128418 -10.003000259399414
26.006000518798828 29.586999893188477 -5.61899995803833
13.694999694824219 34.89400100708008 -5.098999977111816
16.600000381469727 30.06800079345703 -1.1820000410079956
35.720001220703125 21.700000762939453 -2.3519999980926514
28.11199951171875 22.363000869750977 -7.817999839782715
7.7769999504089355 17.141000747680664 -13.75100040435791
14.564000129699707 23.756999969482422 -17.60300064086914
29.358999252319336 22.722000122070312 -17.841999053955078
17.833999633789062 14.140999794006348 -13.454000473022461
18.510000228881836 12.95199966430664 -8.20300006866455
24.111000061035156 10.857000350952148 14.670000076293945
27.256000518798828 14.354000091552734 19.356000900268555
37.28200149536133 21.73200035095215 22.62299919128418
38.52000045776367 30.865999221801758 3.6010000705718994
31.819000244140625 26.107999801635742 14.821999549865723
26.833999633789062 24.520000457763672 15.333999633789062
25.16900062561035 21.214000701904297 15.951000213623047
31.118000030517578 7.577000141143799 8.42300033569336
34.13199996948242 12.5600004196167 9.802000045776367
24.687000274658203 25.926000595092773 11.87399959564209
26.059999465942383 27.30900001525879 7.426000118255615
30.64900016784668 18.76099967956543 5.723999977111816
32.69900131225586 21.969999313354492 1.6380000114440918
20.04599952697754 32.755001068115234 4.008999824523926
17.950000762939453 25.625999450683594 3.734999895095825
19.76099967956543 15.571999549865723 1.4040000438690186
28.676000595092773 13.914999961853027 -4.921000003814697