37.98099899291992 40.97800064086914 73.41000366210938
37.74800109863281 38.6349983215332 76.34600067138672
29.214000701904297 31.54199981689453 82.41799926757812
25.562000274658203 33.68199920654297 85.86100006103516
26.990999221801758 26.33300018310547 100.2030029296875
32.43899917602539 26.812999725341797 90.88899993896484
39.691001892089844 36.16400146484375 71.28600311279297
48.86600112915039 35.599998474121094 82.79299926757812
30.506000518798828 42.388999938964844 96.49700164794922
38.8849983215332 43.98500061035156 94.5770034790039
44.08599853515625 35.36000061035156 93.4229965209961
45.606998443603516 30.413999557495117 97.1709976196289
43.57099914550781 28.47800064086914 99.6709976196289
40.933998107910156 29.94099998474121 95.1259994506836
48.698001861572266 30.177000045776367 77.37799835205078
42.40599822998047 30.972000122070312 78.3499984741211
36.08399963378906 25.62299919128418 96.38099670410156
27.31599998474121 33.119998931884766 100.88200378417969
28.429000854492188 35.810001373291016 96.12100219726562
29.131000518798828 38.84400177001953 93.89700317382812
49.47100067138672 40.19900131225586 77.47000122070312
49.375 49.237998962402344 70.68000030517578
45.638999938964844 44.694000244140625 78.83399963378906
29.871000289916992 36.40599822998047 86.0780029296875
22.71500015258789 29.774999618530273 102.40799713134766
20.009000778198242 25.14699935913086 105.95800018310547