55.231998443603516 7.861999988555908 43.12799835205078
54.637001037597656 2.4049999713897705 38.56800079345703
54.73699951171875 -2.1419999599456787 30.135000228881836
46.9119987487793 -1.2359999418258667 25.027999877929688
40.4109992980957 -6.495999813079834 27.774999618530273
35.83100128173828 -3.134000062942505 21.066999435424805
36.45100021362305 2.2109999656677246 22.628000259399414
37.854000091552734 5.025000095367432 20.506999969482422
57.39699935913086 1.6770000457763672 30.423999786376953
57.577999114990234 8.925999641418457 36.88999938964844
52.986000061035156 12.406999588012695 30.01799964904785
31.19300079345703 10.887999534606934 23.94099998474121
33.41899871826172 5.826000213623047 24.41699981689453
50.79499816894531 16.25 38.04199981689453
48.573001861572266 19.131000518798828 38.96099853515625
49.89699935913086 22.579999923706055 39.749000549316406
50.98099899291992 17.549999237060547 43.28200149536133
50.9370002746582 13.880000114440918 42.165000915527344
48.44200134277344 12.253999710083008 44.53900146484375
40.67499923706055 9.536999702453613 49.01900100708008
35.85200119018555 14.581000328063965 47.38600158691406
36.141998291015625 18.43199920654297 44.731998443603516
37.54800033569336 14.779000282287598 35.97600173950195
37.5359992980957 11.105999946594238 36.97100067138672
51.07500076293945 -3.7290000915527344 35.86000061035156
51.75600051879883 -2.7639999389648438 39.4640007019043
60.01900100708008 0.7770000100135803 52.63800048828125
61.85200119018555 -0.7279999852180481 46.88399887084961
48.1349983215332 -12.13700008392334 42.49800109863281
45.62200164794922 -2.7300000190734863 38.22200012207031
41.417999267578125 18.426000595092773 34.51900100708008
42.27199935913086 15.635000228881836 28.969999313354492
47.68000030517578 18.14699935913086 26.43400001525879
46.82400131225586 20.802000045776367 34.98400115966797
46.97800064086914 17.06399917602539 34.39699935913086
45.93600082397461 14.145999908447266 36.60100173950195
47.823001861572266 0.9660000205039978 53.37099838256836
46.66600036621094 -5.546000003814697 55.73500061035156
55.87699890136719 -1.4259999990463257 53.43299865722656
49.862998962402344 4.803999900817871 51.68299865722656
43.30400085449219 3.368000030517578 45.17100143432617
42.95199966430664 0.39899998903274536 42.8129997253418
37.987998962402344 -3.683000087738037 40.183998107910156
37.20100021362305 -3.743000030517578 36.45199966430664
30.996000289916992 7.15500020980835 33.7140007019043
30.834999084472656 12.836000442504883 42.904998779296875
38.75600051879883 -0.7229999899864197 46.172000885009766
40.85900115966797 -3.8389999866485596 45.625
45.62799835205078 -5.936999797821045 49.87099838256836
48.03300094604492 -8.373000144958496 45.79399871826172
63.19200134277344 -5.291999816894531 43.42300033569336
67.37799835205078 -0.2680000066757202 43.91299819946289
66.9209976196289 6.552999973297119 39.13199996948242
62.34000015258789 -4.801000118255615 32.11800003051758
61.733001708984375 -8.677000045776367 38.68600082397461
65.98799896240234 -9.289999961853027 43.37699890136719