0.11599999666213989 7.736000061035156 7.11299991607666
2.693000078201294 13.218999862670898 14.4399995803833
3.51200008392334 8.67199993133545 16.87299919128418
6.735000133514404 12.03499984741211 19.597999572753906
6.636000156402588 13.442000389099121 23.117000579833984
15.633000373840332 19.200000762939453 27.02400016784668
18.312000274658203 8.85200023651123 26.982999801635742
17.915000915527344 5.4079999923706055 20.584999084472656
11.767000198364258 22.840999603271484 19.91699981689453
10.782999992370605 20.042999267578125 16.365999221801758
28.617000579833984 7.5289998054504395 21.427000045776367
26.033000946044922 11.418999671936035 24.08300018310547
5.7179999351501465 25.836999893188477 2.736999988555908
7.381999969482422 20.606000900268555 3.572999954223633
16.634000778198242 18.777000427246094 8.22599983215332
9.340999603271484 15.229000091552734 3.1440000534057617
5.551000118255615 15.428999900817871 3.5369999408721924
7.671000003814697 14.395999908447266 10.371000289916992
15.090999603271484 4.138999938964844 10.406999588012695
22.12700080871582 10.253999710083008 8.685999870300293
24.038000106811523 15.427000045776367 6.35699987411499
30.020000457763672 12.986000061035156 9.086000442504883
26.726999282836914 7.590000152587891 10.614999771118164
15.17300033569336 2.4079999923706055 18.920000076293945
11.595999717712402 5.947999954223633 23.207000732421875
3.7009999752044678 -5.807000160217285 47.77199935913086