16.07699966430664 30.577999114990234 10.598999977111816
13.531000137329102 29.827999114990234 7.88700008392334
-2.2909998893737793 20.634000778198242 3.5950000286102295
6.605000019073486 15.11299991607666 7.394999980926514
13.472000122070312 8.84000015258789 24.492000579833984
15.468000411987305 13.359999656677246 27.030000686645508
7.435999870300293 12.241999626159668 2.127000093460083
3.4709999561309814 19.490999221801758 0.796999990940094
11.701000213623047 23.430999755859375 -1.1150000095367432
14.51200008392334 21.642000198364258 14.270000457763672
1.149999976158142 27.88599967956543 14.083000183105469
3.624000072479248 29.486000061035156 18.947999954223633
7.761000156402588 24.617000579833984 20.618999481201172
5.9710001945495605 17.18899917602539 24.115999221801758
5.982999801635742 15.031999588012695 20.993999481201172
-4.442999839782715 22.315000534057617 11.829000473022461
-2.2160000801086426 28.010000228881836 6.369999885559082
19.059999465942383 23.798999786376953 10.430000305175781
26.27400016784668 10.239999771118164 5.552999973297119