38.93600082397461 12.097999572753906 -13.77400016784668
51.12099838256836 14.14900016784668 -3.6530001163482666
52.96900177001953 19.900999069213867 -5.1020002365112305
56.069000244140625 26.416000366210938 -0.8240000009536743
57.00899887084961 6.954999923706055 0.0
54.520999908447266 9.458999633789062 8.696000099182129
59.35100173950195 13.032999992370605 19.47800064086914
68.50199890136719 16.270000457763672 23.56999969482422
59.257999420166016 9.880000114440918 8.069999694824219
58.0260009765625 15.090999603271484 9.503999710083008
57.75400161743164 19.854000091552734 21.969999313354492
60.80099868774414 22.01300048828125 22.707000732421875
63.27000045776367 19.43600082397461 26.452999114990234
69.71099853515625 26.525999069213867 20.05900001525879
64.75499725341797 14.829000473022461 4.453999996185303
60.222999572753906 18.797000885009766 8.130999565124512
46.448001861572266 29.843000411987305 21.4950008392334
48.10100173950195 37.92300033569336 18.040000915527344
61.358001708984375 35.15999984741211 20.76300048828125
60.85200119018555 28.708999633789062 17.430999755859375
64.15899658203125 26.41200065612793 13.267000198364258
55.72800064086914 24.216999053955078 10.805999755859375
41.624000549316406 29.000999450683594 16.486000061035156
44.42900085449219 37.279998779296875 15.383000373840332
55.70899963378906 34.75400161743164 6.2769999504089355
53.88399887084961 27.386999130249023 7.429999828338623
40.18299865722656 21.95400047302246 13.20199966430664
30.718000411987305 25.634000778198242 13.373000144958496
45.595001220703125 33.19599914550781 5.519000053405762
48.388999938964844 28.2549991607666 6.668000221252441
41.86199951171875 16.884000778198242 12.164999961853027
47.457000732421875 19.121999740600586 4.053999900817871
47.1879997253418 7.284999847412109 14.333999633789062
46.78200149536133 3.7669999599456787 8.753000259399414
39.167999267578125 9.022000312805176 5.572999954223633
49.78499984741211 12.439000129699707 7.120999813079834
57.266998291015625 6.289999961853027 18.948999404907227
65.15499877929688 0.7770000100135803 19.143999099731445
44.49800109863281 6.630000114440918 -6.026000022888184