-39.27399826049805 24.68400001525879 5.554999828338623
-19.797000885009766 23.826000213623047 6.6620001792907715
-17.582000732421875 15.10200023651123 12.880000114440918
-4.315999984741211 13.222000122070312 20.22599983215332
-1.5169999599456787 21.565000534057617 15.654999732971191
1.5499999523162842 25.422000885009766 20.65399932861328
8.329999923706055 34.354000091552734 23.767000198364258
6.589000225067139 31.263999938964844 28.187000274658203
6.361000061035156 18.79599952697754 29.111000061035156
0.8339999914169312 18.45599937438965 28.93000030517578
6.609000205993652 32.99800109863281 33.676998138427734
7.672999858856201 38.61800003051758 34.369998931884766
6.675000190734863 42.13600158691406 35.41699981689453
5.831999778747559 42.13999938964844 29.868000030517578
2.8239998817443848 24.79800033569336 15.020000457763672
-3.1610000133514404 27.628999710083008 7.8379998207092285
-3.3320000171661377 28.677000045776367 4.159999847412109
-11.74899959564209 25.638999938964844 7.611999988555908
-8.0649995803833 30.011999130249023 29.54400062561035
-11.001999855041504 33.53499984741211 33.832000732421875
-6.461999893188477 36.49599838256836 32.3390007019043
-6.038000106811523 38.34400177001953 23.663999557495117
1.4910000562667847 35.65700149536133 10.468999862670898
6.767000198364258 40.042999267578125 22.948999404907227
4.440000057220459 46.68000030517578 29.25
-1.9119999408721924 39.93899917602539 13.92300033569336
-11.45300006866455 38.7859992980957 26.027999877929688
-13.031999588012695 44.15999984741211 21.36400032043457
-3.128999948501587 47.13399887084961 12.972000122070312
-14.309000015258789 47.10200119018555 17.101999282836914
-17.259000778198242 42.029998779296875 19.392000198364258
-13.407999992370605 27.43899917602539 27.047000885009766
-8.96500015258789 30.354999542236328 4.961999893188477
-12.567000389099121 34.92599868774414 7.934000015258789
-21.486000061035156 28.90399932861328 24.972999572753906
-23.400999069213867 30.150999069213867 19.97100067138672
-12.48799991607666 39.48899841308594 7.114999771118164
-2.0420000553131104 32.279998779296875 9.604999542236328
0.27300000190734863 39.22800064086914 30.791000366210938
-1.8700000047683716 28.475000381469727 31.577999114990234
-10.434000015258789 20.363000869750977 3.0460000038146973