13.651000022888184 32.358001708984375 33.51499938964844
3.382999897003174 25.474000930786133 31.025999069213867
-0.4819999933242798 20.93899917602539 30.05900001525879
1.524999976158142 18.131000518798828 28.413000106811523
8.657999992370605 20.457000732421875 4.931000232696533
15.88700008392334 25.524999618530273 7.3429999351501465
6.883999824523926 40.20199966430664 19.260000228881836
13.616999626159668 37.39699935913086 24.33099937438965
22.111000061035156 26.441999435424805 10.357000350952148
26.927000045776367 37.72999954223633 12.083999633789062
20.195999145507812 46.013999938964844 3.1449999809265137
14.413000106811523 38.21900177001953 -3.4800000190734863
1.4329999685287476 42.63800048828125 12.767000198364258
-1.9290000200271606 41.17399978637695 11.76099967956543
-4.6570000648498535 46.42100143432617 9.822999954223633
1.0199999809265137 40.51499938964844 -1.190999984741211
3.8259999752044678 33.50699996948242 -5.583000183105469
1.8839999437332153 27.02199935913086 -3.263000011444092
7.184000015258789 35.40999984741211 31.457000732421875
20.031999588012695 32.486000061035156 29.781999588012695