22.020000457763672 152.14700317382812 26.298999786376953
18.604000091552734 150.80999755859375 25.209999084472656
15.857000350952148 141.37600708007812 35.0620002746582
13.477999687194824 142.781005859375 37.70800018310547
17.80299949645996 135.63400268554688 54.31700134277344
6.145999908447266 116.76100158691406 51.88199996948242
8.430000305175781 119.32099914550781 55.534000396728516
12.03600025177002 124.16200256347656 52.487998962402344
36.2140007019043 111.94400024414062 46.05500030517578
40.6870002746582 125.5260009765625 47.465999603271484
26.854999542236328 131.25799560546875 41.29600143432617
25.52199935913086 130.24099731445312 52.14899826049805
37.933998107910156 123.9489974975586 56.729000091552734
38.858001708984375 127.91100311279297 51.39799880981445
27.21500015258789 138.22300720214844 38.82400131225586
26.9060001373291 142.8730010986328 42.98099899291992
34.71699905395508 135.718994140625 61.13399887084961
36.04399871826172 133.156005859375 51.742000579833984
32.16699981689453 138.04200744628906 37.236000061035156
41.125999450683594 124.8949966430664 42.14099884033203
21.368000030517578 125.62000274658203 40.14899826049805
24.21500015258789 126.82599639892578 34.98099899291992
24.062999725341797 130.5399932861328 31.44099998474121
27.27400016784668 126.0260009765625 28.069000244140625
40.48099899291992 123.09400177001953 37.82699966430664
15.097000122070312 115.21099853515625 30.520000457763672
12.946999549865723 122.42900085449219 23.055999755859375
13.394000053405762 133.47300720214844 28.761999130249023
22.472999572753906 115.26399993896484 31.80699920654297
36.76499938964844 119.60399627685547 27.875999450683594
36.14699935913086 116.23100280761719 32.354000091552734
15.461999893188477 113.74800109863281 40.83100128173828
12.211000442504883 114.82599639892578 39.12900161743164
3.440000057220459 135.51400756835938 52.01499938964844
1.4950000047683716 137.37899780273438 49.29100036621094
3.325000047683716 142.96400451660156 48.07500076293945
1.0089999437332153 141.66099548339844 42.5989990234375
4.872000217437744 115.2979965209961 32.691001892089844
11.866000175476074 118.28500366210938 33.323001861572266
41.143001556396484 113.40899658203125 33.98099899291992
37.108001708984375 106.86399841308594 35.492000579833984