21.072999954223633 20.836000442504883 34.82600021362305
27.031999588012695 9.270000457763672 22.81999969482422
30.268999099731445 9.62600040435791 20.76799964904785
28.714000701904297 10.105999946594238 15.192999839782715
33.47600173950195 12.038000106811523 11.911999702453613
39.72800064086914 25.47800064086914 19.649999618530273
38.255001068115234 34.06700134277344 24.760000228881836
32.43600082397461 32.65299987792969 27.174999237060547
29.64699935913086 35.08100128173828 27.989999771118164
30.433000564575195 29.128000259399414 26.16699981689453
27.382999420166016 31.000999450683594 24.90999984741211
24.479000091552734 28.979000091552734 23.422000885009766
35.66699981689453 19.659000396728516 -2.7790000438690186
26.496999740600586 26.07200050354004 -5.89300012588501
22.9950008392334 19.201000213623047 28.322999954223633
36.22600173950195 20.58799934387207 22.389999389648438
18.322999954223633 13.881999969482422 -0.5
18.97100067138672 18.849000930786133 0.7789999842643738
38.1870002746582 16.250999450683594 23.891000747680664
28.924999237060547 12.107000350952148 26.82200050354004
27.659000396728516 15.01099967956543 24.687000274658203
25.209999084472656 19.533000946044922 23.493999481201172
24.69700050354004 30.934999465942383 -6.211999893188477
17.632999420166016 24.770000457763672 -5.698999881744385
19.902000427246094 22.489999771118164 -7.693999767303467
28.340999603271484 14.562000274658203 -7.145999908447266
30.31999969482422 8.541000366210938 3.796999931335449
25.291000366210938 8.609999656677246 6.7779998779296875