46.67300033569336 22.496000289916992 31.666000366210938
36.9109992980957 16.98900032043457 16.579999923706055
38.74599838256836 -11.545000076293945 11.088000297546387
41.11000061035156 -12.836000442504883 8.434000015258789
30.923999786376953 12.324999809265137 4.086999893188477
32.08399963378906 16.1200008392334 8.270000457763672
50.150001525878906 -1.5019999742507935 4.442999839782715
44.084999084472656 -3.8610000610351562 10.232999801635742
33.96099853515625 20.615999221801758 12.444999694824219
31.94099998474121 17.66900062561035 18.62700080871582
26.22100067138672 7.631999969482422 16.006000518798828
20.924999237060547 4.761000156402588 10.180999755859375
38.69300079345703 -10.086000442504883 15.657999992370605
39.09199905395508 1.225000023841858 19.83099937438965
44.237998962402344 23.316999435424805 9.951000213623047
39.67900085449219 26.847000122070312 9.668999671936035