72.76899719238281 44.94599914550781 42.71500015258789
56.59400177001953 40.70199966430664 33.67300033569336
53.1150016784668 38.547000885009766 38.56999969482422
55.71699905395508 33.946998596191406 41.641998291015625
49.349998474121094 30.055999755859375 42.86000061035156
51.715999603271484 45.11600112915039 44.77799987792969
52.7869987487793 43.084999084472656 34.7140007019043
58.59400177001953 46.244998931884766 36.93199920654297
61.624000549316406 45.78099822998047 39.09299850463867
61.8390007019043 46.97999954223633 45.034000396728516
58.07899856567383 43.36000061035156 54.57500076293945
52.54800033569336 35.53200149536133 54.084999084472656
60.85200119018555 36.0880012512207 46.33599853515625
62.152000427246094 41.236000061035156 46.29399871826172
61.29800033569336 40.948001861572266 57.38600158691406
56.20899963378906 32.34000015258789 55.73899841308594
66.71700286865234 28.43600082397461 47.8129997253418
69.9219970703125 32.775001525878906 49.28799819946289
63.99100112915039 38.62900161743164 60.61600112915039
59.30799865722656 30.18400001525879 59.0880012512207
71.86000061035156 25.889999389648438 53.44300079345703
74.1050033569336 30.676000595092773 55.3380012512207
65.8550033569336 36.77199935913086 64.34400177001953
62.369998931884766 27.527000427246094 62.387001037597656
75.72200012207031 23.746999740600586 60.19900131225586
77.19999694824219 28.790000915527344 62.17100143432617
66.77799987792969 35.042999267578125 68.63700103759766
71.19999694824219 15.96399974822998 67.72100067138672
78.14299774169922 22.47100067138672 67.46399688720703
79.15299987792969 27.7810001373291 69.33399963378906
66.75499725341797 33.78900146484375 73.2040023803711
67.6729965209961 14.628999710083008 70.08399963378906
79.0199966430664 21.792999267578125 75.43499755859375
79.7969970703125 27.45199966430664 76.68800354003906
66.125 32.84600067138672 77.78900146484375
66.0989990234375 22.86400032043457 76.0
77.0770034790039 21.481000900268555 83.6780014038086
75.43399810791016 31.14900016784668 81.27799987792969
64.57599639892578 31.96299934387207 82.1510009765625
64.21099853515625 22.219999313354492 80.54299926757812
74.24099731445312 21.9060001373291 90.99099731445312
72.66999816894531 31.566999435424805 87.91000366210938
61.74800109863281 31.475000381469727 85.7760009765625
62.46200180053711 21.236000061035156 85.39800262451172
69.47599792480469 22.104000091552734 97.63500213623047
68.05599975585938 31.273000717163086 93.26399993896484
57.94499969482422 30.941999435424805 88.7239990234375
59.39699935913086 20.937000274658203 89.58799743652344
63.5989990234375 23.01300048828125 102.82599639892578
61.84000015258789 28.142000198364258 102.14299774169922
53.73500061035156 30.10700035095215 91.00700378417969
55.35499954223633 20.34600067138672 92.947998046875
56.185001373291016 23.165000915527344 106.50399780273438
54.862998962402344 28.333999633789062 105.08799743652344
49.25 29.09600067138672 92.16200256347656
50.79199981689453 19.559999465942383 95.37699890136719
48.05099868774414 22.54800033569336 107.9800033569336
49.172000885009766 31.000999450683594 101.7249984741211
44.60900115966797 28.073999404907227 92.31600189208984
45.93199920654297 18.486000061035156 96.1989974975586
40.00600051879883 22.577999114990234 106.67400360107422
42.35499954223633 30.836000442504883 101.68900299072266
39.88600158691406 26.636999130249023 91.61599731445312
41.362998962402344 17.447999954223633 95.8479995727539
31.66900062561035 22.23699951171875 105.72899627685547
35.46699905395508 29.834999084472656 99.84600067138672
36.00699996948242 25.125999450683594 90.05599975585938
36.28300094604492 16.510000228881836 94.98699951171875
26.358999252319336 15.414999961853027 102.447998046875
26.39900016784668 18.35099983215332 100.01799774169922
24.347000122070312 20.785999298095703 102.16699981689453
24.666000366210938 24.990999221801758 98.84600067138672
32.7599983215332 23.44700050354004 87.21900177001953
31.69099998474121 14.864999771118164 93.11900329589844
32.81100082397461 8.741999626159668 96.76699829101562
29.8700008392334 3.260999917984009 108.18000030517578
25.479999542236328 -1.9320000410079956 113.44200134277344
24.264999389648438 -5.093999862670898 115.1719970703125
17.454999923706055 -1.534000039100647 108.98799896240234
20.093000411987305 6.374000072479248 104.55400085449219
22.173999786376953 14.003999710083008 101.34500122070312
21.85300064086914 16.270000457763672 98.30699920654297
18.073999404907227 12.234999656677246 101.0250015258789
19.236000061035156 10.67199993133545 97.72699737548828
21.509000778198242 -0.17599999904632568 93.98300170898438
23.263999938964844 -5.370999813079834 97.90599822998047
15.038000106811523 -2.3929998874664307 99.6989974975586
12.600000381469727 6.556000232696533 102.8270034790039
15.51200008392334 3.510999917984009 105.75399780273438
17.756000518798828 -6.136000156402588 104.41300201416016
28.584999084472656 -6.626999855041504 105.55400085449219
25.468000411987305 27.5 90.57499694824219
28.60700035095215 23.533000946044922 87.81500244140625
28.582000732421875 -7.235000133514404 114.01799774169922