-37.507999420166016 -1.722000002861023 27.08799934387207
-30.87299919128418 4.235000133514404 23.072999954223633
-26.70800018310547 2.5950000286102295 25.719999313354492
-23.111000061035156 1.6419999599456787 25.51799964904785
-6.25600004196167 10.680000305175781 23.993000030517578
-13.515999794006348 10.378999710083008 19.194000244140625
-20.89299964904785 1.1610000133514404 15.789999961853027
-15.293999671936035 1.9500000476837158 10.121000289916992
-7.480000019073486 11.758999824523926 5.285999774932861
-13.986000061035156 9.381999969482422 9.515999794006348
-8.904000282287598 13.052000045776367 9.708000183105469
-6.914999961853027 1.7920000553131104 8.600000381469727
-14.579999923706055 -10.37600040435791 13.057999610900879
-13.548999786376953 -5.598999977111816 17.191999435424805
-4.455999851226807 -0.5270000100135803 5.081999778747559
-0.44600000977516174 1.753000020980835 12.789999961853027
0.2770000100135803 -0.6690000295639038 22.201000213623047
3.953000068664551 -2.73799991607666 18.375
1.1399999856948853 -3.759000062942505 12.885000228881836
-5.630000114440918 -7.7210001945495605 14.923999786376953
-8.498000144958496 -4.890999794006348 19.917999267578125
-3.878000020980835 2.1740000247955322 22.601999282836914
1.350000023841858 7.660999774932861 12.07699966430664
-3.6440000534057617 10.708000183105469 16.454999923706055
-23.29199981689453 6.815999984741211 25.01300048828125
-17.43899917602539 12.380000114440918 18.517000198364258
-15.869999885559082 13.472999572753906 15.3100004196167
-17.615999221801758 12.086999893188477 6.664000034332275