2.197999954223633 13.022000312805176 4.666999816894531
0.2919999957084656 9.89799976348877 5.677000045776367
-8.604000091552734 -2.933000087738037 15.017000198364258
9.630000114440918 -7.798999786376953 7.991000175476074
-7.718999862670898 9.371999740600586 -5.591000080108643
-7.086999893188477 0.22200000286102295 -7.947999954223633
-1.7269999980926514 -8.270999908447266 -3.191999912261963
-3.7679998874664307 -13.857999801635742 -3.622999906539917
3.4140000343322754 -8.86299991607666 0.36399999260902405
10.701000213623047 -1.6799999475479126 7.743000030517578
7.619999885559082 6.748000144958496 2.6659998893737793
4.783999919891357 1.590999960899353 11.60099983215332
-6.630000114440918 -3.114000082015991 8.855999946594238
0.23399999737739563 12.64799976348877 -0.029999999329447746
2.430999994277954 12.751999855041504 -3.1540000438690186
4.543000221252441 8.64799976348877 -2.4000000953674316
5.195000171661377 6.802000045776367 -12.354000091552734
3.936000108718872 7.784999847412109 -15.805000305175781
0.652999997138977 7.110000133514404 -11.036999702453613
0.06300000101327896 10.67199993133545 -12.302000045776367
-2.8289999961853027 7.5970001220703125 -3.0360000133514404
8.814000129699707 -11.793000221252441 10.746999740600586