3.7249999046325684 -42.40700149536133 -24.100000381469727
2.86299991607666 -34.21699905395508 -26.458999633789062
-17.386999130249023 -27.891000747680664 -23.601999282836914
-11.907999992370605 -26.826000213623047 -24.523000717163086
6.331999778747559 -32.917999267578125 -21.694000244140625
11.729999542236328 -33.641998291015625 -19.981000900268555
13.09000015258789 -29.374000549316406 -21.229000091552734
13.010000228881836 -27.75200080871582 -26.39699935913086
12.32699966430664 -27.922000885009766 -30.135000228881836
12.053000450134277 -33.946998596191406 -33.06999969482422
-12.4399995803833 -32.82400131225586 -34.30400085449219
-10.434000015258789 -23.68199920654297 -27.785999298095703
4.24399995803833 -27.322999954223633 -20.716999053955078
5.249000072479248 -29.464000701904297 -17.743999481201172
6.985000133514404 -28.628999710083008 -14.46500015258789
9.234999656677246 -25.26099967956543 -18.527000427246094
13.14900016784668 -23.740999221801758 -24.07200050354004
13.189000129699707 -23.367000579833984 -27.878000259399414
16.173999786376953 -24.351999282836914 -30.020999908447266
22.37299919128418 -25.031999588012695 -27.764999389648438
29.235000610351562 -25.354999542236328 -39.06999969482422
4.78000020980835 -20.507999420166016 -36.93299865722656
-2.796999931335449 -22.645999908447266 -39.23699951171875
-5.295000076293945 -20.89699935913086 -28.660999298095703
3.3980000019073486 -21.993999481201172 -16.458999633789062
10.180000305175781 -20.67300033569336 -18.469999313354492
13.848999977111816 -17.80500030517578 -27.7549991607666
11.618000030517578 -19.576000213623047 -30.20800018310547
1.8960000276565552 -16.836000442504883 -31.621999740600586
-4.119999885559082 -15.326000213623047 -25.56800079345703
5.252999782562256 -14.647000312805176 -11.92199993133545
11.869000434875488 -16.503000259399414 -16.634000778198242
14.211000442504883 -13.57699966430664 -26.573999404907227
19.229000091552734 -14.465999603271484 -29.663000106811523
25.261999130249023 -12.232999801635742 -30.354999542236328
10.217000007629395 -11.956000328063965 -33.393001556396484
4.291999816894531 -3.253000020980835 -27.06100082397461
7.2230000495910645 -1.7050000429153442 -28.937999725341797
18.514999389648438 -10.810999870300293 -24.875999450683594
12.982000350952148 -11.404000282287598 -17.32200050354004
7.125999927520752 -12.753000259399414 -15.121000289916992
6.764999866485596 -3.1700000762939453 -16.652999877929688
0.8619999885559082 -12.694000244140625 -14.920000076293945
1.5169999599456787 -17.50200080871582 -9.661999702453613
2.934999942779541 -20.618000030517578 -11.326000213623047
-16.082000732421875 -21.746999740600586 -25.56599998474121
-17.659000396728516 -22.6299991607666 -33.13100051879883
27.868000030517578 -16.069000244140625 -39.590999603271484
29.631000518798828 -16.19300079345703 -32.691001892089844
26.61199951171875 -23.586999893188477 -22.19300079345703