-12.6899995803833 68.17500305175781 28.6560001373291
-6.206999778747559 59.6609992980957 21.1560001373291
0.12999999523162842 65.89399719238281 25.493999481201172
2.427999973297119 67.38999938964844 28.1560001373291
24.886999130249023 75.73100280761719 3.50600004196167
24.77899932861328 79.36299896240234 7.999000072479248
-6.2170000076293945 70.27100372314453 24.101999282836914
-4.2789998054504395 69.72200012207031 19.363000869750977
20.518999099731445 80.552001953125 23.917999267578125
15.005999565124512 84.21600341796875 24.062999725341797
-7.9770002365112305 61.775001525878906 11.730999946594238
-3.7860000133514404 61.15800094604492 7.764999866485596
7.65500020980835 84.56700134277344 15.168000221252441
3.325000047683716 80.23200225830078 7.835000038146973
0.7770000100135803 54.36199951171875 16.457000732421875
6.107999801635742 58.72600173950195 14.793000221252441
5.834000110626221 84.7760009765625 3.23799991607666
12.277000427246094 78.88700103759766 1.434999942779541
12.440999984741211 55.83399963378906 24.933000564575195
11.916000366210938 61.29999923706055 24.45599937438965
15.897000312805176 78.59200286865234 -4.160999774932861
18.31800079345703 68.81400299072266 3.444999933242798
8.628999710083008 67.5770034790039 32.07600021362305