22.395999908447266 37.983001708984375 15.736000061035156
23.461999893188477 33.32400131225586 12.130999565124512
25.764999389648438 25.579999923706055 4.585999965667725
32.78499984741211 22.52400016784668 1.5640000104904175
35.82699966430664 24.790000915527344 2.13100004196167
32.42499923706055 30.363000869750977 16.263999938964844
34.62200164794922 33.19599914550781 17.634000778198242
36.150001525878906 36.60900115966797 27.638999938964844
39.96200180053711 37.05099868774414 27.711000442504883
44.4640007019043 27.340999603271484 -0.19900000095367432
36.36800003051758 20.98900032043457 0.09200000017881393
38.512001037597656 20.4060001373291 3.193000078201294
49.7869987487793 14.96399974822998 1.5740000009536743
50.6619987487793 24.275999069213867 6.671000003814697
22.118000030517578 19.64699935913086 28.71299934387207
30.514999389648438 26.290000915527344 33.77000045776367
40.28300094604492 17.45199966430664 23.905000686645508
44.71200180053711 19.24799919128418 27.392000198364258
49.340999603271484 21.320999145507812 25.5
52.57099914550781 21.656999588012695 30.944000244140625
39.89099884033203 31.465999603271484 36.513999938964844
26.593000411987305 29.57900047302246 32.8849983215332
22.253000259399414 36.808998107910156 22.947999954223633
18.85700035095215 33.56100082397461 27.711999893188477
45.35599899291992 10.041999816894531 7.3979997634887695
21.31599998474121 12.095999717712402 20.141000747680664
18.76099967956543 13.168000221252441 25.47599983215332