7.090000152587891 12.819999694824219 64.42500305175781
5.434000015258789 24.448999404907227 60.64099884033203
1.5850000381469727 39.49399948120117 55.055999755859375
-2.7309999465942383 33.840999603271484 54.71799850463867
2.26200008392334 21.538000106811523 57.10499954223633
-0.3479999899864197 25.77400016784668 67.12999725341797
-5.36299991607666 33.856998443603516 63.54399871826172
-0.2709999978542328 32.33100128173828 66.93599700927734
-0.6959999799728394 24.292999267578125 71.7750015258789
8.49899959564209 22.524999618530273 73.24199676513672
10.545000076293945 44.345001220703125 54.86399841308594
10.524999618530273 48.04999923706055 55.58100128173828
9.402999877929688 50.84000015258789 53.26599884033203
14.192000389099121 55.0989990234375 54.06800079345703
9.994999885559082 58.07600021362305 55.625999450683594
12.005000114440918 51.15599822998047 62.479000091552734
1.9550000429153442 36.590999603271484 75.95600128173828
6.468999862670898 39.49100112915039 77.6500015258789
17.954999923706055 51.707000732421875 59.55099868774414
14.996999740600586 42.57699966430664 58.95800018310547
4.709000110626221 26.41699981689453 76.57499694824219
0.3779999911785126 33.5890007019043 72.47899627685547
6.809000015258789 50.91999816894531 66.01300048828125
2.4820001125335693 49.8489990234375 60.88399887084961
5.954999923706055 47.78099822998047 56.834999084472656
5.872000217437744 46.678001403808594 53.209999084472656
6.493000030517578 36.888999938964844 56.35300064086914
11.833000183105469 21.792999267578125 66.34400177001953
23.493999481201172 14.130999565124512 68.56900024414062
29.59000015258789 16.481000900268555 66.4520034790039