-44.92100143432617 -18.707000732421875 9.730999946594238
-39.26599884033203 -11.343000411987305 12.446999549865723
-37.970001220703125 -9.437999725341797 15.461000442504883
-38.233001708984375 -5.676000118255615 15.310999870300293
-31.215999603271484 3.3949999809265137 19.790000915527344
-37.86899948120117 2.819999933242798 24.097999572753906
-44.41299819946289 -4.0279998779296875 21.29800033569336
-50.23099899291992 -7.116000175476074 21.187999725341797
-53.15599822998047 -8.40999984741211 23.26799964904785
-53.28200149536133 -12.857000350952148 29.65399932861328
-48.0369987487793 -13.630000114440918 29.111000061035156
-28.40399932861328 -10.822999954223633 26.80699920654297
-27.07200050354004 -16.132999420166016 27.593000411987305
-30.211999893188477 -18.215999603271484 27.976999282836914
-35.058998107910156 -15.430999755859375 31.19700050354004
-50.95600128173828 -9.545999526977539 36.39500045776367
-47.66600036621094 -6.426000118255615 35.54199981689453
-39.7130012512207 -11.418000221252441 38.32699966430664
-38.24800109863281 -0.7020000219345093 33.106998443603516
-54.28099822998047 -2.4519999027252197 28.78700065612793
-51.150001525878906 -3.671999931335449 24.496000289916992
-36.83599853515625 5.086999893188477 30.09600067138672
-25.81599998474121 -0.014999999664723873 26.145999908447266
-28.760000228881836 -4.255000114440918 24.304000854492188
-29.945999145507812 -7.751999855041504 23.524999618530273
-50.08000183105469 -25.784000396728516 27.989999771118164
-45.00199890136719 -25.038999557495117 25.385000228881836
-26.643999099731445 0.546999990940094 19.85099983215332