32.832000732421875 -32.65599822998047 4.191999912261963
28.385000228881836 -11.64900016784668 -3.0989999771118164
14.866999626159668 -9.425000190734863 -30.59600067138672
22.768999099731445 -4.693999767303467 -31.510000228881836
34.14500045776367 2.4070000648498535 -30.267000198364258
29.47100067138672 0.06400000303983688 -23.224000930786133
27.826000213623047 -3.2750000953674316 -23.698999404907227
18.31599998474121 -7.7230000495910645 -17.246999740600586
24.964000701904297 -9.979999542236328 -1.1200000047683716
27.92099952697754 -5.877999782562256 -6.313000202178955
22.184999465942383 -1.1619999408721924 -17.97599983215332
27.39699935913086 0.02500000037252903 -15.310999870300293
31.059999465942383 -1.4290000200271606 -2.7980000972747803
38.582000732421875 -7.4770002365112305 -2.132999897003174
26.496000289916992 -11.229999542236328 -34.930999755859375
36.58300018310547 -6.163000106811523 -29.599000930786133
36.895999908447266 3.0850000381469727 -13.031000137329102
40.85300064086914 1.659999966621399 -16.733999252319336
41.731998443603516 -4.6620001792907715 -16.559999465942383
39.691001892089844 -9.657999992370605 -26.749000549316406
36.641998291015625 -10.706999778747559 -32.78499984741211
31.54800033569336 -15.72700023651123 -28.888999938964844
41.119998931884766 -1.3329999446868896 -3.4600000381469727
34.34199905395508 1.1970000267028809 -8.079999923706055
38.369998931884766 -1.1169999837875366 -32.45199966430664
32.76300048828125 -1.3370000123977661 -33.494998931884766
23.500999450683594 -11.29800033569336 -31.982999801635742
18.562999725341797 -13.23900032043457 -28.29599952697754
35.987998962402344 -14.3149995803833 -4.269999980926514
38.055999755859375 -12.788999557495117 -1.4559999704360962