20.874000549316406 12.805999755859375 26.384000778198242
27.466999053955078 18.48699951171875 27.093000411987305
36.9739990234375 35.89899826049805 64.77999877929688
30.55299949645996 40.827999114990234 61.97700119018555
27.038999557495117 39.21099853515625 54.236000061035156
22.768999099731445 36.57500076293945 54.13800048828125
13.692000389099121 30.384000778198242 70.00499725341797
17.694000244140625 39.641998291015625 63.887001037597656
18.608999252319336 42.57400131225586 58.084999084472656
22.364999771118164 42.58000183105469 57.770999908447266
27.198999404907227 42.625 70.78600311279297
28.115999221801758 42.402000427246094 74.3479995727539
37.09600067138672 31.364999771118164 74.31099700927734
34.45100021362305 29.885000228881836 72.09400177001953
28.395999908447266 20.04400062561035 61.69499969482422
22.173999786376953 17.966999053955078 54.58399963378906
15.909000396728516 25.523000717163086 41.39099884033203
16.250999450683594 28.040000915527344 46.41600036621094
37.91699981689453 28.12299919128418 84.21700286865234
38.409000396728516 23.666000366210938 80.73500061035156
23.297000885009766 37.45800018310547 41.05400085449219
25.93600082397461 33.757999420166016 44.3380012512207
18.270999908447266 20.226999282836914 71.6500015258789
9.812000274658203 20.56599998474121 70.28700256347656
12.725000381469727 16.966999053955078 60.4109992980957
12.248000144958496 16.347999572753906 56.70399856567383