6.388000011444092 34.75899887084961 17.405000686645508
7.730999946594238 33.224998474121094 14.185999870300293
24.76300048828125 32.854000091552734 3.25600004196167
35.63399887084961 23.579999923706055 10.17199993133545
29.302000045776367 19.81100082397461 3.178999900817871
25.249000549316406 23.652999877929688 1.6749999523162842
20.937999725341797 39.03300094604492 29.020999908447266
25.48900032043457 39.9379997253418 25.89299964904785
29.13800048828125 39.47600173950195 19.577999114990234
19.39900016784668 29.820999145507812 2.8459999561309814
11.28499984741211 33.236000061035156 19.485000610351562
8.527999877929688 38.196998596191406 21.93000030517578
16.825000762939453 47.755001068115234 13.965999603271484
11.234999656677246 41.89099884033203 8.54800033569336
37.994998931884766 26.92099952697754 20.98900032043457
37.01599884033203 23.80500030517578 16.773000717163086