23.243000030517578 14.89799976348877 0.6449999809265137
22.7549991607666 13.861000061035156 -3.00600004196167
38.946998596191406 10.920999526977539 -11.003000259399414
32.83100128173828 10.722000122070312 -14.730999946594238
16.982999801635742 4.506999969482422 -4.369999885559082
26.30699920654297 -2.938999891281128 -2.453000068664551
30.909000396728516 -0.2800000011920929 -18.125
34.37900161743164 -5.271999835968018 -10.821999549865723
26.593000411987305 11.616999626159668 10.803999900817871
31.937000274658203 17.01799964904785 2.4010000228881836
44.5989990234375 8.562999725341797 -1.409000039100647