-10.086000442504883 17.042999267578125 42.983001708984375
-2.4830000400543213 17.802000045776367 38.025001525878906
12.326000213623047 14.107000350952148 26.009000778198242
15.071999549865723 10.727999687194824 21.375999450683594
17.1200008392334 13.656000137329102 22.62700080871582
24.95199966430664 13.194999694824219 29.445999145507812
15.838000297546387 24.618000030517578 41.36899948120117
1.3179999589920044 17.809999465942383 41.76900100708008
14.29800033569336 10.232999801635742 29.304000854492188
16.155000686645508 4.296000003814697 28.2549991607666
16.700000762939453 14.555000305175781 39.6510009765625
8.829000473022461 11.17300033569336 39.21200180053711
8.97599983215332 6.1579999923706055 26.788999557495117
12.406000137329102 -13.836000442504883 27.67099952697754
13.583000183105469 -14.041999816894531 24.084999084472656
7.309000015258789 -4.306000232696533 32.645999908447266
14.439000129699707 -0.9139999747276306 38.70399856567383
5.76800012588501 5.26800012588501 34.744998931884766
0.8399999737739563 4.189000129699707 22.368000030517578
1.6180000305175781 8.392999649047852 18.02199935913086
6.711999893188477 1.1069999933242798 14.37399959564209
-4.566999912261963 -0.7300000190734863 19.5310001373291
3.734999895095825 -5.455999851226807 37.263999938964844
1.6820000410079956 3.499000072479248 36.23899841308594
-5.875999927520752 10.70300006866455 19.038000106811523
-6.458000183105469 15.237000465393066 10.071000099182129
-14.442000389099121 13.324000358581543 7.988999843597412
-13.190999984741211 12.336000442504883 16.090999603271484
-9.229999542236328 -1.065000057220459 23.118999481201172
-10.062000274658203 0.8799999952316284 29.058000564575195
-7.922999858856201 -0.028999999165534973 34.314998626708984
-3.5840001106262207 5.218999862670898 34.375
-2.753000020980835 13.79800033569336 20.902000427246094
-2.63100004196167 14.380000114440918 15.317000389099121
0.75 17.88599967956543 14.682999610900879
-7.26200008392334 25.305999755859375 24.172000885009766
-16.20199966430664 2.3499999046325684 33.25400161743164
-18.964000701904297 8.017999649047852 36.89699935913086
-8.855999946594238 9.788000106811523 35.75
-6.265999794006348 12.321999549865723 34.54499816894531
-0.4880000054836273 16.01300048828125 24.107999801635742
0.2409999966621399 26.26300048828125 29.05500030517578
-7.400000095367432 26.202999114990234 33.12099838256836
-1.9479999542236328 18.496999740600586 32.53799819946289
7.625 17.667999267578125 23.85700035095215
10.37399959564209 20.066999435424805 22.71500015258789
14.395000457763672 23.700000762939453 27.788000106811523
10.031000137329102 23.905000686645508 31.329999923706055
-0.07999999821186066 23.690000534057617 36.99599838256836
0.902999997138977 24.88800048828125 40.50199890136719