6.947000026702881 1.9589999914169312 17.222000122070312
9.402999877929688 -0.8960000276565552 16.69099998474121
12.939000129699707 -2.7880001068115234 12.064000129699707
13.967000007629395 -8.232999801635742 7.011000156402588
5.985000133514404 -12.694000244140625 18.344999313354492
0.972000002861023 -5.415999889373779 12.51099967956543
12.335000038146973 7.60099983215332 4.040999889373779
8.133000373840332 15.1850004196167 3.3469998836517334
-4.684000015258789 1.4320000410079956 19.577999114990234
1.565000057220459 -3.502000093460083 16.625
13.76200008392334 2.055999994277954 3.2320001125335693
16.631999969482422 -1.9040000438690186 1.7380000352859497
7.622000217437744 -6.025000095367432 0.04600000008940697
3.760999917984009 2.7249999046325684 2.049999952316284
-0.902999997138977 -14.201000213623047 11.055999755859375
0.19900000095367432 -12.843000411987305 5.769999980926514
0.5350000262260437 7.986000061035156 0.7730000019073486
-4.714000225067139 9.711000442504883 7.480000019073486
-7.671000003814697 -5.103000164031982 13.847000122070312