10.965999603271484 -11.501999855041504 2.9579999446868896
-0.7950000166893005 -12.63700008392334 -5.375999927520752
18.631999969482422 -3.3510000705718994 -15.871000289916992
15.906000137329102 -7.293000221252441 -19.003000259399414
-1.7879999876022339 -22.034000396728516 -3.9149999618530273
-1.7619999647140503 -18.183000564575195 -14.944999694824219
6.242000102996826 0.6880000233650208 -22.150999069213867
-1.00600004196167 -1.4119999408721924 -25.610000610351562
-0.7879999876022339 -6.4679999351501465 -24.479999542236328
2.696000099182129 -9.295000076293945 -21.195999145507812
5.585000038146973 -16.014999389648438 -15.067999839782715
6.455999851226807 -19.64699935913086 -14.336999893188477
7.410999774932861 -21.884000778198242 0.041999999433755875
2.174999952316284 -19.993000030517578 -1.0720000267028809
12.095999717712402 -5.283999919891357 -22.474000930786133
5.046000003814697 0.7910000085830688 -14.684000015258789
-10.15999984741211 -21.650999069213867 -11.177000045776367
-11.149999618530273 -16.316999435424805 -10.486000061035156
-1.5390000343322754 -3.5139999389648438 -8.835000038146973
4.60099983215332 -0.5019999742507935 -9.527000427246094
9.836000442504883 1.7259999513626099 -12.690999984741211
13.670999526977539 5.770999908447266 -15.567000389099121