-15.152999877929688 39.59600067138672 -1.5190000534057617
-8.475000381469727 39.483001708984375 -1.1030000448226929
9.67199993133545 43.125999450683594 4.033999919891357
12.491000175476074 42.685001373291016 6.629000186920166
12.789999961853027 50.31999969482422 10.527000427246094
4.543000221252441 47.7599983215332 10.767000198364258
-11.604000091552734 50.95600128173828 5.184000015258789
-10.687000274658203 44.53900146484375 6.377999782562256
10.336000442504883 33.766998291015625 9.303999900817871
13.67199993133545 27.173999786376953 2.7019999027252197
8.03600025177002 28.371000289916992 -6.2870001792907715
11.706999778747559 29.275999069213867 -6.742000102996826
11.626999855041504 33.29600143432617 -10.241999626159668
9.239999771118164 37.98099899291992 -5.804999828338623
18.61199951171875 34.73699951171875 6.177000045776367
8.470999717712402 39.54999923706055 7.590000152587891
-12.354000091552734 44.51300048828125 0.17599999904632568
-8.312000274658203 45.64899826049805 -2.878999948501587
3.315000057220459 53.27899932861328 -5.004000186920166
4.046999931335449 53.87099838256836 1.2389999628067017
11.644000053405762 54.047000885009766 0.921999990940094
6.502999782562256 46.17900085449219 1.225000023841858
0.14800000190734863 40.856998443603516 -5.083000183105469
-5.919000148773193 38.358001708984375 -8.447999954223633
-1.4919999837875366 31.014999389648438 5.192999839782715
-7.0929999351501465 28.1560001373291 5.531000137329102
-7.755000114440918 33.2400016784668 7.823999881744385
-19.732999801635742 46.448001861572266 11.536999702453613
-17.95199966430664 51.840999603271484 3.7660000324249268
-20.086000442504883 50.04100036621094 1.1269999742507935