8.85099983215332 22.079999923706055 29.881000518798828
10.82699966430664 17.19499969482422 25.81999969482422
5.671000003814697 -0.6269999742507935 5.02400016784668
5.928999900817871 5.360000133514404 4.163000106811523
3.135999917984009 17.89699935913086 14.463000297546387
12.08899974822998 16.55699920654297 14.746000289916992
15.994000434875488 -1.0540000200271606 7.489999771118164
10.779999732971191 1.5540000200271606 8.968000411987305
5.131999969482422 14.628000259399414 24.97599983215332
-2.2760000228881836 4.840000152587891 9.722999572753906
-0.5019999742507935 -2.187999963760376 6.48199987411499
17.520000457763672 18.464000701904297 27.768999099731445
12.689000129699707 15.800999641418457 10.361000061035156
17.47100067138672 9.210000038146973 5.72599983215332
17.94700050354004 7.7230000495910645 2.2769999504089355