27.68899917602539 45.59199905395508 23.834999084472656
13.675000190734863 40.98400115966797 22.708999633789062
5.910999774932861 40.82899856567383 28.559999465942383
-4.132999897003174 31.461999893188477 23.541000366210938
0.906000018119812 29.30900001525879 14.850000381469727
6.815999984741211 25.28700065612793 14.45300006866455
20.121999740600586 17.018999099731445 26.808000564575195
25.363000869750977 17.395000457763672 30.944000244140625
26.775999069213867 17.459999084472656 34.47600173950195
23.253000259399414 21.5310001373291 33.29399871826172
19.56399917602539 20.89299964904785 32.611000061035156
17.81599998474121 19.246000289916992 29.736000061035156
9.718000411987305 34.22100067138672 8.248000144958496
10.17199993133545 37.07500076293945 14.170000076293945
17.979999542236328 19.547000885009766 35.96699905395508
14.034000396728516 11.03600025177002 28.805999755859375
0.9990000128746033 18.183000564575195 24.551000595092773
12.6850004196167 18.009000778198242 17.264999389648438
21.854999542236328 18.093000411987305 20.773000717163086
23.549999237060547 10.105999946594238 19.944000244140625
9.91100025177002 6.330999851226807 23.976999282836914
13.621000289916992 13.52400016784668 16.551000595092773
21.44099998474121 18.636999130249023 14.913000106811523
30.441999435424805 22.952999114990234 17.489999771118164
19.645000457763672 39.64899826049805 13.857000350952148
11.855999946594238 40.42599868774414 17.183000564575195
5.743000030517578 35.53200149536133 27.22800064086914
9.732999801635742 31.59600067138672 32.10499954223633
22.610000610351562 36.5890007019043 28.759000778198242
28.593000411987305 38.74700164794922 25.665000915527344
38.52899932861328 39.571998596191406 26.527000427246094
32.72999954223633 42.40800094604492 24.56100082397461
28.511999130249023 33.5099983215332 27.69700050354004
20.490999221801758 26.09000015258789 27.95199966430664
16.461000442504883 26.982999801635742 13.902999877929688
19.667999267578125 25.52199935913086 12.414999961853027
22.020000457763672 31.77899932861328 5.961999893188477