79.66100311279297 33.4739990234375 61.39699935913086
80.8030014038086 35.04600143432617 38.83100128173828
83.22799682617188 29.204999923706055 27.131000518798828
79.90299987792969 33.369998931884766 28.45800018310547
70.69200134277344 36.45500183105469 40.375
70.18699645996094 43.89400100708008 44.63600158691406
67.34300231933594 33.47200012207031 44.36800003051758
70.67400360107422 30.8700008392334 40.409000396728516
72.71299743652344 32.61800003051758 37.70399856567383
75.8280029296875 38.8380012512207 30.900999069213867
85.95500183105469 44.51300048828125 22.986000061035156
54.07600021362305 39.242000579833984 2.7130000591278076
56.03799819946289 34.64099884033203 5.35699987411499
68.33000183105469 37.83100128173828 3.890000104904175
80.53900146484375 29.135000228881836 2.1570000648498535
95.4209976196289 45.332000732421875 10.432000160217285
97.95800018310547 38.75699996948242 21.14699935913086
60.854000091552734 51.9900016784668 5.297999858856201
59.73400115966797 41.564998626708984 13.562000274658203
78.36199951171875 23.45199966430664 7.251999855041504
60.566001892089844 32.69900131225586 0.7609999775886536
56.26900100708008 31.5 9.35099983215332
61.91400146484375 33.74800109863281 17.040000915527344
62.57500076293945 39.97200012207031 17.72100067138672
67.94100189208984 43.27899932861328 16.06999969482422
78.4530029296875 31.797000885009766 14.980999946594238
81.26399993896484 30.309999465942383 17.090999603271484
82.13099670410156 26.594999313354492 17.125
92.68199920654297 34.487998962402344 2.680000066757202
94.75399780273438 26.469999313354492 8.163000106811523
90.26000213623047 28.266000747680664 10.347000122070312
82.51000213623047 29.170000076293945 12.89799976348877
79.28600311279297 28.441999435424805 11.005000114440918
77.97100067138672 29.888999938964844 7.73799991607666
53.595001220703125 39.619998931884766 12.423999786376953
55.75299835205078 45.34600067138672 4.764999866485596
98.20600128173828 44.12799835205078 25.31999969482422
116.7020034790039 53.44300079345703 24.04400062561035