34.402000427246094 31.06800079345703 12.086000442504883
33.779998779296875 36.077999114990234 13.529000282287598
26.926000595092773 42.41999816894531 15.972999572753906
28.645999908447266 48.59600067138672 19.343000411987305
42.362998962402344 42.22999954223633 21.740999221801758
42.861000061035156 43.23699951171875 15.137999534606934
27.695999145507812 44.04399871826172 3.5829999446868896
30.18899917602539 40.882999420166016 -4.070000171661377
48.21799850463867 34.42100143432617 11.126999855041504
42.22999954223633 38.61600112915039 15.038999557495117
28.434999465942383 48.47999954223633 8.300999641418457
25.656999588012695 52.183998107910156 11.968999862670898
34.858001708984375 55.50199890136719 11.9399995803833
36.6349983215332 48.992000579833984 4.513999938964844
45.55099868774414 49.03200149536133 21.94300079345703
43.694000244140625 52.73899841308594 18.44099998474121
38.11600112915039 48.64099884033203 -1.2289999723434448
43.47999954223633 41.6510009765625 -1.809000015258789
51.81700134277344 41.4370002746582 12.255000114440918
42.84700012207031 22.48900032043457 -9.449999809265137