-6.124000072479248 -0.22499999403953552 40.63999938964844
-5.136000156402588 4.771999835968018 31.319000244140625
14.083999633789062 -4.7179999351501465 41.59199905395508
7.623000144958496 -7.966000080108643 38.17100143432617
-4.265999794006348 19.989999771118164 33.104000091552734
2.3420000076293945 20.25 25.79199981689453
7.085000038146973 9.336000442504883 37.939998626708984
16.679000854492188 12.02400016784668 31.961000442504883
-7.535999774932861 10.279000282287598 12.630999565124512
-6.250999927520752 16.805999755859375 20.395000457763672
-3.73799991607666 20.05900001525879 24.320999145507812
-1.878000020980835 20.326000213623047 27.604000091552734
4.540999889373779 6.8429999351501465 34.547000885009766
10.781000137329102 -0.5759999752044678 36.599998474121094
14.545999526977539 -0.6019999980926514 36.84700012207031
12.14900016784668 1.9049999713897705 31.604999542236328
-11.593000411987305 9.27299976348877 24.04800033569336
-4.775000095367432 -6.067999839782715 28.134000778198242
5.507999897003174 -4.179999828338623 27.083999633789062
10.173999786376953 -0.08100000023841858 23.37700080871582
11.095000267028809 3.621999979019165 17.78499984741211
9.062999725341797 -0.21299999952316284 15.333000183105469
12.72700023651123 -6.297999858856201 22.386999130249023
9.67199993133545 -11.35099983215332 30.16900062561035
-2.86299991607666 -9.229000091552734 38.09299850463867
-4.060999870300293 -10.892000198364258 26.913999557495117
7.947999954223633 -10.475000381469727 18.299999237060547
11.07699966430664 -21.042999267578125 27.023000717163086
3.86899995803833 -23.799999237060547 30.523000717163086
-0.800000011920929 -21.16900062561035 30.374000549316406
-3.8489999771118164 -14.951000213623047 24.959999084472656
6.64900016784668 -5.88700008392334 15.144000053405762
5.01200008392334 -2.4560000896453857 14.829999923706055
2.8989999294281006 -0.13699999451637268 16.79599952697754
-8.755999565124512 -0.39399999380111694 20.03700065612793
-5.015999794006348 0.20499999821186066 8.472000122070312