22.451000213623047 42.98500061035156 33.869998931884766
17.62299919128418 44.70000076293945 45.433998107910156
15.954999923706055 45.750999450683594 42.17100143432617
14.045000076293945 56.382999420166016 37.29100036621094
4.309999942779541 57.4640007019043 34.73500061035156
9.538999557495117 60.51100158691406 36.94599914550781
11.114999771118164 52.71200180053711 40.89899826049805
12.12600040435791 52.08700180053711 44.52799987792969
9.593999862670898 50.91299819946289 49.49700164794922
5.1539998054504395 44.07400131225586 49.22800064086914
5.086999893188477 43.45600128173828 28.81599998474121
-3.6389999389648438 41.59299850463867 32.83300018310547
-7.125999927520752 38.362998962402344 41.52899932861328
-6.670000076293945 41.875 42.90599822998047
-1.7280000448226929 39.07500076293945 51.45800018310547
0.6869999766349792 47.185001373291016 44.84299850463867
9.803999900817871 50.1150016784668 27.341999053955078
4.556000232696533 57.39400100708008 29.33099937438965
-7.2769999504089355 48.53799819946289 33.31800079345703
0.6029999852180481 51.14699935913086 38.14699935913086
10.87600040435791 52.3380012512207 31.308000564575195
17.336000442504883 51.68199920654297 31.577999114990234
19.323999404907227 42.119998931884766 32.125999450683594
16.53700065612793 43.130001068115234 27.08799934387207
14.831000328063965 41.58300018310547 24.075000762939453
14.704000473022461 46.33100128173828 17.020000457763672
12.272000312805176 49.8129997253418 16.42300033569336
11.786999702453613 43.82600021362305 27.72599983215332
11.362000465393066 40.097999572753906 27.93899917602539
8.829999923706055 38.35300064086914 33.71500015258789
10.784000396728516 46.584999084472656 50.207000732421875
14.053000450134277 43.125999450683594 47.29499816894531
7.382999897003174 32.28499984741211 30.472000122070312
-2.184000015258789 35.83399963378906 37.369998931884766
4.909999847412109 32.505001068115234 51.840999603271484