-2.428999900817871 29.334999084472656 23.851999282836914
3.865000009536743 27.02400016784668 20.673999786376953
11.164999961853027 35.40399932861328 13.638999938964844
11.069999694824219 28.969999313354492 5.275000095367432
10.178000450134277 17.386999130249023 21.086999893188477
10.428999900817871 22.601999282836914 23.48900032043457
16.864999771118164 26.0310001373291 23.270000457763672
17.013999938964844 28.083999633789062 17.81399917602539
19.849000930786133 33.231998443603516 11.039999961853027
11.64799976348877 31.160999298095703 10.883000373840332
4.817999839782715 21.56800079345703 23.072999954223633
-3.0969998836517334 11.199999809265137 16.83799934387207
0.3840000033378601 27.308000564575195 5.132999897003174
7.554999828338623 26.24799919128418 3.0739998817443848
11.52400016784668 10.394000053405762 18.966999053955078
7.916999816894531 10.803999900817871 20.256000518798828
-2.0339999198913574 16.270000457763672 8.279000282287598
10.128999710083008 18.851999282836914 4.021999835968018
15.618000030517578 8.847999572753906 16.33799934387207
-0.12700000405311584 -6.688000202178955 16.63800048828125
5.260000228881836 10.604999542236328 40.93600082397461
7.723999977111816 12.289999961853027 38.57699966430664
17.451000213623047 7.638999938964844 33.33300018310547
19.52199935913086 1.1180000305175781 28.020999908447266
27.445999145507812 13.64799976348877 28.798999786376953
27.200000762939453 17.06100082397461 34.0260009765625
9.321999549865723 19.517000198364258 35.57899856567383
3.364000082015991 12.95199966430664 36.016998291015625
2.1570000648498535 6.0920000076293945 23.266000747680664
5.020999908447266 1.4490000009536743 8.079999923706055
5.340000152587891 10.673999786376953 2.0840001106262207
12.895999908447266 13.699000358581543 4.1529998779296875
25.26799964904785 5.195000171661377 15.791999816894531
21.235000610351562 0.25099998712539673 17.25
10.116999626159668 7.02400016784668 2.0369999408721924
14.680000305175781 10.359000205993652 1.8960000276565552
28.85099983215332 8.967000007629395 14.875
21.533000946044922 13.251999855041504 18.961999893188477
26.354000091552734 16.30500030517578 19.295000076293945
24.430999755859375 19.57200050354004 18.847000122070312
15.75100040435791 25.570999145507812 -0.6679999828338623
14.267999649047852 24.69300079345703 -4.0960001945495605