17.71500015258789 -18.969999313354492 18.41699981689453
14.435999870300293 -17.722000122070312 16.982999801635742
15.937999725341797 13.218000411987305 -6.139999866485596
10.104999542236328 3.453000068664551 2.174999952316284
5.552000045776367 -3.0339999198913574 19.965999603271484
11.192000389099121 -6.23799991607666 23.172000885009766
20.290000915527344 -6.070000171661377 19.336999893188477
17.18600082397461 -1.503000020980835 17.60099983215332
16.823999404907227 11.753000259399414 12.085000038146973
5.035999774932861 13.505999565124512 10.720999717712402
6.244999885559082 1.6139999628067017 25.308000564575195
20.615999221801758 4.031000137329102 30.917999267578125
22.14299964904785 8.175000190734863 21.375999450683594
18.41699981689453 8.050000190734863 20.631000518798828
12.447999954223633 22.016000747680664 17.481000900268555
2.9619998931884766 21.20199966430664 19.39299964904785
18.70400047302246 9.38700008392334 38.928001403808594
18.167999267578125 5.584000110626221 39.209999084472656