-15.673999786376953 7.5279998779296875 -12.810999870300293
-4.7210001945495605 8.579999923706055 2.760999917984009
-6.1539998054504395 -6.693999767303467 5.041999816894531
0.041999999433755875 -2.440000057220459 8.621999740600586
10.557999610900879 7.618000030517578 2.5409998893737793
9.40999984741211 1.475000023841858 0.9599999785423279
-0.7630000114440918 2.0220000743865967 11.916000366210938
0.5509999990463257 7.914000034332275 12.258999824523926
3.609999895095825 11.454999923706055 7.269000053405762
0.42500001192092896 9.029999732971191 3.421999931335449
-0.24799999594688416 8.880999565124512 -0.3070000112056732
-4.563000202178955 8.866999626159668 -15.291000366210938
-6.197000026702881 9.470000267028809 -22.104999542236328
-8.076000213623047 6.879000186920166 -17.802000045776367
-4.184000015258789 5.861999988555908 -10.970000267028809
3.2769999504089355 12.58899974822998 0.4560000002384186
5.070000171661377 7.354000091552734 -7.275000095367432
6.978000164031982 -4.938000202178955 -11.862000465393066
8.019000053405762 -2.7829999923706055 -5.796000003814697
10.128000259399414 10.262999534606934 -9.586999893188477
4.005000114440918 2.188999891281128 -17.57699966430664
-0.40299999713897705 2.924999952316284 -13.123000144958496
-2.825000047683716 0.9480000138282776 -11.01200008392334
-13.218000411987305 -7.041999816894531 -3.180000066757202
-17.93000030517578 -11.138999938964844 0.0010000000474974513
-16.256000518798828 -5.4029998779296875 0.2619999945163727
-9.595999717712402 -3.614000082015991 -2.8910000324249268
-2.243000030517578 -4.21999979019165 -15.390999794006348
1.0260000228881836 -7.813000202178955 -10.864999771118164
1.7790000438690186 -9.565999984741211 4.4070000648498535
5.505000114440918 -5.210999965667725 0.9570000171661377
-2.428999900817871 -10.824999809265137 -10.369999885559082
-6.375999927520752 -11.906000137329102 0.5239999890327454
-6.249000072479248 -6.425000190734863 -0.36399999260902405
-7.9019999504089355 9.086000442504883 6.324999809265137
-6.4770002365112305 11.741000175476074 8.73900032043457