32.084999084472656 22.75200080871582 38.79999923706055
27.621000289916992 20.70199966430664 26.760000228881836
22.937000274658203 29.172000885009766 26.58799934387207
27.433000564575195 37.979000091552734 33.198001861572266
27.356000900268555 39.48099899291992 17.250999450683594
15.006999969482422 12.060999870300293 10.550000190734863
17.80299949645996 29.804000854492188 26.701000213623047
19.72800064086914 25.608999252319336 23.763999938964844
32.40399932861328 20.802000045776367 22.930999755859375
24.24799919128418 23.656999588012695 18.929000854492188
17.058000564575195 19.7810001373291 24.125
9.34000015258789 25.474000930786133 11.085000038146973
20.35099983215332 42.10900115966797 25.243999481201172
19.131000518798828 51.0 26.631999969482422
23.229999542236328 48.887001037597656 18.31800079345703
21.98900032043457 46.23099899291992 10.086999893188477
10.956999778747559 36.904998779296875 15.064000129699707
15.704999923706055 26.509000778198242 8.392999649047852
25.836999893188477 35.64400100708008 3.625
29.857999801635742 31.884000778198242 1.9789999723434448
34.15399932861328 29.863000869750977 39.066001892089844
33.191001892089844 29.961000442504883 42.775001525878906