29.81800079345703 27.257999420166016 63.224998474121094
19.72800064086914 31.349000930786133 45.97100067138672
31.76099967956543 31.635000228881836 50.165000915527344
31.222000122070312 36.487998962402344 60.0260009765625
36.83000183105469 33.0629997253418 52.23899841308594
33.22100067138672 23.51799964904785 55.040000915527344
29.54599952697754 25.601999282836914 49.98099899291992
-7.020999908447266 20.750999450683594 68.83699798583984
-11.357999801635742 25.070999145507812 66.00900268554688
7.565000057220459 31.643999099731445 60.9630012512207
10.305999755859375 34.31399917602539 55.96099853515625
19.10300064086914 22.17799949645996 45.56800079345703
21.577999114990234 17.215999603271484 42.92499923706055
-10.510000228881836 17.39900016784668 61.775001525878906
-16.209999084472656 21.41200065612793 59.805999755859375
-18.413000106811523 21.277999877929688 56.69200134277344
-11.663000106811523 14.781999588012695 55.85900115966797
6.419000148773193 44.34000015258789 49.11899948120117
0.289000004529953 44.31100082397461 49.29999923706055
1.2000000476837158 40.56999969482422 52.619998931884766
0.6930000185966492 38.64799880981445 55.834999084472656
-15.83899974822998 25.913999557495117 60.237998962402344
-18.764999389648438 26.33099937438965 62.64699935913086