-11.604000091552734 1.6269999742507935 23.63800048828125
-8.053999900817871 -3.546999931335449 20.868000030517578
-5.517000198364258 -12.208000183105469 16.378999710083008
-8.333000183105469 -11.880999565124512 21.207000732421875
-10.218000411987305 -1.7610000371932983 28.756999969482422
-10.96500015258789 -4.921999931335449 32.426998138427734
-11.557000160217285 -8.123000144958496 30.464000701904297
-12.782999992370605 -16.375 19.844999313354492
-15.34000015258789 -16.327999114990234 24.867000579833984
-11.182000160217285 -14.628000259399414 33.63100051879883
-6.8520002365112305 -6.888999938964844 37.49700164794922
-0.656000018119812 -0.7120000123977661 23.797000885009766
9.637999534606934 -4.665999889373779 27.92099952697754
12.013999938964844 -5.586999893188477 30.740999221801758
10.621000289916992 -7.269000053405762 33.888999938964844
3.197000026702881 0.8149999976158142 40.62300109863281
9.654000282287598 -12.711999893188477 39.60599899291992
-2.634000062942505 -19.393999099731445 24.924999237060547
3.1579999923706055 -13.015000343322754 24.95599937438965
15.564000129699707 -14.428999900817871 26.218000411987305
11.991000175476074 -9.314000129699707 28.538000106811523
3.5409998893737793 -10.503000259399414 19.277000427246094
0.13699999451637268 -10.437000274658203 13.312000274658203