51.63600158691406 57.582000732421875 -17.510000228881836
51.172000885009766 66.41000366210938 -12.907999992370605
50.91299819946289 65.4520034790039 -1.565000057220459
37.16400146484375 49.24599838256836 13.595000267028809
43.097999572753906 55.66600036621094 16.062999725341797
56.18299865722656 68.98500061035156 8.14799976348877
53.928001403808594 69.66000366210938 -3.7709999084472656
51.64899826049805 60.393001556396484 -11.513999938964844
48.84400177001953 61.20100021362305 -9.131999969482422
42.70000076293945 45.42900085449219 13.151000022888184
46.51499938964844 52.53799819946289 15.430000305175781
65.88600158691406 68.0479965209961 0.05700000002980232
62.54499816894531 64.0469970703125 -2.5369999408721924
50.75600051879883 45.28499984741211 15.251999855041504
63.125 39.30699920654297 9.010000228881836
61.025001525878906 41.50199890136719 4.5370001792907715
59.28300094604492 38.14699935913086 0.20000000298023224
56.672000885009766 39.319000244140625 -4.3979997634887695
53.310001373291016 45.409000396728516 -2.7300000190734863
59.11199951171875 57.25400161743164 -10.166999816894531
62.3390007019043 53.667999267578125 -2.9179999828338623
57.40299987792969 51.111000061035156 18.079999923706055
54.35599899291992 48.08300018310547 14.90999984741211
60.27199935913086 65.98999786376953 -6.202000141143799
61.393001556396484 63.52000045776367 -12.64799976348877
65.41100311279297 61.56999969482422 -10.241999626159668