33.744998931884766 26.304000854492188 12.211000442504883
38.14500045776367 15.946000099182129 5.014999866485596
28.899999618530273 4.590000152587891 5.639999866485596
33.055999755859375 7.38100004196167 1.6959999799728394
34.35300064086914 20.731000900268555 2.5799999237060547
35.020999908447266 31.454999923706055 -9.78499984741211
40.393001556396484 24.176000595092773 -14.163999557495117
40.82699966430664 20.354000091552734 -14.348999977111816
37.483001708984375 17.371000289916992 -11.38700008392334
40.356998443603516 5.303999900817871 -11.25
35.861000061035156 7.199999809265137 -13.571999549865723
35.090999603271484 18.979000091552734 -6.289999961853027
26.732999801635742 17.60099983215332 -3.757999897003174
29.326000213623047 -0.010999999940395355 -8.227999687194824
26.87299919128418 2.2769999504089355 -10.062999725341797
23.902999877929688 8.178999900817871 -12.494999885559082
21.163000106811523 18.44700050354004 -8.996999740600586
16.684999465942383 10.204999923706055 -14.418000221252441
18.458999633789062 4.51800012588501 -14.824000358581543
30.413999557495117 0.6970000267028809 -14.041000366210938
21.7189998626709 -0.25699999928474426 -17.224000930786133
15.666999816894531 3.884000062942505 -11.258000373840332
12.336000442504883 5.303999900817871 -10.135000228881836
7.841000080108643 13.432999610900879 -0.9390000104904175
19.131999969482422 9.461999893188477 -3.5429999828338623
14.270000457763672 21.173999786376953 -6.36299991607666
15.597999572753906 28.770999908447266 -0.9639999866485596
18.88599967956543 28.503000259399414 -5.065999984741211
20.53499984741211 19.517000198364258 -4.046000003814697
14.166999816894531 5.60099983215332 12.107000350952148
13.553000450134277 10.72700023651123 11.112000465393066
25.93600082397461 14.951000213623047 1.5230000019073486
22.0 16.0 8.963000297546387
-2.0989999771118164 7.513999938964844 6.745999813079834
2.513000011444092 8.097000122070312 3.640000104904175
13.951000213623047 19.784000396728516 5.676000118255615
12.276000022888184 18.44300079345703 -1.3359999656677246
16.785999298095703 1.2890000343322754 -7.877999782562256
0.09200000017881393 2.305000066757202 -11.204999923706055