24.70400047302246 55.888999938964844 11.847999572753906
23.066999435424805 52.50699996948242 11.291000366210938
14.083000183105469 30.05900001525879 10.869000434875488
9.855999946594238 33.46200180053711 17.007999420166016
15.107999801635742 35.880001068115234 18.437999725341797
18.36400032043457 47.78099822998047 22.0310001373291
17.520999908447266 52.88399887084961 16.722999572753906
26.586999893188477 54.50299835205078 16.614999771118164
23.499000549316406 46.430999755859375 19.02400016784668
18.072999954223633 31.711999893188477 22.98200035095215
23.381999969482422 30.81999969482422 21.452999114990234
26.020999908447266 33.52199935913086 21.886999130249023
25.959999084472656 38.558998107910156 17.759000778198242
31.92799949645996 50.479000091552734 15.574999809265137
31.195999145507812 53.869998931884766 7.008999824523926
30.179000854492188 35.72600173950195 20.48900032043457
35.16999816894531 36.46799850463867 17.891000747680664
26.885000228881836 54.731998443603516 2.631999969482422
23.132999420166016 52.125999450683594 7.171000003814697
17.174999237060547 26.849000930786133 10.251999855041504
22.41900062561035 30.118999481201172 9.635000228881836
23.910999298095703 46.196998596191406 4.196000099182129
28.288999557495117 37.57600021362305 4.63700008392334
25.31999969482422 30.7549991607666 15.586000442504883
25.81399917602539 27.18400001525879 20.93899917602539
26.423999786376953 28.132999420166016 24.55299949645996
27.875999450683594 25.014999389648438 26.17099952697754