-22.30500030517578 20.312999725341797 4.789999961853027
-21.857999801635742 15.232000350952148 8.748000144958496
-23.614999771118164 1.2230000495910645 17.589000701904297
-24.084999084472656 0.039000000804662704 24.02199935913086
-19.684999465942383 -6.974999904632568 30.142000198364258
-19.98900032043457 -4.085999965667725 19.98200035095215
-22.04400062561035 15.298999786376953 2.447999954223633
-15.690999984741211 7.800000190734863 2.1989998817443848
-10.684000015258789 10.182000160217285 2.684999942779541
-9.168000221252441 8.57800006866455 5.736000061035156
-12.430000305175781 8.312000274658203 28.232999801635742
-8.63700008392334 12.244999885559082 22.923999786376953
-11.48799991607666 2.7880001068115234 2.010999917984009
-5.328999996185303 0.375 4.263000011444092
-3.4100000858306885 2.2079999446868896 18.141000747680664
-10.663999557495117 -4.127999782562256 17.261999130249023
-18.176000595092773 1.7910000085830688 0.13300000131130219
-20.738000869750977 4.908999919891357 2.311000108718872
-20.225000381469727 3.7170000076293945 5.892000198364258
-14.190999984741211 -7.695000171661377 20.457000732421875
-13.494999885559082 -1.9249999523162842 31.297000885009766
-15.388999938964844 2.609999895095825 28.284000396728516
-15.522000312805176 5.9770002365112305 26.576000213623047
-6.552999973297119 14.253999710083008 5.426000118255615
-8.383000373840332 16.281999588012695 11.265000343322754
-10.407999992370605 17.145000457763672 8.142000198364258
-21.499000549316406 7.0279998779296875 20.67300033569336
-18.906999588012695 -3.135999917984009 33.09400177001953