10.586000442504883 17.26099967956543 25.304000854492188
6.646999835968018 15.928999900817871 21.309999465942383
8.642000198364258 16.194000244140625 15.493000030517578
8.130000114440918 14.564000129699707 1.6080000400543213
12.383000373840332 11.85099983215332 3.9210000038146973
18.756000518798828 3.8410000801086426 0.49799999594688416
8.069000244140625 -1.0240000486373901 -6.367000102996826
5.892000198364258 -4.111000061035156 -6.802999973297119
5.4070000648498535 -0.4880000054836273 -11.4399995803833
5.508999824523926 3.1730000972747803 -10.390000343322754
5.750999927520752 2.4739999771118164 -5.031000137329102
6.341000080108643 2.367000102996826 -1.284000039100647
10.317999839782715 6.735000133514404 1.7300000190734863
6.995999813079834 6.193999767303467 6.445000171661377
4.76200008392334 8.289999961853027 8.704000473022461
3.071000099182129 7.041999816894531 11.880000114440918
8.246999740600586 2.7980000972747803 3.2209999561309814
13.151000022888184 -1.1360000371932983 1.1360000371932983
15.465999603271484 5.453999996185303 6.059000015258789
5.23799991607666 -1.9769999980926514 10.145999908447266
2.5220000743865967 -2.4719998836517334 7.5229997634887695
-1.4520000219345093 -8.309000015258789 0.12300000339746475
1.4809999465942383 -10.277999877929688 4.327000141143799
23.83099937438965 17.81599998474121 10.98900032043457
27.298999786376953 9.244999885559082 14.458000183105469
23.88599967956543 5.947999954223633 18.591999053955078
16.702999114990234 -1.100000023841858 19.51799964904785
11.343000411987305 -2.937999963760376 16.957000732421875
6.480999946594238 0.4880000054836273 19.389999389648438
9.031999588012695 -10.63599967956543 5.4629998207092285
8.777999877929688 -1.8179999589920044 6.166999816894531
11.720000267028809 19.29199981689453 20.9689998626709