26.990999221801758 19.726999282836914 8.005000114440918
21.200000762939453 18.214000701904297 9.503999710083008
-1.8329999446868896 26.80299949645996 8.168000221252441
2.313999891281128 26.790000915527344 3.8980000019073486
14.802000045776367 33.45100021362305 6.7220001220703125
17.48200035095215 26.566999435424805 8.54699993133545
-0.5410000085830688 12.652999877929688 6.888000011444092
-3.1480000019073486 21.15399932861328 -4.502999782562256
-11.380000114440918 16.594999313354492 -2.2330000400543213
-2.3269999027252197 18.913000106811523 6.130000114440918
21.670000076293945 20.35099983215332 14.065999984741211
14.557000160217285 20.691999435424805 17.64699935913086
0.9430000185966492 29.618000030517578 14.6899995803833
-8.345999717712402 26.472999572753906 11.02400016784668
-7.671999931335449 32.45500183105469 11.333000183105469
-8.218999862670898 29.4689998626709 6.446000099182129
-10.40999984741211 22.981000900268555 6.926000118255615
-8.407999992370605 19.947999954223633 8.027999877929688
-4.739999771118164 21.948999404907227 11.036999702453613
-1.7239999771118164 22.507999420166016 13.276000022888184
10.47700023651123 10.734000205993652 11.6899995803833
11.281999588012695 13.267999649047852 19.131000518798828
1.0679999589920044 30.402000427246094 28.714000701904297
-1.0779999494552612 17.327999114990234 16.73699951171875
4.994999885559082 11.598999977111816 9.800999641418457
4.629000186920166 13.491000175476074 2.9179999828338623
3.7239999771118164 20.391000747680664 -3.3580000400543213
6.931000232696533 23.695999145507812 -7.810999870300293
7.72599983215332 26.37700080871582 -3.622999906539917
5.854000091552734 31.23699951171875 -3.2139999866485596
4.980000019073486 36.62900161743164 -5.242000102996826
7.447999954223633 36.999000549316406 9.109000205993652
14.032999992370605 37.91999816894531 17.231000900268555
22.007999420166016 36.73400115966797 19.777000427246094