32.606998443603516 32.36800003051758 16.111000061035156
29.486000061035156 34.54600143432617 16.249000549316406
27.06399917602539 35.345001220703125 19.073999404907227
23.62700080871582 34.9640007019043 26.410999298095703
28.708999633789062 27.95400047302246 22.503999710083008
27.968000411987305 29.979000091552734 16.16200065612793
30.601999282836914 28.590999603271484 13.800000190734863
23.201000213623047 27.386999130249023 8.447999954223633
6.823999881744385 23.777999877929688 15.821999549865723
2.6700000762939453 29.30500030517578 16.652000427246094
6.697999954223633 32.48500061035156 19.457000732421875
9.961999893188477 30.982999801635742 18.145999908447266
25.231000900268555 46.00699996948242 15.78600025177002
25.16900062561035 43.38800048828125 6.875999927520752
9.074000358581543 34.724998474121094 1.5199999809265137
6.824999809265137 43.689998626708984 3.134999990463257
12.064000129699707 45.75899887084961 17.756999969482422
13.685999870300293 49.15599822998047 7.941999912261963
22.104999542236328 53.10300064086914 4.285999774932861
19.958999633789062 45.63999938964844 4.796999931335449
10.755000114440918 40.4640007019043 -1.6100000143051147
9.809000015258789 36.9630012512207 -2.6470000743865967
2.186000108718872 40.56100082397461 -7.804999828338623
14.368000030517578 45.827999114990234 -2.1649999618530273
11.861000061035156 41.8489990234375 -6.927999973297119
14.005999565124512 30.40999984741211 -8.590999603271484
31.23900032043457 50.439998626708984 -1.0299999713897705
27.100000381469727 39.11000061035156 6.771999835968018
10.147000312805176 31.454999923706055 6.138999938964844
11.29699993133545 28.40399932861328 4.2779998779296875
3.569999933242798 27.844999313354492 -4.0970001220703125
6.376999855041504 18.948999404907227 -1.5290000438690186
27.791000366210938 30.518999099731445 -8.564000129699707
29.910999298095703 33.729000091552734 -8.307000160217285
33.665000915527344 35.402000427246094 -5.5929999351501465
25.93000030517578 32.94599914550781 8.263999938964844
4.739999771118164 24.469999313354492 11.821999549865723
7.547999858856201 15.87399959564209 7.203000068664551
21.18199920654297 22.79599952697754 8.585000038146973
22.242000579833984 23.79199981689453 13.83899974822998
-2.693000078201294 24.06999969482422 34.35300064086914
-0.2809999883174896 28.801000595092773 31.889999389648438
24.77199935913086 21.158000946044922 16.509000778198242
16.56399917602539 22.250999450683594 26.582000732421875
9.072999954223633 42.99100112915039 26.219999313354492
13.739999771118164 40.132999420166016 24.781999588012695
16.275999069213867 22.98699951171875 32.194000244140625
17.468000411987305 19.94499969482422 34.17499923706055