49.534000396728516 66.51100158691406 24.565000534057617
44.32600021362305 62.946998596191406 26.52899932861328
19.70599937438965 40.57099914550781 25.302000045776367
25.229000091552734 39.9900016784668 28.851999282836914
43.50199890136719 57.32899856567383 24.68899917602539
45.138999938964844 52.005001068115234 25.422000885009766
29.128999710083008 39.27399826049805 33.18000030517578
40.42100143432617 42.641998291015625 35.34000015258789
44.452999114990234 45.05400085449219 30.802000045776367
50.53499984741211 47.000999450683594 33.24800109863281
47.983001708984375 46.58599853515625 38.236000061035156
42.1870002746582 45.65700149536133 46.349998474121094
9.333000183105469 50.632999420166016 21.08300018310547
21.676000595092773 46.013999938964844 22.319000244140625
43.86800003051758 69.58200073242188 26.908000946044922
39.10300064086914 69.5780029296875 31.25200080871582
20.47100067138672 48.79999923706055 18.357999801635742
21.45400047302246 54.17499923706055 16.732999801635742
24.87700080871582 67.88999938964844 25.908000946044922
19.836999893188477 66.2229995727539 27.11199951171875
16.584999084472656 61.02199935913086 19.429000854492188
9.729000091552734 59.89899826049805 21.507999420166016
15.88700008392334 62.49800109863281 38.97100067138672
20.812999725341797 62.58300018310547 36.48400115966797
35.63199996948242 65.48200225830078 39.321998596191406
36.50699996948242 61.78799819946289 39.5629997253418
51.529998779296875 55.10300064086914 32.808998107910156
53.60900115966797 58.07699966430664 31.694000244140625
52.68299865722656 60.03200149536133 27.250999450683594
55.77799987792969 56.452999114990234 18.70599937438965
56.19300079345703 57.82699966430664 15.173999786376953
57.926998138427734 53.88199996948242 10.253999710083008
49.40599822998047 45.99399948120117 -12.28499984741211
49.801998138427734 51.029998779296875 -14.58899974822998
48.49800109863281 56.874000549316406 19.145999908447266
46.96900177001953 61.44200134277344 8.295000076293945
51.7760009765625 67.26499938964844 -8.944999694824219
47.30400085449219 68.0790023803711 -5.5970001220703125
44.27399826049805 62.48500061035156 -4.800000190734863
41.32899856567383 61.86600112915039 -2.4660000801086426
43.35200119018555 56.8650016784668 -3.1559998989105225
42.47200012207031 53.57500076293945 -1.4700000286102295
42.492000579833984 51.25199890136719 4.688000202178955
44.374000549316406 48.73699951171875 12.357999801635742
49.20800018310547 45.45800018310547 15.338000297546387
48.82500076293945 50.73699951171875 14.753999710083008
53.823001861572266 53.58399963378906 -15.595000267028809
55.749000549316406 57.58300018310547 -10.404000282287598
53.40700149536133 61.29199981689453 -6.764999866485596
51.4370002746582 62.07500076293945 13.180999755859375
56.79399871826172 63.749000549316406 6.196000099182129
58.28799819946289 59.05699920654297 -2.819000005722046
63.54100036621094 52.36399841308594 -6.938000202178955