-16.597000122070312 14.977999687194824 -13.503000259399414
-9.994999885559082 13.199000358581543 -4.811999797821045
-20.155000686645508 17.929000854492188 1.812999963760376
-11.201000213623047 13.902999877929688 1.7100000381469727
-25.599000930786133 4.552000045776367 -10.777000427246094
-22.989999771118164 6.953000068664551 -6.618000030517578
-2.072000026702881 5.769000053405762 8.694999694824219
-6.913000106811523 3.4549999237060547 9.46500015258789
-22.577999114990234 12.116000175476074 -6.085999965667725
-19.25 14.869000434875488 -2.868000030517578
-7.193999767303467 18.929000854492188 -5.750999927520752
-5.208000183105469 15.805000305175781 -4.708000183105469