6.14300012588501 -19.792999267578125 23.297000885009766
4.0229997634887695 -16.20400047302246 19.180999755859375
3.752000093460083 -8.630999565124512 1.0920000076293945
16.856000900268555 -11.871999740600586 6.316999912261963
22.80500030517578 -26.687999725341797 18.062000274658203
16.461000442504883 -24.02899932861328 17.31100082397461
16.163000106811523 -2.683000087738037 5.486000061035156
9.680000305175781 -7.460999965667725 3.4110000133514404
8.645000457763672 -4.478000164031982 11.413999557495117
12.65999984741211 -18.41900062561035 16.781999588012695
3.686000108718872 -21.308000564575195 5.139999866485596
6.330999851226807 -26.174999237060547 6.572000026702881
10.404000282287598 -25.635000228881836 11.345999717712402
19.530000686645508 -27.667999267578125 9.755999565124512
10.430000305175781 -19.22100067138672 -0.28700000047683716
4.877999782562256 -15.803999900817871 2.6010000705718994
9.357999801635742 -13.817999839782715 20.334999084472656
19.341999053955078 -4.390999794006348 15.64900016784668
28.625999450683594 -2.680000066757202 0.8759999871253967
30.63800048828125 -8.414999961853027 -0.29100000858306885