18.464000701904297 20.194000244140625 7.355000019073486
13.097000122070312 22.635000228881836 9.616999626159668
13.279999732971191 13.074000358581543 29.79199981689453
12.163999557495117 10.118000030517578 31.927000045776367
7.609000205993652 2.802999973297119 26.55500030517578
9.803000450134277 0.335999995470047 15.659000396728516
11.451000213623047 15.593000411987305 -0.7699999809265137
15.737000465393066 14.00100040435791 2.4700000286102295
12.956000328063965 1.2569999694824219 21.599000930786133
15.097999572753906 6.478000164031982 20.68000030517578
19.95599937438965 8.003000259399414 5.784999847412109
6.958000183105469 2.2090001106262207 7.938000202178955
5.710999965667725 13.814000129699707 3.121999979019165
8.696000099182129 19.000999450683594 4.295000076293945
3.9579999446868896 22.28499984741211 15.119000434875488
-1.4049999713897705 13.496999740600586 10.928999900817871
-3.8420000076293945 12.456999778747559 1.1169999837875366
1.6360000371932983 9.02400016784668 2.3389999866485596
4.638999938964844 -0.42800000309944153 4.988999843597412
4.4079999923706055 -4.813000202178955 9.166999816894531
-5.688000202178955 -16.84000015258789 22.54199981689453