-0.7210000157356262 8.0 25.034000396728516
-11.199000358581543 19.37700080871582 27.209999084472656
14.425999641418457 20.652000427246094 25.006000518798828
6.551000118255615 26.194000244140625 31.211999893188477
-7.754000186920166 21.650999069213867 19.867000579833984
-6.927000045776367 19.2450008392334 9.157999992370605
-8.298999786376953 22.781999588012695 8.72599983215332
-11.029000282287598 18.66900062561035 5.419000148773193
-2.7360000610351562 20.823999404907227 9.36299991607666
-1.5520000457763672 19.711999893188477 12.817999839782715
1.0149999856948853 24.555999755859375 9.333000183105469
-0.21400000154972076 26.159000396728516 6.132999897003174
0.21799999475479126 21.575000762939453 5.035999774932861
13.519000053405762 13.836999893188477 7.484000205993652
2.8919999599456787 14.133000373840332 17.673999786376953
14.661999702453613 30.84000015258789 12.54699993133545
11.772000312805176 32.85300064086914 18.79400062561035
13.234999656677246 31.04199981689453 27.48900032043457
1.3339999914169312 32.6150016784668 29.672000885009766
-0.6389999985694885 35.24399948120117 12.359999656677246
-9.317000389099121 33.577999114990234 24.110000610351562
-1.0190000534057617 20.975000381469727 33.86800003051758
2.009999990463257 19.76300048828125 35.8849983215332