2.191999912261963 -15.706999778747559 8.09000015258789
-2.8289999961853027 -14.381999969482422 -2.938999891281128
-9.116999626159668 8.468999862670898 4.449999809265137
-7.4039998054504395 7.85699987411499 1.0820000171661377
0.2639999985694885 15.711999893188477 0.18700000643730164
-8.121000289916992 17.7810001373291 -7.190999984741211
-8.168000221252441 2.7149999141693115 -7.23199987411499
-6.23799991607666 -5.7779998779296875 -8.333000183105469
9.638999938964844 -16.388999938964844 3.2950000762939453
10.90999984741211 -12.217000007629395 -0.11100000143051147
-5.848999977111816 0.22100000083446503 -10.95300006866455
0.24699999392032623 -0.906000018119812 -12.527999877929688
12.555999755859375 -7.835000038146973 4.473999977111816
14.690999984741211 -1.3619999885559082 -2.490999937057495
5.465000152587891 7.005000114440918 -2.5859999656677246
10.640000343322754 7.771999835968018 -6.185999870300293
4.921000003814697 -12.041000366210938 13.39799976348877
2.8340001106262207 -7.26200008392334 10.489999771118164
15.564000129699707 9.559000015258789 -3.8320000171661377
5.764999866485596 8.54800033569336 4.521999835968018
-5.3520002365112305 -11.090999603271484 10.571999549865723
-5.159999847412109 -7.9120001792907715 4.994999885559082
3.200000047683716 12.713000297546387 8.902999877929688
-2.509000062942505 11.54800033569336 8.50100040435791
-10.244999885559082 -13.937999725341797 -3.9200000762939453