-7.080999851226807 13.4350004196167 7.329999923706055
-4.373000144958496 14.177000045776367 4.767000198364258
-2.138000011444092 17.016000747680664 6.01800012588501
3.428999900817871 19.45199966430664 4.493000030517578
3.4860000610351562 18.430999755859375 19.66200065612793
13.118000030517578 15.477999687194824 20.56100082397461
16.072999954223633 13.324000358581543 21.597999572753906
16.06100082397461 14.607000350952148 16.03499984741211
15.241000175476074 17.761999130249023 14.090999603271484
11.690999984741211 18.476999282836914 13.020999908447266
2.0759999752044678 10.67300033569336 2.503000020980835
-2.4149999618530273 10.491999626159668 5.7829999923706055
-3.680000066757202 9.899999618530273 9.333999633789062
-3.38100004196167 1.3539999723434448 7.122000217437744
1.4709999561309814 -7.178999900817871 6.75
-1.0800000429153442 -4.001999855041504 10.505000114440918
-1.6640000343322754 5.965000152587891 10.845000267028809
3.1600000858306885 2.1659998893737793 13.62600040435791
0.5870000123977661 -3.747999906539917 15.802000045776367
-3.0390000343322754 -3.6579999923706055 20.31800079345703
-5.616000175476074 -4.313000202178955 17.60099983215332
-5.415999889373779 0.421999990940094 21.006999969482422
-4.249000072479248 0.7549999952316284 17.378999710083008
-7.336999893188477 10.01099967956543 14.392999649047852
-1.5329999923706055 13.234000205993652 19.75
13.552000045776367 6.433000087738037 22.95599937438965
15.996000289916992 5.459000110626221 17.36199951171875
10.845000267028809 3.312999963760376 10.444000244140625
11.810999870300293 1.5420000553131104 7.256999969482422
15.41100025177002 10.317999839782715 5.083000183105469
15.706000328063965 16.292999267578125 6.189000129699707
11.845999717712402 24.704999923706055 4.192999839782715
6.308000087738037 28.29400062561035 12.11299991607666