23.643999099731445 64.23799896240234 11.609000205993652
20.67300033569336 62.5890007019043 9.899999618530273
20.3799991607666 57.74599838256836 12.303000450134277
20.222000122070312 53.95899963378906 12.45300006866455
11.852999687194824 44.060001373291016 34.64500045776367
21.565000534057617 42.77899932861328 38.869998931884766
26.60300064086914 35.81399917602539 20.650999069213867
23.018999099731445 42.9900016784668 21.888999938964844
22.90399932861328 48.999000549316406 33.43899917602539
17.344999313354492 47.108001708984375 30.20800018310547
15.15999984741211 40.47800064086914 15.96500015258789
14.621999740600586 29.496999740600586 29.72599983215332
19.384000778198242 29.642000198364258 32.60100173950195