-16.566999435424805 48.45100021362305 32.74599838256836
-9.942000389099121 38.05799865722656 37.19300079345703
-7.734000205993652 32.02299880981445 35.44499969482422
-6.576000213623047 26.98200035095215 31.7549991607666
-7.23199987411499 28.906999588012695 7.177000045776367
-2.1679999828338623 48.875999450683594 17.18600082397461
-5.418000221252441 54.959999084472656 18.871000289916992
-6.495999813079834 52.972999572753906 29.089000701904297
-22.485000610351562 33.654998779296875 14.194999694824219
-13.670999526977539 24.3700008392334 19.64699935913086
-23.780000686645508 44.268001556396484 28.926000595092773
-14.73900032043457 54.571998596191406 20.141000747680664
-14.92300033569336 39.268001556396484 2.509999990463257
-15.562000274658203 35.8849983215332 4.0929999351501465
-7.334000110626221 36.672000885009766 15.95300006866455
-9.454000473022461 35.597999572753906 18.909000396728516
-9.277999877929688 43.14099884033203 34.75899887084961