-8.02400016784668 22.472999572753906 3.134999990463257
-8.385000228881836 25.68600082397461 1.1059999465942383
-13.996999740600586 46.99599838256836 8.079999923706055
-17.617000579833984 50.55500030517578 0.07599999755620956
-19.725000381469727 38.159000396728516 -5.816999912261963
-19.634000778198242 32.513999938964844 -4.616000175476074
-19.506000518798828 28.176000595092773 -8.111000061035156
-16.701000213623047 25.63599967956543 -8.467000007629395
-12.16100025177002 27.801000595092773 -1.2879999876022339
-15.107000350952148 32.277000427246094 2.2049999237060547
-8.70199966430664 45.30799865722656 13.178000450134277
-0.621999979019165 32.150001525878906 10.026000022888184
-0.4650000035762787 35.14099884033203 7.6570000648498535
-8.27299976348877 41.724998474121094 1.2079999446868896
-4.686999797821045 24.673999786376953 6.026000022888184
-1.1449999809265137 29.10300064086914 6.453999996185303
-8.913999557495117 45.07500076293945 -3.4189999103546143
-16.07200050354004 40.7599983215332 -10.986000061035156
-2.0160000324249268 22.983999252319336 -5.783999919891357