17.3700008392334 74.87999725341797 7.303999900817871
22.888999938964844 50.895999908447266 -4.8460001945495605
14.36299991607666 41.612998962402344 5.263000011444092
14.487000465393066 41.28200149536133 11.12600040435791
17.233999252319336 57.45800018310547 25.97800064086914
21.240999221801758 55.23099899291992 22.108999252319336
9.529000282287598 44.518001556396484 9.722999572753906
6.264999866485596 44.91699981689453 7.809000015258789
3.315999984741211 48.797000885009766 3.0160000324249268
8.46500015258789 49.94200134277344 6.646999835968018
3.8459999561309814 49.46900177001953 25.048999786376953
12.015000343322754 50.76599884033203 26.923999786376953
11.664999961853027 61.39099884033203 21.128000259399414
14.074999809265137 59.99800109863281 16.10099983215332
19.736000061035156 42.893001556396484 6.38700008392334
20.39299964904785 38.20899963378906 8.48900032043457
25.09000015258789 34.41400146484375 7.308000087738037
26.613000869750977 40.474998474121094 9.279999732971191
25.62299919128418 41.02199935913086 4.011000156402588
23.009000778198242 46.292999267578125 5.151000022888184
-0.04899999871850014 54.54499816894531 12.963000297546387
-6.48799991607666 53.900001525878906 15.109999656677246
4.74399995803833 36.7869987487793 11.237000465393066
2.11899995803833 37.63999938964844 16.033000946044922
-0.4180000126361847 41.332000732421875 19.20400047302246
0.2980000078678131 46.737998962402344 21.39900016784668
28.22599983215332 45.75299835205078 1.7699999809265137
14.458000183105469 58.290000915527344 0.7200000286102295
9.756999969482422 54.400001525878906 -2.2760000228881836
-4.748000144958496 53.361000061035156 -8.911999702453613
-5.61899995803833 30.240999221801758 -4.49399995803833
1.6670000553131104 29.604999542236328 -7.942999839782715
12.46500015258789 35.805999755859375 -7.611999988555908
2.059000015258789 33.422000885009766 -0.2750000059604645
3.5910000801086426 48.66299819946289 -9.760000228881836
6.633999824523926 43.86000061035156 -8.472000122070312
7.013000011444092 31.792999267578125 3.509999990463257
10.866999626159668 36.57699966430664 2.0510001182556152
8.515000343322754 43.20800018310547 -13.083999633789062
-4.922999858856201 44.999000549316406 -14.321000099182129
5.172999858856201 32.277000427246094 -15.753000259399414
6.265999794006348 30.875 -19.121999740600586