18.08799934387207 -5.6620001792907715 14.208999633789062
14.616000175476074 -2.302999973297119 9.27299976348877
10.392000198364258 -1.3669999837875366 12.95300006866455
5.468999862670898 9.496000289916992 15.322999954223633
21.253999710083008 -1.3819999694824219 7.684999942779541
21.47599983215332 4.517000198364258 -0.9319999814033508
4.478000164031982 0.14399999380111694 9.220999717712402
-3.496999979019165 3.6549999713897705 11.670000076293945
1.5479999780654907 11.887999534606934 -0.675000011920929
10.35200023651123 14.003000259399414 7.021999835968018
2.7980000972747803 15.713000297546387 16.062000274658203
10.34000015258789 10.229000091552734 37.41600036621094