-5.734000205993652 1.7580000162124634 -14.925999641418457
-4.409999847412109 5.001999855041504 -4.368000030517578
-8.907999992370605 1.5670000314712524 -5.730999946594238
-12.15999984741211 -4.168000221252441 1.9559999704360962
-10.593000411987305 -7.553999900817871 7.579999923706055
-15.864999771118164 -1.5429999828338623 2.3289999961853027
-13.050999641418457 0.4440000057220459 3.8440001010894775
-9.53499984741211 4.65500020980835 2.302000045776367
-6.235000133514404 11.579000473022461 2.0269999504089355
0.6570000052452087 6.919000148773193 4.960000038146973
1.6729999780654907 -12.470999717712402 6.251999855041504
3.546999931335449 -14.416999816894531 12.215999603271484
6.317999839782715 -16.996999740600586 11.946000099182129
9.434000015258789 -4.710999965667725 9.428999900817871
-2.388000011444092 12.355999946594238 10.92300033569336
-1.3980000019073486 5.881999969482422 9.305000305175781
-3.7880001068115234 -14.824999809265137 0.8190000057220459
9.21399974822998 -18.208999633789062 1.1330000162124634
6.326000213623047 -20.447999954223633 0.20399999618530273
7.818999767303467 -21.30699920654297 5.501999855041504
6.598999977111816 -24.06800079345703 10.5649995803833
-0.03200000151991844 -17.66200065612793 13.77400016784668
-2.5199999809265137 -14.925999641418457 12.902000427246094
-5.228000164031982 -4.754000186920166 8.73799991607666
-8.779000282287598 -8.357000350952148 4.047999858856201
-5.361000061035156 -10.182000160217285 -1.225000023841858
-2.9709999561309814 -11.45300006866455 -3.930000066757202
-5.1519999504089355 -3.5380001068115234 -8.78600025177002
7.520999908447266 2.3910000324249268 -7.688000202178955
16.03499984741211 -4.980000019073486 -7.140999794006348
14.980999946594238 -7.375999927520752 -9.928000450134277
6.073999881744385 -0.9440000057220459 2.0360000133514404
2.055000066757202 11.340999603271484 -0.1379999965429306
3.2079999446868896 6.341000080108643 -4.10099983215332
12.357000350952148 -3.180000066757202 1.6920000314712524
13.079999923706055 4.017000198364258 10.883999824523926
4.252999782562256 15.489999771118164 7.36299991607666