7.377999782562256 -15.053000450134277 13.395999908447266
3.058000087738037 -5.127999782562256 9.156999588012695
-0.2070000022649765 -7.739999771118164 5.809999942779541
2.7320001125335693 -5.065000057220459 2.1710000038146973
5.460999965667725 -5.985000133514404 -0.3230000138282776
8.668000221252441 1.4989999532699585 -8.265000343322754
-0.34299999475479126 -3.736999988555908 -10.503000259399414
-5.915999889373779 -2.749000072479248 -6.684999942779541
12.253000259399414 2.2799999713897705 -0.4180000126361847
6.745999813079834 3.8949999809265137 2.183000087738037
-8.336000442504883 4.947999954223633 -14.112000465393066
-2.5799999237060547 3.6500000953674316 -14.428000450134277
4.2210001945495605 8.680000305175781 2.931999921798706
5.584000110626221 11.564000129699707 4.946000099182129
6.614999771118164 14.430999755859375 14.277000427246094
2.8910000324249268 10.729999542236328 12.45199966430664
-0.04800000041723251 11.10099983215332 2.431999921798706
-2.0480000972747803 8.243000030517578 11.484999656677246
0.16599999368190765 6.639999866485596 14.109000205993652
0.9120000004768372 2.5309998989105225 8.232000350952148
-13.267000198364258 5.64900016784668 2.0429999828338623
-8.255000114440918 -5.089000225067139 -3.321000099182129
-2.315999984741211 -7.2179999351501465 -4.611999988555908
3.8910000324249268 -13.628999710083008 -2.687999963760376