-20.29400062561035 11.241000175476074 10.121999740600586
-21.659000396728516 11.50100040435791 -4.544000148773193
-27.809999465942383 3.937999963760376 -4.918000221252441
-22.524999618530273 3.2709999084472656 -2.8239998817443848
-9.592000007629395 12.260000228881836 1.6360000371932983
-6.349999904632568 8.15999984741211 5.550000190734863
-16.520999908447266 8.375 7.793000221252441
-13.741000175476074 -1.8630000352859497 8.432000160217285
0.20100000500679016 -6.7769999504089355 -1.9800000190734863
0.703000009059906 4.46999979019165 -1.2890000343322754
-1.5490000247955322 2.7799999713897705 13.039999961853027
0.843999981880188 -1.8600000143051147 14.232999801635742
2.6059999465942383 -17.32699966430664 3.8410000801086426
-8.300999641418457 -10.755999565124512 2.1519999504089355
-6.798999786376953 -0.9190000295639038 18.249000549316406
-9.515000343322754 0.2800000011920929 13.479000091552734
-6.215000152587891 -6.942999839782715 -6.10699987411499
-7.75 -9.199000358581543 -14.371999740600586
-17.047000885009766 -9.609999656677246 4.6570000648498535
-16.655000686645508 -1.3940000534057617 4.111000061035156
-10.413999557495117 2.3410000801086426 -2.247999906539917
-1.690999984741211 3.009000062942505 -9.446999549865723
-1.9390000104904175 -0.6990000009536743 -13.569999694824219
-9.814000129699707 3.4600000381469727 -12.444999694824219
-21.424999237060547 -4.244999885559082 -4.504000186920166
-20.42300033569336 0.32199999690055847 0.5910000205039978
-7.48199987411499 10.85200023651123 -2.700000047683716
-9.263999938964844 15.878999710083008 -7.303999900817871
-21.679000854492188 11.734999656677246 -16.888999938964844