21.743000030517578 24.003000259399414 66.45800018310547
23.389999389648438 21.260000228881836 68.37899780273438
30.56100082397461 4.8520002365112305 52.87300109863281
23.628000259399414 7.829999923706055 52.334999084472656
17.81599998474121 10.987000465393066 60.512001037597656
19.91900062561035 13.062000274658203 62.92599868774414
23.398000717163086 7.4770002365112305 82.2300033569336
28.77400016784668 10.164999961853027 86.09400177001953
27.35300064086914 19.207000732421875 72.25199890136719
18.856000900268555 19.538999557495117 76.2969970703125
9.918999671936035 20.61400032043457 71.9540023803711
2.006999969482422 14.20199966430664 58.25
9.295000076293945 -8.585000038146973 83.0780029296875
10.77400016784668 5.543000221252441 89.00700378417969
6.186999797821045 10.480999946594238 76.06600189208984
5.177999973297119 4.059999942779541 75.56099700927734
9.961999893188477 -11.538999557495117 78.06800079345703
13.008999824523926 -14.039999961853027 71.38600158691406
4.88100004196167 4.056000232696533 63.43199920654297
15.050999641418457 -12.82699966430664 67.1760025024414
17.3439998626709 -11.095999717712402 72.09200286865234
18.422000885009766 -8.574999809265137 77.44100189208984
3.433000087738037 22.600000381469727 47.492000579833984
3.5220000743865967 12.53499984741211 35.891998291015625
8.315999984741211 12.689000129699707 33.577999114990234
10.736000061035156 11.369999885559082 30.91699981689453
27.413999557495117 8.758999824523926 38.106998443603516
25.533000946044922 6.114999771118164 33.16699981689453
32.45199966430664 25.989999771118164 44.94200134277344
29.513999938964844 27.628000259399414 41.48899841308594
2.3589999675750732 21.57900047302246 51.65399932861328
8.963000297546387 21.341999053955078 55.95100021362305
27.764999389648438 20.73200035095215 41.882999420166016
29.82900047302246 15.75 44.625999450683594
29.44499969482422 21.031999588012695 54.38199996948242
26.667999267578125 23.71299934387207 60.194000244140625
17.996999740600586 31.224000930786133 48.72800064086914
15.451000213623047 33.40399932861328 46.858001708984375
11.86400032043457 9.942000389099121 40.90299987792969
13.913000106811523 7.910999774932861 43.435001373291016
25.02199935913086 3.2920000553131104 64.6760025024414
33.3380012512207 10.069000244140625 71.11699676513672
31.572999954223633 4.216000080108643 77.6989974975586
31.284000396728516 -1.215999960899353 77.73100280761719
23.805999755859375 -3.0429999828338623 82.55899810791016
8.156000137329102 11.218000411987305 43.53300094604492
5.966000080108643 14.590999603271484 47.10599899291992
26.783000946044922 -8.791000366210938 81.55000305175781