42.55500030517578 7.821000099182129 21.43199920654297
32.867000579833984 18.05299949645996 28.39299964904785
20.155000686645508 15.479000091552734 13.12600040435791
18.458999633789062 9.593000411987305 18.80500030517578
25.908000946044922 10.991000175476074 25.833999633789062
23.5 10.532999992370605 28.816999435424805
8.732999801635742 24.018999099731445 32.959999084472656
7.745999813079834 18.509000778198242 34.24700164794922
16.176000595092773 8.081000328063965 33.26300048828125
17.788999557495117 8.4350004196167 29.87700080871582
11.899999618530273 16.065000534057617 17.540000915527344
15.543999671936035 21.452999114990234 17.183000564575195
33.23500061035156 23.31599998474121 36.8129997253418
28.25 22.476999282836914 34.36899948120117
6.519000053405762 21.743999481201172 17.18400001525879
6.947999954223633 27.27899932861328 18.038999557495117
32.152000427246094 10.713000297546387 34.69300079345703
28.273000717163086 11.637999534606934 30.791000366210938
11.817999839782715 29.13599967956543 29.575000762939453
2.9200000762939453 29.733999252319336 27.82200050354004
-1.8969999551773071 28.749000549316406 22.650999069213867