37.763999938964844 44.40700149536133 41.95600128173828
31.099000930786133 41.55400085449219 14.730999946594238
19.683000564575195 27.131999969482422 2.489000082015991
10.996000289916992 28.834999084472656 6.085999965667725
5.053999900817871 34.893001556396484 -7.618000030517578
9.982999801635742 32.090999603271484 -6.984000205993652
15.706999778747559 32.0880012512207 8.531000137329102
12.647000312805176 32.81100082397461 10.647000312805176
10.01200008392334 42.6870002746582 9.598999977111816
6.948999881744385 43.53499984741211 11.692999839782715
5.919000148773193 33.51100158691406 12.61400032043457
5.925000190734863 27.85300064086914 3.9049999713897705
0.8989999890327454 38.54899978637695 -2.5369999408721924
9.720999717712402 38.40999984741211 -6.830999851226807
20.81999969482422 39.96200180053711 5.077000141143799
15.413999557495117 54.11399841308594 -9.718999862670898
7.0879998207092285 46.6150016784668 8.036999702453613
11.317000389099121 50.50199890136719 8.531999588012695
11.60099983215332 55.29499816894531 4.684000015258789
13.508000373840332 55.44900131225586 1.3539999723434448