-22.194000244140625 -30.44300079345703 6.091000080108643
-24.332000732421875 -20.131999969482422 3.8410000801086426
-32.00600051879883 -12.687000274658203 -11.946000099182129
-28.82699966430664 -10.291000366210938 -16.795000076293945
-14.760000228881836 -7.939000129699707 -0.44600000977516174
-13.414999961853027 -17.759000778198242 -5.0879998207092285
-20.893999099731445 -24.690000534057617 -18.160999298095703
-15.515000343322754 -22.42300033569336 -22.312999725341797
-12.560999870300293 -4.59499979019165 -14.357999801635742
-8.704000473022461 -14.02400016784668 -12.730999946594238
-10.890999794006348 -25.25200080871582 -19.016000747680664
-1.8320000171661377 -30.9060001373291 -17.631999969482422
-2.8469998836517334 -16.076000213623047 -4.236000061035156
-10.939000129699707 -15.652999877929688 -8.980999946594238
-18.014999389648438 -28.155000686645508 -16.256999969482422
-18.156999588012695 -20.70599937438965 -4.585000038146973
-23.062999725341797 -19.270000457763672 -12.324999809265137
-27.44499969482422 -30.621000289916992 -14.74899959564209
-27.489999771118164 -34.150001525878906 -16.1200008392334
-30.586999893188477 -31.441999435424805 -11.508999824523926
-27.104999542236328 -32.84299850463867 -10.753999710083008
-26.802000045776367 -32.893001556396484 -6.934999942779541
-17.933000564575195 -28.68400001525879 -0.4790000021457672
-20.632999420166016 -19.28499984741211 1.274999976158142
-32.801998138427734 -16.677000045776367 -14.076000213623047
-38.52399826049805 -21.115999221801758 -13.776000022888184
-29.98900032043457 -32.17499923706055 0.5899999737739563
-31.448999404907227 -16.840999603271484 0.902999997138977
-31.374000549316406 -8.343000411987305 -8.097999572753906
-29.538999557495117 -3.484999895095825 -5.406000137329102
-23.400999069213867 -12.79699993133545 4.770999908447266