33.49399948120117 -31.552000045776367 18.57200050354004
26.43600082397461 -38.1879997253418 -3.609999895095825
23.32900047302246 -36.297000885009766 -8.276000022888184
25.490999221801758 -30.562999725341797 -7.61299991607666
23.18400001525879 -29.67300033569336 -3.013000011444092
29.11400032043457 -24.854999542236328 -3.615999937057495
34.297000885009766 -23.06100082397461 -13.586999893188477
28.358999252319336 -30.121000289916992 -17.594999313354492
22.819000244140625 -19.30299949645996 -9.770999908447266
23.441999435424805 -17.371999740600586 -12.973999977111816
28.857999801635742 -11.684000015258789 -12.170000076293945
39.18899917602539 -19.844999313354492 -7.054999828338623
22.617000579833984 -13.586999893188477 -0.9319999814033508
25.20800018310547 -18.386999130249023 -0.22599999606609344
39.11399841308594 -23.089000701904297 -12.329999923706055
50.33599853515625 -33.37300109863281 -17.804000854492188
33.64699935913086 -20.19499969482422 7.931000232696533
29.986000061035156 -27.822999954223633 4.776000022888184
35.834999084472656 -33.387001037597656 -9.300000190734863
38.948001861572266 -39.68899917602539 -11.206000328063965
40.19200134277344 -36.986000061035156 -6.043000221252441
40.80799865722656 -32.84299850463867 -3.624000072479248
42.15299987792969 -32.95100021362305 4.36299991607666
31.996000289916992 -31.503999710083008 5.949999809265137
26.895999908447266 -38.48099899291992 -11.887999534606934
27.525999069213867 -44.86000061035156 -10.812000274658203
39.584999084472656 -46.97200012207031 2.878999948501587
39.917999267578125 -44.428001403808594 7.947999954223633