3.609999895095825 20.07900047302246 1.121999979019165
13.78499984741211 21.635000228881836 10.57699966430664
-2.00600004196167 38.22700119018555 15.189000129699707
12.291000366210938 38.63199996948242 21.506000518798828
16.038999557495117 27.850000381469727 26.58300018310547
10.8100004196167 28.249000549316406 32.05099868774414
11.604999542236328 29.034000396728516 28.45400047302246
12.086000442504883 32.8650016784668 28.200000762939453
18.913999557495117 37.71500015258789 19.683000564575195
21.757999420166016 32.999000549316406 20.36400032043457
17.3439998626709 30.183000564575195 20.56599998474121
14.675000190734863 24.77899932861328 18.051000595092773
4.224999904632568 13.829000473022461 13.947999954223633
4.409999847412109 19.295000076293945 16.38599967956543
19.06999969482422 22.07200050354004 19.9060001373291
11.357999801635742 20.93899917602539 24.365999221801758
4.218999862670898 21.895999908447266 30.756999969482422
5.081999778747559 28.743999481201172 32.28099822998047
6.216000080108643 26.856000900268555 29.20800018310547
9.109999656677246 24.753000259399414 30.538999557495117
9.536999702453613 16.23200035095215 27.940000534057617
1.180999994277954 21.395000457763672 19.756999969482422
-1.75 33.47600173950195 10.909000396728516
3.7070000171661377 33.20199966430664 11.755000114440918
-1.7740000486373901 23.514999389648438 23.430999755859375
-11.277999877929688 27.371999740600586 25.13800048828125
7.505000114440918 39.56800079345703 31.4060001373291
8.673999786376953 34.27799987792969 30.2549991607666
-13.07800006866455 30.736000061035156 21.19099998474121
-0.03700000047683716 35.69499969482422 20.649999618530273
18.13599967956543 28.481000900268555 10.873000144958496