5.315000057220459 -5.781000137329102 36.11800003051758
5.507999897003174 -6.616000175476074 29.138999938964844
-4.117000102996826 -4.617000102996826 21.035999298095703
-0.19099999964237213 -14.366999626159668 19.315000534057617
3.8949999809265137 -11.057000160217285 21.027999877929688
10.29699993133545 -12.479999542236328 22.520999908447266
16.094999313354492 -14.107000350952148 20.29800033569336
12.451000213623047 -8.045999526977539 22.371000289916992
4.947999954223633 -6.355999946594238 11.498000144958496
2.7869999408721924 -3.058000087738037 4.872000217437744
7.066999912261963 3.5169999599456787 -1.4329999685287476
7.989999771118164 7.313000202178955 5.565999984741211
3.3550000190734863 -3.815000057220459 15.395999908447266
1.1109999418258667 -4.695000171661377 20.44099998474121
6.340000152587891 0.30000001192092896 36.08100128173828
10.559000015258789 2.6610000133514404 33.347999572753906
17.325000762939453 -4.015999794006348 13.64900016784668
19.922000885009766 -5.704999923706055 9.184000015258789
17.01799964904785 -0.47200000286102295 2.7019999027252197
14.855999946594238 0.6629999876022339 5.633999824523926
13.616000175476074 7.500999927520752 10.777000427246094
14.866999626159668 5.605999946594238 18.617000579833984
6.267000198364258 6.0229997634887695 27.636999130249023
4.1529998779296875 1.7899999618530273 15.45300006866455
15.82800006866455 2.9100000858306885 -1.8660000562667847
9.684000015258789 -2.2960000038146973 -0.12399999797344208
5.204999923706055 -9.10099983215332 5.328000068664551
10.689000129699707 -8.644000053405762 12.718999862670898
14.9399995803833 6.442999839782715 33.84700012207031
15.541999816894531 9.227999687194824 36.37900161743164
13.661999702453613 12.418000221252441 37.319000244140625
11.357999801635742 19.038999557495117 41.888999938964844