7.066999912261963 41.108001708984375 47.816001892089844
8.413999557495117 37.61399841308594 47.1349983215332
18.222999572753906 31.746999740600586 26.076000213623047
21.791000366210938 30.016000747680664 16.299999237060547
24.804000854492188 27.719999313354492 7.447000026702881
20.631000518798828 34.4010009765625 13.093000411987305
16.054000854492188 31.540000915527344 17.854999542236328
13.291000366210938 29.17799949645996 19.033000946044922
11.435999870300293 27.295000076293945 14.579000473022461
9.434000015258789 19.65999984741211 19.66900062561035
30.222999572753906 16.43899917602539 12.404000282287598
26.066999435424805 10.175000190734863 12.8149995803833
5.9730000495910645 13.352999687194824 13.6899995803833
9.364999771118164 17.77899932861328 15.295000076293945
30.349000930786133 22.208999633789062 15.375
38.0099983215332 26.079999923706055 12.91100025177002
42.4370002746582 22.283000946044922 21.402000427246094
29.98200035095215 23.94300079345703 4.498000144958496
19.43899917602539 13.520000457763672 6.355999946594238
17.67300033569336 23.750999450683594 9.583999633789062
28.702999114990234 26.375 15.58899974822998
29.413000106811523 28.702999114990234 21.69499969482422
24.548999786376953 22.85099983215332 26.01799964904785
24.823999404907227 14.52400016784668 20.81399917602539
8.79800033569336 25.503999710083008 23.125
14.774999618530273 19.90999984741211 28.273000717163086
23.81999969482422 8.72700023651123 20.89299964904785
15.430999755859375 5.034999847412109 18.761999130249023
5.139999866485596 15.326000213623047 24.718000411987305