15.994999885559082 1.0219999551773071 10.604999542236328
8.052000045776367 7.564000129699707 12.199000358581543
3.549999952316284 8.708000183105469 16.937999725341797
0.07699999958276749 36.41899871826172 30.430999755859375
1.281999945640564 23.788000106811523 15.826000213623047
8.142000198364258 12.331000328063965 14.607999801635742
13.354999542236328 7.75600004196167 15.894000053405762
12.888999938964844 4.209000110626221 17.249000549316406
20.356000900268555 6.0970001220703125 23.08799934387207
16.246999740600586 10.140000343322754 26.733999252319336
3.7980000972747803 24.749000549316406 1.4019999504089355
10.666000366210938 33.332000732421875 16.246000289916992
4.827000141143799 -3.763000011444092 29.920000076293945