11.187000274658203 24.485000610351562 1.6720000505447388
6.866000175476074 19.264999389648438 -4.033999919891357
-5.369999885559082 28.893999099731445 -12.682000160217285
-3.50600004196167 26.326000213623047 -18.187999725341797
-0.609000027179718 6.945000171661377 -19.864999771118164
-3.309999942779541 14.517999649047852 -23.68000030517578
-6.421000003814697 14.70199966430664 -3.871999979019165
-7.388999938964844 12.279000282287598 -8.760000228881836
-11.312999725341797 22.551000595092773 -20.12299919128418
-15.204999923706055 19.038999557495117 -15.812999725341797
-3.5339999198913574 10.491999626159668 -10.857999801635742
-1.1540000438690186 10.664999961853027 -15.531000137329102
1.3559999465942383 25.43000030517578 -21.3799991607666