-14.07699966430664 3.4170000553131104 -16.996999740600586
-9.588000297546387 1.597000002861023 -13.432999610900879
-3.874000072479248 -1.9110000133514404 -9.270000457763672
1.9869999885559082 1.8580000400543213 12.109000205993652
-10.762999534606934 7.956999778747559 4.175000190734863
-20.160999298095703 1.4859999418258667 -1.4229999780654907
-14.802000045776367 -2.368000030517578 -5.409999847412109
-8.496000289916992 11.411999702453613 -6.005000114440918
-3.872999906539917 2.24399995803833 -2.5409998893737793
-15.65999984741211 -7.51800012588501 1.2519999742507935
-16.509000778198242 -0.49900001287460327 2.4100000858306885
-2.2019999027252197 8.062999725341797 1.1239999532699585
1.656000018119812 1.1759999990463257 7.163000106811523
1.0089999437332153 0.13600000739097595 -9.972000122070312
4.923999786376953 0.2680000066757202 -6.867000102996826
8.486000061035156 -1.0829999446868896 -7.176000118255615