-4.013000011444092 -4.828000068664551 -5.599999904632568
2.2219998836517334 -2.614000082015991 -0.9300000071525574
5.8460001945495605 1.9320000410079956 0.6830000281333923
15.690999984741211 9.093000411987305 6.99399995803833
10.654999732971191 11.243000030517578 8.255000114440918
7.040999889373779 17.60700035095215 16.246000289916992
17.065000534057617 11.961999893188477 23.479000091552734
19.166000366210938 11.218000411987305 26.549999237060547
18.106000900268555 8.852999687194824 20.676000595092773
14.541999816894531 8.097999572753906 19.59600067138672
11.76200008392334 10.187999725341797 13.842000007629395
9.972000122070312 4.757999897003174 13.354000091552734
10.404000282287598 1.7410000562667847 11.055000305175781
8.395999908447266 -1.468000054359436 11.37600040435791
10.317999839782715 7.317999839782715 17.474000930786133
9.444999694824219 8.786999702453613 20.857999801635742
5.258999824523926 11.897000312805176 13.357000350952148
5.269999980926514 0.03200000151991844 19.770000457763672
8.60200023651123 -0.8159999847412109 21.285999298095703
14.689000129699707 -3.130000114440918 28.142000198364258
9.468000411987305 -1.5490000247955322 29.64699935913086
-0.23000000417232513 17.7189998626709 -0.6389999985694885
-6.673999786376953 17.63599967956543 6.642000198364258
-8.980999946594238 11.78499984741211 8.07800006866455
-12.769000053405762 11.503999710083008 8.600000381469727
-18.764999389648438 8.059000015258789 9.977999687194824
-16.305999755859375 12.6850004196167 12.52400016784668
-11.52299976348877 8.920999526977539 12.720000267028809
-7.85099983215332 4.6620001792907715 14.758999824523926
-3.8310000896453857 0.9319999814033508 17.416000366210938
-1.590000033378601 -3.6670000553131104 13.817000389099121
3.305000066757202 4.126999855041504 29.500999450683594
6.0329999923706055 4.1479997634887695 17.27199935913086
-1.809999942779541 7.809999942779541 -7.171999931335449