33.388999938964844 30.371999740600586 -4.559999942779541
36.957000732421875 31.23699951171875 -3.7750000953674316
50.722999572753906 47.52399826049805 -0.32199999690055847
48.652000427246094 47.04199981689453 -13.508999824523926
51.65999984741211 42.856998443603516 -11.838000297546387
51.60300064086914 39.472999572753906 -10.246000289916992
43.54499816894531 26.476999282836914 -15.876999855041504
39.553001403808594 31.472000122070312 -7.783999919891357
42.617000579833984 46.189998626708984 -2.9010000228881836
48.268001556396484 48.46500015258789 8.901000022888184
31.59000015258789 40.03099822998047 0.5899999737739563
38.750999450683594 34.91299819946289 1.8049999475479126
50.737998962402344 44.58399963378906 5.133999824523926
56.28799819946289 46.5890007019043 5.559999942779541
59.0359992980957 53.70399856567383 9.241999626159668
55.31999969482422 46.71699905395508 16.548999786376953
32.44599914550781 38.92399978637695 8.020000457763672
38.78799819946289 32.84600067138672 5.889999866485596
54.87699890136719 37.07600021362305 7.131999969482422
68.2249984741211 43.56100082397461 14.11400032043457
44.090999603271484 31.322999954223633 13.725000381469727
46.77000045776367 31.242000579833984 8.069999694824219
55.611000061035156 32.790000915527344 3.365999937057495
69.35099792480469 42.597999572753906 -8.656000137329102
64.48200225830078 44.69599914550781 -8.420000076293945
63.8489990234375 48.27799987792969 -9.529000282287598
60.31399917602539 44.31800079345703 -7.456999778747559
60.395999908447266 44.98400115966797 -11.204000473022461
59.94499969482422 39.6150016784668 -10.746000289916992
44.78099822998047 23.804000854492188 4.366000175476074