5.85099983215332 12.670000076293945 28.180999755859375
1.6759999990463257 -3.9679999351501465 25.84000015258789
0.9120000004768372 -7.193999767303467 31.579999923706055
4.2769999504089355 -7.230999946594238 41.08399963378906
7.546999931335449 -4.9720001220703125 50.86800003051758
5.952000141143799 -1.1920000314712524 46.00400161743164
7.396999835968018 -1.7929999828338623 23.649999618530273
10.619999885559082 -3.559999942779541 28.56100082397461
4.120999813079834 4.24399995803833 48.939998626708984
13.440999984741211 -0.3240000009536743 50.70000076293945
19.937999725341797 -5.267000198364258 40.117000579833984
18.784000396728516 0.21299999952316284 35.45199966430664
7.120999813079834 12.772000312805176 44.034000396728516
10.333999633789062 13.038000106811523 45.9370002746582
25.385000228881836 0.9879999756813049 45.27799987792969
20.781999588012695 11.590999603271484 47.27399826049805
9.925999641418457 14.461999893188477 39.4640007019043
16.631999969482422 10.057999610900879 37.04499816894531
24.88599967956543 -0.33799999952316284 37.87099838256836
21.55900001525879 -2.3380000591278076 44.62699890136719
9.833999633789062 8.331000328063965 50.35599899291992
6.281000137329102 8.041999816894531 44.4109992980957
19.840999603271484 -0.5870000123977661 30.46299934387207