58.529998779296875 5.370999813079834 13.60200023651123
56.72999954223633 8.699000358581543 13.251999855041504
51.71099853515625 12.517000198364258 13.22700023651123
47.9379997253418 12.225000381469727 13.746999740600586
44.22700119018555 19.68000030517578 13.803999900817871
51.61000061035156 16.04800033569336 5.34499979019165
59.04999923706055 4.125 9.538999557495117
56.8380012512207 2.7079999446868896 4.65500020980835
30.375999450683594 21.410999298095703 4.263999938964844
31.961000442504883 16.110000610351562 3.309999942779541
60.93000030517578 3.131999969482422 0.8870000243186951
55.016998291015625 -5.285999774932861 -0.4020000100135803
48.8650016784668 -8.708000183105469 0.26100000739097595
41.37900161743164 -1.628999948501587 6.685999870300293
35.62300109863281 3.0480000972747803 13.324999809265137
31.726999282836914 6.603000164031982 15.475000381469727
30.875999450683594 9.418999671936035 10.383999824523926
37.917999267578125 1.406000018119812 -3.062999963760376
53.29899978637695 -2.369999885559082 -3.9590001106262207
56.55699920654297 -2.497999906539917 -5.973999977111816
53.89099884033203 4.961999893188477 -4.216000080108643
26.445999145507812 12.51200008392334 9.75
41.83599853515625 3.927999973297119 12.550000190734863
60.31700134277344 -10.5600004196167 2.111999988555908
58.058998107910156 -11.005000114440918 7.177000045776367
43.28200149536133 9.218999862670898 10.4350004196167
35.17100143432617 17.54199981689453 14.137999534606934
34.112998962402344 23.670000076293945 10.420999526977539
31.825000762939453 32.79800033569336 8.744000434875488
30.66699981689453 42.9119987487793 15.564000129699707
24.030000686645508 31.275999069213867 23.31599998474121
25.229000091552734 27.275999069213867 30.479999542236328
29.600000381469727 27.385000228881836 26.780000686645508
50.66899871826172 27.836000442504883 26.608999252319336
50.323001861572266 36.60300064086914 17.534000396728516
38.35200119018555 26.299999237060547 10.255000114440918
36.89899826049805 32.91999816894531 10.633999824523926
37.06800079345703 38.42399978637695 13.329000473022461
41.12699890136719 36.790000915527344 19.17799949645996
26.47599983215332 17.827999114990234 9.644000053405762
24.534000396728516 23.466999053955078 10.751999855041504
51.39099884033203 37.4119987487793 27.70599937438965
48.34600067138672 31.54400062561035 29.893999099731445
24.19700050354004 25.375 20.30299949645996
27.114999771118164 20.95800018310547 24.347000122070312
45.707000732421875 21.711999893188477 22.452999114990234
48.540000915527344 26.85099983215332 21.722000122070312