54.23699951171875 26.597999572753906 -7.288000106811523
52.770999908447266 22.89900016784668 1.7000000476837158
54.35499954223633 25.599000930786133 3.8489999771118164
48.643001556396484 25.576000213623047 3.736999988555908
48.486000061035156 20.020000457763672 11.85099983215332
34.44200134277344 17.67300033569336 4.568999767303467
36.744998931884766 35.757999420166016 18.395000457763672
38.797000885009766 42.930999755859375 13.64900016784668
26.798999786376953 29.31399917602539 0.33899998664855957
30.809999465942383 20.233999252319336 3.069999933242798
38.638999938964844 30.812000274658203 21.215999603271484
38.297000885009766 33.0880012512207 31.959999084472656
20.17799949645996 31.23900032043457 15.175000190734863
21.33099937438965 28.336999893188477 12.965999603271484
30.165000915527344 49.87799835205078 18.798999786376953
26.548999786376953 38.707000732421875 30.976999282836914
17.761999130249023 42.08300018310547 18.819000244140625
17.533000946044922 37.77199935913086 19.893999099731445
20.39299964904785 26.718000411987305 28.42300033569336
22.851999282836914 24.08300018310547 29.666000366210938
45.16699981689453 22.283000946044922 19.785999298095703
42.39899826049805 30.238000869750977 11.954999923706055
39.33599853515625 18.22100067138672 6.998000144958496
44.979000091552734 21.332000732421875 6.807000160217285
47.82400131225586 30.111000061035156 5.316999912261963
40.66899871826172 36.417999267578125 2.5320000648498535
41.064998626708984 5.230000019073486 2.4679999351501465
37.54100036621094 3.746000051498413 2.578000068664551