8.008999824523926 11.137999534606934 5.840000152587891
5.256999969482422 22.134000778198242 9.781000137329102
10.437999725341797 36.51499938964844 19.722999572753906
7.525000095367432 34.823001861572266 33.42900085449219
-5.289999961853027 23.89900016784668 23.961000442504883
2.236999988555908 17.90999984741211 19.336999893188477
20.134000778198242 27.134000778198242 20.05699920654297
17.815000534057617 22.45599937438965 22.29199981689453
5.818999767303467 23.538000106811523 24.1299991607666
6.570000171661377 25.06100082397461 31.219999313354492
15.484999656677246 27.426000595092773 27.02199935913086
13.199000358581543 30.000999450683594 17.895000457763672
-1.1610000133514404 16.718000411987305 14.305000305175781
-0.8100000023841858 21.610000610351562 13.475000381469727
6.2129998207092285 37.78499984741211 17.233999252319336