26.726999282836914 20.617000579833984 24.12700080871582
27.3439998626709 20.216999053955078 14.12600040435791
28.336999893188477 51.45800018310547 -0.7279999852180481
23.312000274658203 48.762001037597656 -1.409999966621399
34.08599853515625 21.576000213623047 15.300000190734863
36.38800048828125 21.937999725341797 9.277000427246094
19.06999969482422 42.7869987487793 -2.859999895095825
31.30299949645996 38.28499984741211 -2.5439999103546143
31.10300064086914 38.98699951171875 3.0199999809265137
32.77799987792969 35.58100128173828 3.1540000438690186
29.764999389648438 33.875999450683594 7.501999855041504
40.48699951171875 22.966999053955078 16.148000717163086
41.89899826049805 23.88599967956543 19.583999633789062
37.071998596191406 30.586000442504883 24.409000396728516
30.743999481201172 30.191999435424805 25.85099983215332
29.09600067138672 35.21799850463867 22.40399932861328
44.45000076293945 50.1349983215332 2.378000020980835
35.946998596191406 50.56999969482422 5.709000110626221
20.72800064086914 21.836999893188477 20.110000610351562
22.76799964904785 24.05699920654297 15.41100025177002
34.04899978637695 54.18299865722656 0.2879999876022339
38.77000045776367 39.82600021362305 -6.400000095367432
45.01599884033203 34.44900131225586 1.0740000009536743
46.10599899291992 33.862998962402344 7.053999900817871
39.0099983215332 41.96500015258789 30.48900032043457
37.34199905395508 39.17100143432617 26.038000106811523
42.573001861572266 39.507999420166016 -11.185999870300293
46.749000549316406 42.119998931884766 -3.49399995803833
28.08099937438965 36.257999420166016 27.291000366210938
47.720001220703125 32.2400016784668 20.66900062561035
25.73900032043457 30.797000885009766 -9.598999977111816
23.69099998474121 31.15999984741211 -4.427999973297119
50.54600143432617 28.67099952697754 20.415000915527344
52.76599884033203 31.551000595092773 19.280000686645508