19.12700080871582 -7.827000141143799 0.125
7.704999923706055 -23.29199981689453 -16.518999099731445
23.108999252319336 -14.602999687194824 2.1570000648498535
22.32699966430664 -6.142000198364258 13.638999938964844
24.386999130249023 9.192999839782715 19.39699935913086
33.55400085449219 11.24899959564209 12.244999885559082
21.96500015258789 -17.166000366210938 -19.083999633789062
18.2810001373291 -14.369000434875488 -26.999000549316406
16.5049991607666 8.5 -14.045999526977539
12.965999603271484 15.244000434875488 -15.696000099182129
7.519999980926514 17.031999588012695 -12.425999641418457