15.237000465393066 32.90399932861328 31.190000534057617
8.45199966430664 30.243000030517578 26.163000106811523
7.770999908447266 26.92799949645996 21.150999069213867
11.159000396728516 26.308000564575195 19.46299934387207
15.274999618530273 19.429000854492188 14.086999893188477
16.44499969482422 16.167999267578125 6.6579999923706055
2.311000108718872 22.513999938964844 8.866999626159668
2.9619998931884766 27.917999267578125 8.16100025177002
24.965999603271484 28.572999954223633 16.208999633789062
25.941999435424805 35.97100067138672 20.854999542236328
1.2230000495910645 30.798999786376953 20.351999282836914
8.562000274658203 26.808000564575195 15.225000381469727
24.128999710083008 24.216999053955078 12.4399995803833
18.865999221801758 28.464000701904297 -2.9489998817443848
19.361000061035156 32.54399871826172 9.555000305175781
2.753000020980835 25.198999404907227 2.2279999256134033
7.632999897003174 26.80900001525879 -0.12300000339746475
21.93199920654297 38.01599884033203 11.696999549865723
15.980999946594238 38.34000015258789 12.630000114440918
10.166000366210938 40.0260009765625 16.354000091552734
3.510999917984009 36.665000915527344 7.738999843597412
1.8459999561309814 39.6609992980957 6.01800012588501