31.53700065612793 43.275001525878906 -13.265999794006348
26.992000579833984 42.34000015258789 -8.696000099182129
42.49700164794922 26.452999114990234 4.267000198364258
46.62300109863281 24.570999145507812 0.9589999914169312
38.051998138427734 18.865999221801758 -14.307999610900879
29.60099983215332 10.770000457763672 -14.736000061035156
35.18199920654297 13.157999992370605 -0.6100000143051147
39.24700164794922 18.332000732421875 0.09200000017881393
33.47100067138672 28.613000869750977 -11.515000343322754
38.05400085449219 31.010000228881836 -15.220000267028809
45.61800003051758 38.382999420166016 3.0399999618530273
50.93600082397461 38.117000579833984 -2.8459999561309814
44.301998138427734 28.527000427246094 -14.614999771118164
39.78200149536133 25.097999572753906 -13.91100025177002
44.520999908447266 20.666000366210938 5.005000114440918
50.696998596191406 19.56399917602539 -1.4520000219345093
44.52199935913086 7.107999801635742 -7.928999900817871
39.72999954223633 6.389999866485596 -12.682000160217285
36.92300033569336 4.290999889373779 -22.219999313354492
43.88800048828125 11.050999641418457 -30.128000259399414
45.25299835205078 8.043000221252441 -28.231000900268555
45.95399856567383 0.9139999747276306 -26.628000259399414
44.11899948120117 -9.088000297546387 -24.530000686645508
40.82899856567383 -14.736000061035156 -24.552000045776367
27.545000076293945 -15.390000343322754 -27.777999877929688
30.15999984741211 -8.682999610900879 -32.92399978637695
38.74800109863281 -2.9719998836517334 -36.51900100708008
38.82099914550781 -13.279999732971191 -33.30500030517578
33.95000076293945 -22.8439998626709 -26.506000518798828
31.822999954223633 -17.79400062561035 -27.23699951171875
42.94300079345703 -14.538000106811523 -30.781999588012695
47.654998779296875 -6.714000225067139 -29.805999755859375
49.27000045776367 3.7130000591278076 -31.371999740600586
43.22100067138672 8.88599967956543 -33.78200149536133
40.92100143432617 6.182000160217285 -32.40999984741211
34.698001861572266 5.552999973297119 -33.790000915527344
34.683998107910156 -5.243000030517578 -24.34600067138672
42.46900177001953 6.077000141143799 -20.45400047302246
40.46099853515625 12.590999603271484 -12.913000106811523
44.70800018310547 17.110000610351562 -12.786999702453613
53.27199935913086 28.920000076293945 2.802999973297119
55.45600128173828 28.584999084472656 -2.062000036239624
54.279998779296875 22.871000289916992 -9.961999893188477
53.3380012512207 19.333999633789062 -11.027999877929688
57.314998626708984 12.982000350952148 -3.753999948501587
53.54399871826172 19.700000762939453 11.177000045776367