-7.986000061035156 13.987000465393066 -1.5720000267028809
4.322999954223633 28.636999130249023 -4.000999927520752
-5.9720001220703125 27.118000030517578 -4.5970001220703125
-7.357999801635742 30.48699951171875 -5.76800012588501
-5.993000030517578 37.09700012207031 -2.552999973297119
7.421999931335449 41.763999938964844 7.309000015258789
8.553000450134277 47.308998107910156 10.91100025177002
7.736000061035156 48.91299819946289 14.265999794006348
2.7249999046325684 50.19200134277344 12.567000389099121
-0.12800000607967377 52.020999908447266 14.251999855041504
-3.493000030517578 51.323001861572266 19.334999084472656
-7.499000072479248 44.28799819946289 24.490999221801758
-5.673999786376953 27.01300048828125 30.916000366210938
-0.00800000037997961 20.570999145507812 32.31999969482422
-0.5669999718666077 19.19499969482422 28.812000274658203
0.5550000071525574 14.071000099182129 19.95199966430664
3.2260000705718994 15.819999694824219 8.20300006866455
5.926000118255615 18.909000396728516 12.734999656677246
-3.438999891281128 20.1200008392334 21.361000061035156
-8.607999801635742 29.361000061035156 25.56399917602539
-8.97700023651123 43.25600051879883 18.356000900268555
-10.843999862670898 31.19300079345703 20.804000854492188
15.569999694824219 26.951000213623047 7.611000061035156
10.118000030517578 38.92499923706055 10.053999900817871
12.512999534606934 45.04399871826172 10.970000267028809
15.1899995803833 40.404998779296875 10.114999771118164
14.163999557495117 36.75699996948242 9.73799991607666
12.734999656677246 29.219999313354492 13.789999961853027
-14.137999534606934 29.618000030517578 17.652999877929688
-9.968999862670898 23.62299919128418 13.607999801635742
-16.160999298095703 26.68600082397461 6.728000164031982
-9.305999755859375 32.125999450683594 12.840999603271484
21.091999053955078 31.384000778198242 22.83300018310547
14.239999771118164 23.652000427246094 29.525999069213867
8.954999923706055 11.894000053405762 14.64900016784668
3.117000102996826 10.359000205993652 15.366000175476074
4.508999824523926 14.23900032043457 24.03700065612793
3.3550000190734863 23.820999145507812 29.841999053955078
1.9789999723434448 25.83099937438965 26.934999465942383
5.663000106811523 32.000999450683594 24.944000244140625
2.6579999923706055 42.494998931884766 20.16900062561035
-4.15500020980835 34.08300018310547 6.203000068664551
-6.822999954223633 34.75699996948242 10.13700008392334
7.824999809265137 41.46699905395508 19.618999481201172
12.237000465393066 32.98500061035156 22.648000717163086
20.25 26.44099998474121 22.134000778198242
21.99799919128418 25.40999984741211 18.923999786376953
13.02400016784668 15.565999984741211 10.204999923706055
12.385000228881836 13.642999649047852 6.968999862670898
11.196000099182129 15.494000434875488 -11.717000007629395
11.098999977111816 10.557999610900879 -9.215999603271484
12.770000457763672 18.733999252319336 5.664000034332275
-1.4950000047683716 47.46200180053711 14.72700023651123
0.11100000143051147 47.202999114990234 21.416000366210938
3.3320000171661377 49.500999450683594 26.73200035095215