2.4570000171661377 -58.625 0.4580000042915344
18.81100082397461 -17.558000564575195 -21.926000595092773
14.211999893188477 -8.904000282287598 -22.243000030517578
13.065999984741211 -5.252999782562256 -21.90999984741211
13.140999794006348 -5.059000015258789 -6.921000003814697
23.124000549316406 -11.07699966430664 16.003999710083008
25.28700065612793 -14.850000381469727 14.522000312805176
24.51799964904785 -13.925000190734863 10.897000312805176
4.065000057220459 2.808000087738037 -2.1050000190734863
5.599999904632568 -1.284000039100647 1.218000054359436
9.967000007629395 -13.956000328063965 2.628000020980835
9.73900032043457 -14.279000282287598 6.385000228881836
14.281000137329102 -11.385000228881836 8.119999885559082
17.562000274658203 -4.550000190734863 12.006999969482422
19.05900001525879 2.572999954223633 -6.434999942779541
20.761999130249023 3.812999963760376 -1.3489999771118164
12.491999626159668 -0.5709999799728394 7.238999843597412
10.050999641418457 -1.8559999465942383 9.854999542236328
6.388999938964844 -17.92799949645996 9.140000343322754
6.026000022888184 -13.82699966430664 3.9040000438690186
9.753999710083008 1.6050000190734863 4.123000144958496
0.28999999165534973 -9.175999641418457 -8.958999633789062
-0.8220000267028809 -11.079999923706055 -12.055999755859375
8.765999794006348 -17.996000289916992 -20.059999465942383
20.347000122070312 -10.272000312805176 -5.638000011444092
22.384000778198242 -13.510000228881836 -5.544000148773193
25.61400032043457 -8.75 -4.855000019073486
20.525999069213867 -10.454999923706055 -11.543999671936035
7.380000114440918 -27.884000778198242 7.553999900817871
1.840000033378601 -26.215999603271484 6.2170000076293945
15.729999542236328 -22.35700035095215 -13.097000122070312
9.482999801635742 -11.791000366210938 -7.60099983215332
5.895999908447266 -12.819999694824219 -16.40399932861328
4.340000152587891 -10.687000274658203 -10.350000381469727
15.02299976348877 -28.316999435424805 -4.788000106811523
14.15999984741211 -26.665000915527344 -9.864999771118164
0.3529999852180481 -14.72599983215332 -6.066999912261963
-0.5699999928474426 -4.0329999923706055 4.570000171661377
18.027000427246094 -23.625999450683594 12.031999588012695