-13.609999656677246 71.17400360107422 7.173999786376953
-11.61400032043457 56.433998107910156 6.048999786376953
-21.506000518798828 49.573001861572266 2.505000114440918
-25.743999481201172 49.97800064086914 -3.311000108718872
-21.32900047302246 44.959999084472656 -10.13700008392334
-19.055999755859375 45.12799835205078 -13.217000007629395
-6.2820000648498535 42.25 -23.68899917602539
-6.361999988555908 40.77899932861328 -17.216999053955078
-18.26300048828125 48.69300079345703 -8.553999900817871
-18.347999572753906 52.88800048828125 -12.493000030517578
-21.214000701904297 62.60900115966797 -26.885000228881836
-20.18899917602539 58.319000244140625 -25.400999069213867
-3.3949999809265137 51.81800079345703 -9.416000366210938
-2.0399999618530273 43.736000061035156 -11.57800006866455
-5.201000213623047 51.39799880981445 -23.677000045776367
-8.447999954223633 49.43199920654297 -24.332000732421875
-23.01799964904785 41.564998626708984 -14.611000061035156
-26.472999572753906 39.941001892089844 -14.54699993133545
-28.13599967956543 38.369998931884766 -11.496000289916992
-12.46399974822998 40.03200149536133 -7.051000118255615
-12.074999809265137 35.07699966430664 -4.336999893188477
-7.710999965667725 32.26100158691406 -9.526000022888184
-5.195000171661377 36.17900085449219 -13.656999588012695
-9.932000160217285 33.73099899291992 -15.359000205993652
-15.79699993133545 35.974998474121094 -23.20400047302246
-13.661999702453613 40.01900100708008 -28.652000427246094
-16.261999130249023 41.27899932861328 -23.663000106811523
-21.336000442504883 38.441001892089844 -24.125999450683594
-24.391000747680664 45.27799987792969 -20.739999771118164
-5.639999866485596 59.31999969482422 -3.934000015258789
-7.126999855041504 55.42399978637695 -7.577000141143799
-26.45800018310547 42.845001220703125 -24.270999908447266
-28.76799964904785 43.152000427246094 -12.534000396728516
-26.21299934387207 41.849998474121094 -10.079000473022461
-26.225000381469727 44.422000885009766 -7.310999870300293
-24.275999069213867 45.66600036621094 2.6570000648498535
-23.729000091552734 40.823001861572266 -0.16099999845027924
-40.3390007019043 46.112998962402344 -8.229000091552734
-41.22700119018555 48.446998596191406 -5.349999904632568