25.621000289916992 -0.25699999928474426 -7.447000026702881
29.961000442504883 -2.8380000591278076 -6.466000080108643
39.9900016784668 -17.90399932861328 -9.232000350952148
39.172000885009766 -24.292999267578125 -7.210999965667725
37.60100173950195 -28.082000732421875 -11.996000289916992
31.018999099731445 -23.43400001525879 -11.701000213623047
26.479000091552734 -8.9350004196167 -18.149999618530273
23.65399932861328 -8.553000450134277 -13.369000434875488
25.208999633789062 -31.18400001525879 -13.854000091552734
25.631999969482422 -27.216999053955078 -18.28700065612793
21.80900001525879 -8.017000198364258 -7.442999839782715
17.722000122070312 -13.043000221252441 -7.2789998054504395
18.16900062561035 -19.44099998474121 -17.993000030517578
13.486000061035156 -30.326000213623047 -11.225000381469727
11.03499984741211 -30.086000442504883 -8.309000015258789
12.881999969482422 -25.038000106811523 -10.256999969482422
9.994999885559082 -23.79800033569336 -12.371000289916992
12.45300006866455 -19.582000732421875 -10.86400032043457
12.916000366210938 -22.416000366210938 -4.4730000495910645
16.29800033569336 -21.94300079345703 1.5180000066757202
14.786999702453613 -16.77899932861328 0.5690000057220459
28.45400047302246 -15.706000328063965 -5.051000118255615
19.45400047302246 -33.7239990234375 -4.492000102996826
4.046000003814697 -28.909000396728516 -8.03600025177002
6.942999839782715 -42.025001525878906 -10.729000091552734
10.654999732971191 -41.63399887084961 -10.012999534606934
23.780000686645508 -30.224000930786133 -24.017000198364258
14.135000228881836 -42.00400161743164 -28.533000946044922
4.468999862670898 -31.743999481201172 -36.803001403808594
8.52299976348877 -27.1560001373291 -29.440000534057617
1.031999945640564 -35.180999755859375 -18.66900062561035
0.0020000000949949026 -37.893001556396484 -26.259000778198242
-3.187999963760376 -23.038999557495117 -24.19099998474121