16.358999252319336 -8.85200023651123 24.371000289916992
10.673999786376953 -2.882999897003174 19.31599998474121
1.8910000324249268 5.2220001220703125 8.324999809265137
10.135000228881836 -2.306999921798706 1.6699999570846558
11.282999992370605 -14.605999946594238 20.496000289916992
7.541999816894531 -6.366000175476074 18.42799949645996
-2.9619998931884766 5.922999858856201 12.395999908447266
-1.1299999952316284 5.353000164031982 20.586999893188477
3.5769999027252197 7.9120001792907715 23.481000900268555
5.300000190734863 11.281000137329102 23.985000610351562
4.686999797821045 15.494999885559082 10.090999603271484
2.9700000286102295 12.119999885559082 9.711000442504883
6.748000144958496 7.867000102996826 9.430000305175781
9.222000122070312 5.757999897003174 13.560999870300293
13.553000450134277 -0.054999999701976776 24.339000701904297
14.57800006866455 5.02400016784668 22.187999725341797
11.494999885559082 7.771999835968018 7.709000110626221
17.47100067138672 -7.5 8.1899995803833
22.511999130249023 -8.699999809265137 18.812000274658203
30.014999389648438 -21.198999404907227 7.118000030517578