11.802000045776367 11.607000350952148 14.654999732971191
14.914999961853027 12.678000450134277 12.6850004196167
21.687000274658203 26.881000518798828 24.367000579833984
16.2549991607666 26.601999282836914 26.62299919128418
6.767000198364258 22.78700065612793 34.97999954223633
-0.26899999380111694 20.211000442504883 30.448999404907227
16.62700080871582 19.885000228881836 24.871999740600586
15.166000366210938 22.344999313354492 30.229999542236328
10.39799976348877 26.006999969482422 37.40800094604492
14.482999801635742 31.312999725341797 41.97200012207031
14.803000450134277 35.0 34.28900146484375
8.73900032043457 29.7189998626709 27.913999557495117
19.19099998474121 33.20399856567383 20.795000076293945
14.75100040435791 35.854000091552734 22.242000579833984
3.703000068664551 28.889999389648438 24.999000549316406
8.88700008392334 21.566999435424805 15.819000244140625
17.663999557495117 28.740999221801758 12.458999633789062
13.324999809265137 22.70599937438965 6.943999767303467