27.948999404907227 -7.276000022888184 -7.138999938964844
24.39900016784668 -7.322999954223633 -5.723999977111816
26.374000549316406 -5.65500020980835 9.538000106811523
22.687999725341797 -10.74899959564209 16.490999221801758
-2.0280001163482666 -16.82699966430664 -3.187999963760376
-2.562999963760376 -12.538000106811523 8.687999725341797
25.176000595092773 -15.576000213623047 13.348999977111816
21.17300033569336 -19.73699951171875 15.059000015258789
-3.187999963760376 -16.565000534057617 14.71399974822998
4.439000129699707 -22.076000213623047 16.85700035095215
20.665000915527344 -24.516000747680664 17.499000549316406
19.187999725341797 -29.371999740600586 14.687000274658203
2.0250000953674316 -26.590999603271484 20.857999801635742
1.2389999628067017 -31.19700050354004 20.81999969482422
3.940999984741211 -32.04899978637695 18.274999618530273
19.684999465942383 -28.204999923706055 10.067000389099121
16.812000274658203 -27.683000564575195 5.755000114440918
13.359999656677246 -17.058000564575195 4.236999988555908
23.56999969482422 -15.35099983215332 5.0980000495910645
27.791000366210938 -16.716999053955078 -0.1080000028014183
24.81999969482422 -17.801000595092773 -5.395999908447266
19.659000396728516 -17.01300048828125 -7.238999843597412
18.780000686645508 0.6959999799728394 -3.361999988555908
15.40999984741211 -3.506999969482422 -2.4159998893737793
18.937999725341797 -19.856000900268555 -11.184000015258789
11.637999534606934 -21.121999740600586 -3.2100000381469727
19.415000915527344 -1.1059999465942383 4.775000095367432
15.494999885559082 -5.64900016784668 7.72599983215332
6.531000137329102 -23.774999618530273 -5.169000148773193
3.447000026702881 -15.845999717712402 -0.8360000252723694
22.881999969482422 -6.804999828338623 19.893999099731445
21.35700035095215 -17.750999450683594 24.090999603271484
17.68899917602539 -24.047000885009766 22.562000274658203
4.804999828338623 -36.053001403808594 20.617000579833984
13.53499984741211 -37.244998931884766 11.54800033569336
18.8700008392334 -40.222999572753906 10.644000053405762