-14.6899995803833 12.420000076293945 6.144000053405762
-13.218999862670898 2.0789999961853027 5.626999855041504
6.281000137329102 -8.02400016784668 5.75600004196167
12.722999572753906 -9.454999923706055 7.099999904632568
10.871000289916992 -8.145999908447266 13.10099983215332
11.274999618530273 -7.526000022888184 16.79400062561035
15.354999542236328 -1.934000015258789 18.663000106811523
20.42300033569336 -7.0929999351501465 23.368999481201172
18.538999557495117 -10.031999588012695 19.624000549316406
6.382999897003174 -8.85200023651123 12.857999801635742
6.895999908447266 -6.539000034332275 15.89799976348877
3.927000045776367 -5.005000114440918 17.70199966430664
-6.201000213623047 17.91900062561035 5.494999885559082
-1.6180000305175781 20.437000274658203 8.47599983215332
-1.725000023841858 -8.807999610900879 18.85700035095215
0.8519999980926514 -9.779000282287598 3.4709999561309814
-14.70199966430664 15.5649995803833 17.16900062561035
-9.748000144958496 14.439000129699707 17.02199935913086
-1.8899999856948853 -11.619999885559082 7.499000072479248
-6.396999835968018 -12.243000030517578 12.189000129699707
2.7750000953674316 21.334999084472656 11.324999809265137
11.791999816894531 24.434999465942383 22.554000854492188
17.667999267578125 20.16699981689453 24.906999588012695