-12.050000190734863 3.246000051498413 -4.177000045776367
-9.895000457763672 4.52400016784668 -1.315000057220459
30.672000885009766 -7.598999977111816 7.3420000076293945
29.510000228881836 -16.753000259399414 -0.6439999938011169
2.4200000762939453 -3.187999963760376 -9.060999870300293
3.180000066757202 4.089000225067139 -12.552000045776367
29.990999221801758 -7.091000080108643 -4.179999828338623
32.612998962402344 -9.619999885559082 -5.25600004196167
37.48699951171875 -11.366999626159668 -2.236999988555908
31.636999130249023 -8.23900032043457 16.334999084472656
-5.7270002365112305 -1.6510000228881836 12.515000343322754
-6.8480000495910645 1.9359999895095825 13.151000022888184