15.104999542236328 -0.9480000138282776 72.35199737548828
17.1299991607666 2.2690000534057617 72.677001953125
18.538000106811523 17.33099937438965 78.90699768066406
14.984999656677246 16.86400032043457 87.81300354003906
10.590999603271484 -1.434000015258789 80.35199737548828
18.44099998474121 1.3480000495910645 77.1500015258789
24.25 20.847000122070312 74.06099700927734
26.07699966430664 28.042999267578125 78.55000305175781
22.57699966430664 28.256000518798828 80.06999969482422
21.40399932861328 30.58300018310547 86.23799896240234
16.16699981689453 28.02899932861328 93.23300170898438
15.88599967956543 34.895999908447266 91.07499694824219
25.184999465942383 36.53900146484375 88.02100372314453
27.305999755859375 25.041000366210938 81.1760025024414
24.25200080871582 23.048999786376953 80.06199645996094
22.94300079345703 11.545999526977539 84.14600372314453
25.691999435424805 12.618000030517578 79.08000183105469
23.981000900268555 16.427000045776367 71.35800170898438
23.763999938964844 12.050000190734863 68.4260025024414
19.599000930786133 9.045000076293945 65.42900085449219
17.759000778198242 4.890999794006348 68.62100219726562
12.640999794006348 6.776000022888184 70.20099639892578
11.862000465393066 15.812999725341797 79.98500061035156
12.062000274658203 25.85700035095215 82.01699829101562
14.869000434875488 28.7450008392334 72.10199737548828
13.807999610900879 32.430999755859375 72.2040023803711
15.430999755859375 27.285999298095703 68.06600189208984
18.992000579833984 26.131000518798828 68.81199645996094
19.974000930786133 24.336999893188477 65.58399963378906
12.468000411987305 8.812999725341797 60.56800079345703
9.039999961853027 11.515000343322754 70.31099700927734
5.716000080108643 19.43400001525879 80.80699920654297
8.696000099182129 20.363000869750977 76.19499969482422
5.464000225067139 23.738000869750977 62.97600173950195
-1.2680000066757202 17.104999542236328 68.84700012207031
-1.0579999685287476 17.965999603271484 75.87300109863281
-0.020999999716877937 25.179000854492188 71.66699981689453
1.409999966621399 25.775999069213867 65.56199645996094
-3.2639999389648438 21.22800064086914 68.47699737548828
-5.690999984741211 17.66200065612793 73.72899627685547
-1.649999976158142 11.734000205993652 75.00199890136719
-0.8939999938011169 8.335000038146973 66.53500366210938
4.2179999351501465 12.289999961853027 69.28099822998047
1.6369999647140503 17.30699920654297 81.55899810791016
3.497999906539917 16.558000564575195 84.79100036621094
0.17100000381469727 21.674999237060547 87.33100128173828
4.913000106811523 13.866999626159668 92.75599670410156
6.7270002365112305 -0.08299999684095383 69.33499908447266