-27.60700035095215 20.18600082397461 65.05400085449219
-30.554000854492188 21.518999099731445 67.09300231933594
-23.058000564575195 22.6200008392334 97.91899871826172
-19.506999969482422 22.48200035095215 87.21800231933594
-17.148000717163086 23.014999389648438 84.2760009765625
-18.051000595092773 18.6299991607666 88.99500274658203
-15.262999534606934 19.777999877929688 91.28800201416016
-17.631000518798828 19.45400047302246 103.77400207519531
-13.119999885559082 15.62600040435791 115.18000030517578
-11.65999984741211 19.513999938964844 111.88700103759766
-14.690999984741211 15.348999977111816 99.63700103759766
-21.20199966430664 13.210000038146973 101.22100067138672
-19.476999282836914 13.26200008392334 116.55699920654297
-20.73200035095215 16.73699951171875 115.76399993896484
-19.584999084472656 20.128000259399414 117.0510025024414
-21.14299964904785 16.482999801635742 121.05699920654297
-18.150999069213867 14.128000259399414 121.01200103759766
-28.68600082397461 2.006999969482422 123.13500213623047
-34.887001037597656 1.5770000219345093 124.29299926757812
-31.38800048828125 9.093999862670898 126.31099700927734
-21.402000427246094 7.177000045776367 125.1780014038086
-27.780000686645508 1.5080000162124634 127.80500030517578
-33.63199996948242 0.6819999814033508 128.86900329589844
-30.704999923706055 8.821999549865723 130.94000244140625
-20.854999542236328 7.781000137329102 130.2010040283203
-30.16900062561035 9.746000289916992 135.54200744628906
-23.648000717163086 8.317999839782715 135.3730010986328
-23.047000885009766 1.190000057220459 136.44000244140625
-22.652999877929688 -1.0 139.54299926757812
-18.224000930786133 1.218000054359436 137.51300048828125
-19.4950008392334 4.3480000495910645 139.24000549316406
-18.868999481201172 16.95800018310547 149.89100646972656
-20.35700035095215 16.658000946044922 160.51699829101562
-17.82200050354004 19.093000411987305 162.00599670410156