37.01599884033203 -3.5789999961853027 21.85700035095215
36.91999816894531 6.182000160217285 21.94700050354004
31.99799919128418 27.132999420166016 27.33799934387207
34.04999923706055 25.46299934387207 22.53499984741211
42.26300048828125 7.553999900817871 23.965999603271484
50.2239990234375 5.525000095367432 26.30900001525879
52.09199905395508 7.820000171661377 28.64299964904785
50.9370002746582 10.8100004196167 30.643999099731445
39.48099899291992 30.472000122070312 32.54199981689453
41.854000091552734 26.68000030517578 36.060001373291016
47.047000885009766 5.735000133514404 29.187000274658203
41.88100051879883 7.364999771118164 30.836000442504883
40.1349983215332 25.55699920654297 41.99700164794922
32.37900161743164 17.95400047302246 41.38999938964844
37.73699951171875 10.970000267028809 38.84000015258789
36.79999923706055 8.23799991607666 32.86399841308594
37.45800018310547 5.98799991607666 29.89299964904785
31.400999069213867 12.562000274658203 31.08799934387207
30.101999282836914 23.649999618530273 35.85100173950195
34.45500183105469 22.708999633789062 31.354999542236328
34.099998474121094 6.388999938964844 16.981000900268555