-1.3489999771118164 -2.7709999084472656 -6.553999900817871
-2.441999912261963 1.2410000562667847 -11.956000328063965
-6.5920000076293945 8.369999885559082 -26.783000946044922
-10.095000267028809 15.710000038146973 -30.441999435424805
-14.909000396728516 15.234999656677246 -35.270999908447266
-14.472999572753906 8.065999984741211 -30.054000854492188
0.2150000035762787 -4.660999774932861 -11.795999526977539
-15.258000373840332 -5.085000038146973 -13.331000328063965
-18.739999771118164 16.649999618530273 -18.118000030517578
-20.382999420166016 12.3100004196167 -13.489999771118164
-12.770999908447266 -10.145999908447266 -16.00200080871582
-20.132999420166016 -6.163000106811523 -20.5939998626709
-25.67300033569336 2.502000093460083 -19.3439998626709
-26.292999267578125 1.2580000162124634 -25.172000885009766
-21.371000289916992 2.2699999809265137 -27.006000518798828
-5.829999923706055 -9.586999893188477 -22.857999801635742
-5.889999866485596 -3.11299991607666 -21.954999923706055
-20.22100067138672 6.236999988555908 -31.8439998626709
-20.09600067138672 18.20400047302246 -28.871999740600586
-16.961000442504883 16.488000869750977 -24.674999237060547
-15.72700023651123 15.357999801635742 -21.261999130249023
-15.932000160217285 -5.486999988555908 -7.525000095367432
-15.704999923706055 1.3359999656677246 -8.833999633789062
-7.478000164031982 6.5920000076293945 -13.276000022888184
-8.199000358581543 11.942999839782715 -20.256000518798828
-15.807999610900879 19.621999740600586 -32.28499984741211
-4.3429999351501465 25.483999252319336 -33.505001068115234
-0.972000002861023 25.90399932861328 -31.795000076293945
0.8619999885559082 31.875999450683594 -28.950000762939453
6.675000190734863 41.1150016784668 -17.075000762939453
7.169000148773193 40.19300079345703 -3.819999933242798
-8.09000015258789 21.94499969482422 -28.344999313354492
0.9319999814033508 21.766000747680664 -20.219999313354492
11.854000091552734 26.843000411987305 -15.390999794006348
12.012999534606934 23.45599937438965 -11.215999603271484
9.85200023651123 26.406999588012695 -10.166999816894531
6.632999897003174 25.125 -8.597999572753906
2.6670000553131104 29.233999252319336 -9.112000465393066
-5.590000152587891 29.31100082397461 -14.29800033569336
-11.39900016784668 29.81599998474121 -21.033000946044922
-14.552000045776367 32.17100143432617 -30.086999893188477
-10.121999740600586 29.367000579833984 -29.209999084472656
11.432999610900879 40.93199920654297 -5.276000022888184
11.156999588012695 31.016000747680664 -18.077999114990234
0.6190000176429749 17.958999633789062 -27.638999938964844
3.1670000553131104 19.003000259399414 -31.236000061035156
4.085000038146973 22.45400047302246 -29.937999725341797
10.416999816894531 36.584999084472656 -18.86199951171875
12.5 48.9010009765625 -20.316999435424805