22.714000701904297 21.08300018310547 11.475000381469727
20.652999877929688 26.45800018310547 4.875999927520752
10.519000053405762 43.959999084472656 -8.760000228881836
14.001999855041504 44.7760009765625 -4.452000141143799
30.996999740600586 39.76100158691406 0.27799999713897705
21.11400032043457 32.861000061035156 -1.621999979019165
7.550000190734863 42.358001708984375 -11.951000213623047
2.11299991607666 34.709999084472656 -10.64900016784668
16.88599967956543 17.231000900268555 -2.8559999465942383
16.979999542236328 23.6560001373291 4.966000080108643
9.456000328063965 41.96699905395508 1.277999997138977
1.965999960899353 38.04499816894531 -4.609000205993652
7.2779998779296875 23.27199935913086 5.3470001220703125
10.142000198364258 28.812000274658203 7.019999980926514
9.510000228881836 42.827999114990234 6.052999973297119
19.402999877929688 45.319000244140625 5.51200008392334
25.030000686645508 33.731998443603516 11.54800033569336
16.201000213623047 28.200000762939453 11.819999694824219
17.288000106811523 48.67100143432617 13.291000366210938
13.894000053405762 57.904998779296875 13.527000427246094
16.899999618530273 60.15800094604492 14.225000381469727