30.98900032043457 -11.123000144958496 -0.2750000059604645
32.555999755859375 -3.502000093460083 -6.248000144958496
18.115999221801758 26.47100067138672 21.18199920654297
10.821999549865723 22.961999893188477 18.895999908447266
12.126999855041504 17.445999145507812 5.973999977111816
15.598999977111816 8.243000030517578 6.445000171661377
22.7450008392334 -6.089000225067139 2.255000114440918
21.695999145507812 -11.946000099182129 4.01200008392334
5.656000137329102 18.523000717163086 24.076000213623047
13.918999671936035 19.582000732421875 26.22100067138672
28.256999969482422 -1.128000020980835 6.442999839782715
30.812999725341797 -2.691999912261963 4.175000190734863