0.6899999976158142 -8.92300033569336 -10.661999702453613
-10.696999549865723 -8.050999641418457 -1.5729999542236328
-15.279999732971191 -6.714000225067139 -2.049999952316284
-12.08899974822998 -12.246999740600586 -5.436999797821045
-7.239999771118164 -7.989999771118164 -22.927000045776367
-11.756999969482422 -7.935999870300293 -19.770000457763672
-19.26099967956543 -14.640000343322754 -2.2699999809265137
-23.20800018310547 -11.491999626159668 6.361000061035156
-26.43199920654297 -7.665999889373779 4.0960001945495605
-31.801000595092773 -10.82699966430664 6.025000095367432
-30.701000213623047 -9.097000122070312 0.28299999237060547
-26.618999481201172 -4.199999809265137 0.11400000005960464
-26.39900016784668 -2.4560000896453857 -3.2880001068115234
-6.414000034332275 -1.843000054359436 -16.02400016784668
-8.281000137329102 5.7170000076293945 -13.28600025177002
-32.06800079345703 -7.775000095367432 -11.77299976348877
-21.966999053955078 -14.10200023651123 -8.270000457763672
-10.579999923706055 6.822000026702881 -26.284000396728516
-12.701000213623047 8.093000411987305 -21.32200050354004
-25.42300033569336 -20.142000198364258 -11.99899959564209
-28.375 -16.594999313354492 -14.954999923706055
-5.513999938964844 10.901000022888184 -16.163999557495117