41.23899841308594 16.80500030517578 16.64699935913086
35.361000061035156 12.680000305175781 7.296999931335449
34.551998138427734 3.5490000247955322 -6.0920000076293945
37.4900016784668 16.679000854492188 -6.423999786376953
38.80500030517578 24.099000930786133 6.260000228881836
39.516998291015625 13.152999877929688 5.735000133514404
37.38100051879883 -1.312000036239624 -5.813000202178955
38.34600067138672 -4.040999889373779 -1.194000005722046
30.202999114990234 4.821000099182129 11.916000366210938
33.9739990234375 9.42199993133545 11.432999610900879
30.707000732421875 12.631999969482422 8.449999809265137
30.402000427246094 8.378999710083008 -8.038000106811523
25.320999145507812 -4.925000190734863 2.184000015258789
23.20599937438965 11.644000053405762 13.11299991607666
26.01799964904785 11.878000259399414 4.770999908447266
26.0 10.579000473022461 -8.28600025177002
26.302000045776367 6.86299991607666 -7.293000221252441
14.496999740600586 2.6429998874664307 1.1339999437332153
17.445999145507812 3.0880000591278076 -8.482000350952148
12.062999725341797 23.104000091552734 -6.164999961853027
12.718000411987305 26.554000854492188 1.7910000085830688
21.51099967956543 29.226999282836914 -1.9170000553131104
21.469999313354492 26.215999603271484 -11.920000076293945
13.593999862670898 7.767000198364258 -6.1579999923706055
13.484000205993652 13.265000343322754 2.3440001010894775
13.937000274658203 18.118000030517578 -17.63599967956543
15.803999900817871 13.696999549865723 -14.449999809265137
16.687999725341797 15.192000389099121 8.39900016784668
22.097000122070312 14.470999717712402 4.677000045776367
22.481000900268555 12.925999641418457 -9.062000274658203
38.027000427246094 21.388999938964844 -14.979000091552734
35.40599822998047 7.448999881744385 -22.191999435424805
34.992000579833984 9.392999649047852 -25.43000030517578
29.753000259399414 11.196000099182129 -25.77400016784668
24.132999420166016 13.545999526977539 -24.236000061035156
26.572999954223633 16.250999450683594 -25.277999877929688
33.23699951171875 16.55900001525879 -26.106000900268555
33.141998291015625 24.81100082397461 -24.22599983215332
34.95000076293945 24.952999114990234 -19.2810001373291
27.725000381469727 22.420000076293945 9.961999893188477
45.917999267578125 24.81399917602539 28.676000595092773