-7.561999797821045 5.824999809265137 20.30500030517578
-5.142000198364258 13.017999649047852 22.124000549316406
11.581999778747559 20.343000411987305 14.86299991607666
16.55699920654297 17.42300033569336 17.590999603271484
22.714000701904297 15.02400016784668 19.643999099731445
19.635000228881836 20.584999084472656 28.051000595092773
17.882999420166016 16.468000411987305 33.018001556396484
11.92300033569336 16.652000427246094 34.433998107910156
8.267999649047852 15.92199993133545 33.74599838256836
1.6089999675750732 13.706999778747559 26.95800018310547
20.235000610351562 6.644000053405762 15.269000053405762
18.16200065612793 7.607999801635742 21.895999908447266
11.699000358581543 8.730999946594238 40.48400115966797
16.892000198364258 5.567999839782715 37.63399887084961
15.751999855041504 3.4000000953674316 17.37299919128418
5.374000072479248 9.817000389099121 27.822999954223633
2.7039999961853027 10.255000114440918 30.540000915527344
12.369999885559082 11.182000160217285 33.08599853515625
23.26799964904785 7.502999782562256 22.304000854492188
17.722999572753906 12.638999938964844 14.946000099182129
-9.303999900817871 18.36199951171875 23.183000564575195
-3.3359999656677246 29.965999603271484 27.253999710083008
-16.334999084472656 20.80900001525879 32.97600173950195
-25.492000579833984 17.04599952697754 22.947999954223633
-25.892000198364258 24.878999710083008 15.829999923706055
-21.076000213623047 36.31399917602539 25.895999908447266
-12.906999588012695 29.280000686645508 25.118000030517578
-15.470999717712402 19.351999282836914 17.89900016784668
-21.44099998474121 25.261999130249023 14.10200023651123
-19.023000717163086 43.36800003051758 23.70400047302246
-13.256999969482422 44.395999908447266 20.868999481201172
-7.110000133514404 26.742000579833984 13.510000228881836
-17.10300064086914 30.746999740600586 13.637999534606934
-22.961000442504883 42.882999420166016 20.552000045776367
-26.097000122070312 40.972999572753906 25.356000900268555
-32.00299835205078 40.632999420166016 24.024999618530273
-30.211000442504883 27.62700080871582 17.86400032043457
-20.84600067138672 30.71500015258789 31.264999389648438
-23.57900047302246 36.7130012512207 33.26599884033203
-25.22800064086914 41.97800064086914 32.79199981689453
-30.05299949645996 43.36399841308594 36.402000427246094
-34.667999267578125 31.284000396728516 20.10300064086914
-33.8380012512207 27.77899932861328 21.209999084472656
-25.45199966430664 36.01900100708008 46.10499954223633
-28.677000045776367 35.077999114990234 40.88800048828125
-30.58799934387207 34.332000732421875 44.04600143432617
-33.99100112915039 31.999000549316406 40.69599914550781
-36.560001373291016 27.450000762939453 33.36000061035156
-36.38800048828125 19.60099983215332 31.361000061035156
-26.06800079345703 25.881999969482422 43.20500183105469
-17.104999542236328 27.216999053955078 43.08599853515625
-7.336999893188477 37.34199905395508 46.696998596191406
-9.088000297546387 31.884000778198242 44.28900146484375
-36.659000396728516 22.791000366210938 25.78700065612793
-39.67300033569336 20.43899917602539 25.631999969482422