1.2419999837875366 60.119998931884766 20.02400016784668
0.1589999943971634 58.869998931884766 16.589000701904297
11.378000259399414 51.409000396728516 7.749000072479248
13.880000114440918 33.827999114990234 5.4730000495910645
2.4820001125335693 39.439998626708984 13.717000007629395
-1.343999981880188 34.301998138427734 2.5260000228881836
13.848999977111816 38.45399856567383 1.6710000038146973
7.322999954223633 47.35599899291992 -4.151000022888184
-0.07400000095367432 39.81999969482422 -5.2829999923706055
-0.2750000059604645 50.999000549316406 -2.177999973297119
21.274999618530273 38.24100112915039 26.6299991607666
23.76099967956543 39.926998138427734 31.3439998626709