-1.2109999656677246 12.932000160217285 0.14300000667572021
-8.36400032043457 8.937000274658203 -1.6749999523162842
-8.758999824523926 7.375 1.7400000095367432
-13.859000205993652 -0.32899999618530273 9.192999839782715
-17.608999252319336 5.14300012588501 20.98699951171875
-19.31100082397461 -0.3959999978542328 13.326000213623047
-15.631999969482422 4.953999996185303 5.96999979019165
-19.790000915527344 9.755000114440918 1.8949999809265137
-15.227999687194824 14.906000137329102 6.570000171661377
-4.538000106811523 8.994999885559082 21.07699966430664
-0.7770000100135803 17.80699920654297 22.033000946044922
-21.48200035095215 24.447999954223633 10.710000038146973
-21.52400016784668 18.209999084472656 12.628000259399414
-23.756999969482422 15.475000381469727 11.11400032043457
-19.910999298095703 17.847000122070312 7.533999919891357
-4.165999889373779 5.738999843597412 16.334999084472656
-14.173999786376953 1.1339999437332153 23.21299934387207
-18.514999389648438 16.843000411987305 25.548999786376953
-18.839000701904297 14.407999992370605 15.696999549865723
-11.489999771118164 -2.2980000972747803 13.826000213623047
-4.5329999923706055 -3.052999973297119 12.58899974822998
-3.0380001068115234 10.48900032043457 5.131999969482422
6.877999782562256 6.535999774932861 16.951000213623047
8.920999526977539 6.019000053405762 26.378999710083008
4.107999801635742 8.427000045776367 24.841999053955078
3.6410000324249268 12.303000450134277 16.02199935913086
-2.752000093460083 17.445999145507812 11.913000106811523
-14.298999786376953 15.673999786376953 0.08399999886751175
-10.567999839782715 12.574999809265137 -1.4570000171661377
-0.5680000185966492 22.542999267578125 14.442000389099121
-11.279000282287598 30.18199920654297 11.206000328063965
-16.985000610351562 20.941999435424805 -1.6619999408721924
-7.374000072479248 25.930999755859375 -12.902000427246094