-2.015000104904175 9.861000061035156 -11.229000091552734
4.309000015258789 3.5759999752044678 -15.428000450134277
5.335000038146973 0.09200000017881393 -14.454999923706055
-0.3370000123977661 -3.3269999027252197 -13.336999893188477
-2.930999994277954 -2.3529999256134033 -15.994000434875488
-9.208999633789062 3.4590001106262207 -4.2829999923706055
-28.452999114990234 1.6929999589920044 -5.489999771118164
-26.823999404907227 -2.490999937057495 -7.925000190734863
-10.060999870300293 -10.968999862670898 8.088000297546387
-15.480999946594238 -7.622000217437744 4.561999797821045
-17.982999801635742 16.21299934387207 -2.986999988555908
-18.874000549316406 14.053999900817871 2.2149999141693115
-14.381999969482422 -8.836999893188477 -0.7429999709129333
-14.567000389099121 -4.8480000495910645 -4.256999969482422
-7.9029998779296875 -0.32199999690055847 -9.092000007629395
0.5170000195503235 1.1200000047683716 -12.16100025177002
0.953000009059906 -0.6930000185966492 -18.26300048828125
1.4010000228881836 -4.14300012588501 -24.2549991607666
-3.5380001068115234 -3.7269999980926514 -21.506999969482422
-15.791000366210938 -6.210000038146973 -21.704999923706055
-17.94499969482422 7.271999835968018 -16.702999114990234
-19.493000030517578 5.554999828338623 -11.152000427246094
-6.175000190734863 0.6290000081062317 -25.884000778198242
-8.274999618530273 3.9010000228881836 -23.28499984741211
-26.083999633789062 2.742000102996826 -23.045000076293945
-23.320999145507812 1.937999963760376 -27.18400001525879
-21.90399932861328 5.388000011444092 -26.4950008392334
-15.04800033569336 8.041000366210938 -24.73200035095215
-7.578999996185303 6.495999813079834 -17.979000091552734
-5.815999984741211 3.1989998817443848 -17.104000091552734
-10.637999534606934 0.5559999942779541 -16.22800064086914
-12.170999526977539 -6.296999931335449 -15.23900032043457
-15.920999526977539 -6.7820000648498535 -15.104999542236328