8.381999969482422 14.357999801635742 13.904000282287598
7.443999767303467 11.956999778747559 6.690999984741211
4.636000156402588 10.039999961853027 4.877999782562256
-2.9140000343322754 6.339000225067139 4.833000183105469
-10.798999786376953 1.2599999904632568 -5.465000152587891
-2.444000005722046 5.916999816894531 -6.1579999923706055
12.548999786376953 14.630999565124512 3.3949999809265137
14.357000350952148 2.931999921798706 -1.4160000085830688
2.246000051498413 -7.205999851226807 5.0
10.050999641418457 -6.422999858856201 0.9509999752044678
17.909000396728516 4.123000144958496 -6.2870001792907715
14.541999816894531 0.9850000143051147 -10.03499984741211
12.612000465393066 -2.240999937057495 -9.479999542236328
4.999000072479248 -0.10000000149011612 -9.022000312805176
14.175999641418457 17.95199966430664 -4.75600004196167
10.901000022888184 14.510000228881836 -1.784999966621399
-1.2489999532699585 1.4420000314712524 -10.753000259399414
-6.557000160217285 -6.4629998207092285 -3.075000047683716
-2.994999885559082 -3.8010001182556152 0.7620000243186951
0.006000000052154064 -3.3540000915527344 3.052999973297119
23.4950008392334 13.017999649047852 7.422999858856201
21.969999313354492 6.474999904632568 9.937999725341797
9.277999877929688 7.1620001792907715 6.867000102996826
1.559000015258789 4.577000141143799 4.822999954223633
-11.555999755859375 0.0560000017285347 -1.034000039100647
-17.21500015258789 4.881999969482422 7.4679999351501465
-16.375 7.4029998779296875 10.185999870300293
-17.775999069213867 5.913000106811523 16.583999633789062
-13.166000366210938 8.979000091552734 32.61399841308594
-13.732999801635742 6.0970001220703125 41.340999603271484
-5.7829999923706055 3.134999990463257 43.909000396728516
-6.195000171661377 7.361999988555908 36.56999969482422
-10.467000007629395 2.421999931335449 5.998000144958496
-4.921000003814697 9.413000106811523 14.156000137329102
-8.512999534606934 21.52899932861328 28.65399932861328
-3.940000057220459 22.086999893188477 25.225000381469727
1.6729999780654907 13.888999938964844 24.386999130249023
-0.75 8.138999938964844 25.513999938964844
-3.484999895095825 0.3100000023841858 19.611000061035156
-8.020000457763672 -4.385000228881836 14.163999557495117
-14.050000190734863 -6.313000202178955 13.366000175476074
-12.116000175476074 -1.5260000228881836 12.17199993133545
-2.11299991607666 11.065999984741211 37.96099853515625
-5.236999988555908 11.779999732971191 39.994998931884766
-8.071999549865723 20.143999099731445 34.45100021362305
-9.935999870300293 16.101999282836914 28.739999771118164
-10.371999740600586 10.637999534606934 6.35099983215332
-12.711000442504883 14.517000198364258 9.625
-14.715999603271484 15.982999801635742 33.09700012207031
-20.952999114990234 13.536999702453613 44.856998443603516