-8.57699966430664 -15.109999656677246 17.885000228881836
-9.109000205993652 -8.920999526977539 15.35099983215332
0.925000011920929 21.66900062561035 7.370999813079834
-1.2000000476837158 17.114999771118164 3.1989998817443848
-5.196000099182129 -6.436999797821045 11.574999809265137
-4.044000148773193 -5.703000068664551 6.0970001220703125
-5.283999919891357 14.604999542236328 -0.4350000023841858
-10.196999549865723 4.186999797821045 -2.3970000743865967
-6.818999767303467 -1.3600000143051147 -1.1440000534057617
-10.199999809265137 -7.072999954223633 -2.8499999046325684
-18.982999801635742 -2.5989999771118164 -1.0369999408721924
-21.20599937438965 3.062000036239624 -4.300000190734863
1.9129999876022339 26.062000274658203 21.427000045776367
2.0299999713897705 17.27400016784668 12.17300033569336
-12.321999549865723 -11.10200023651123 20.625
-16.350000381469727 -5.8470001220703125 21.385000228881836
4.622000217437744 16.829999923706055 16.368999481201172
4.285999774932861 13.47700023651123 20.957000732421875
-8.508000373840332 5.665999889373779 28.18000030517578
-9.185999870300293 11.164999961853027 28.70800018310547
-0.29499998688697815 14.930000305175781 28.246999740600586
-1.8109999895095825 21.802000045776367 29.871000289916992
-19.60300064086914 18.003000259399414 24.981000900268555
-17.34000015258789 13.345999717712402 23.194000244140625
-12.725000381469727 -11.163999557495117 3.6019999980926514
-12.6899995803833 -14.411999702453613 5.603000164031982
-9.204000473022461 -15.008999824523926 9.074999809265137
0.03500000014901161 -17.90399932861328 7.302000045776367
2.5329999923706055 -19.80900001525879 9.432000160217285
8.071999549865723 -20.833999633789062 6.309000015258789
33.02799987792969 -16.85099983215332 8.621000289916992
33.3390007019043 -20.18600082397461 13.211000442504883
0.014999999664723873 -11.605999946594238 10.866000175476074
9.005000114440918 -14.340999603271484 18.13599967956543
21.922000885009766 -26.48200035095215 25.0
18.82200050354004 -22.051000595092773 27.305999755859375
21.45400047302246 -13.515000343322754 22.92799949645996
23.39299964904785 -12.914999961853027 17.78499984741211
16.479000091552734 -7.761000156402588 11.559000015258789
9.604000091552734 -6.294000148773193 7.644000053405762
7.513000011444092 -8.755999565124512 2.002000093460083
6.111000061035156 -10.48900032043457 6.645999908447266
32.42300033569336 -24.742000579833984 13.767999649047852
26.180999755859375 -26.486000061035156 15.48799991607666
21.999000549316406 -24.49799919128418 18.783000946044922
3.5899999141693115 -17.430999755859375 15.67300033569336
8.755999565124512 -24.702999114990234 15.95300006866455
21.077999114990234 -27.392000198364258 11.710000038146973