38.7130012512207 7.841000080108643 6.739999771118164
34.50299835205078 11.105999946594238 5.349999904632568
46.32500076293945 25.246999740600586 -13.654000282287598
46.41899871826172 19.364999771118164 -13.13700008392334
33.0890007019043 14.157999992370605 13.043000221252441
37.85300064086914 18.26799964904785 10.845000267028809
46.02899932861328 14.567999839782715 -3.0190000534057617
48.159000396728516 14.385000228881836 2.2219998836517334
41.14699935913086 17.065000534057617 16.430999755859375
32.178001403808594 27.33300018310547 10.053999900817871
48.69900131225586 22.20599937438965 -5.6519999504089355
45.391998291015625 27.920000076293945 -5.138999938964844
17.19499969482422 20.597999572753906 7.925000190734863
22.302000045776367 17.59000015258789 8.873000144958496
38.14699935913086 30.79400062561035 -7.796999931335449
32.948001861572266 28.56399917602539 -8.317000389099121
25.538000106811523 16.54199981689453 1.8009999990463257
24.02899932861328 13.031000137329102 2.3440001010894775