15.178999900817871 40.12699890136719 8.52400016784668
11.41100025177002 26.8799991607666 1.3530000448226929
13.970000267028809 28.325000762939453 21.80900001525879
8.637999534606934 21.604999542236328 17.542999267578125
-0.17399999499320984 20.827999114990234 14.640999794006348
-6.7220001220703125 24.972000122070312 14.281000137329102
-0.6800000071525574 26.062999725341797 16.482999801635742
0.9959999918937683 24.375999450683594 19.44499969482422
4.2779998779296875 19.697999954223633 20.31599998474121
6.2820000648498535 24.357999801635742 7.506999969482422
5.78000020980835 40.676998138427734 -1.628999948501587
6.64300012588501 39.63600158691406 3.8959999084472656
0.0949999988079071 21.16200065612793 7.275000095367432
-2.8919999599456787 25.915000915527344 5.953999996185303
-7.533999919891357 36.99300003051758 19.9689998626709
-3.2019999027252197 33.30400085449219 19.69300079345703
-6.848999977111816 29.05299949645996 8.854999542236328
4.579999923706055 37.84700012207031 8.746000289916992
18.509000778198242 37.32699966430664 15.065999984741211
22.094999313354492 36.125999450683594 14.494999885559082
22.277999877929688 31.7189998626709 16.73699951171875
17.121999740600586 31.757999420166016 14.904999732971191
3.186000108718872 42.56100082397461 9.177000045776367
4.736000061035156 38.40800094604492 17.211999893188477
5.730999946594238 30.613000869750977 23.531999588012695
-1.1160000562667847 27.14299964904785 21.96500015258789
1.4359999895095825 29.59000015258789 20.56399917602539
0.5699999928474426 33.191001892089844 21.459999084472656
3.7160000801086426 42.676998138427734 21.10700035095215
16.341999053955078 44.10200119018555 26.28700065612793
17.334999084472656 47.64400100708008 25.32699966430664
18.38800048828125 40.619998931884766 23.148000717163086
15.08899974822998 38.75699996948242 22.93899917602539
13.70300006866455 32.75199890136719 24.393999099731445
12.734999656677246 33.108001708984375 19.347999572753906
12.291000366210938 30.2189998626709 16.893999099731445
14.65999984741211 20.485000610351562 5.316999912261963
8.215999603271484 15.805999755859375 1.1519999504089355