40.04899978637695 19.625999450683594 25.990999221801758
35.439998626708984 2.0179998874664307 7.031000137329102
35.47999954223633 3.0 3.3919999599456787
29.02199935913086 -5.796999931335449 2.0390000343322754
26.36199951171875 -18.7189998626709 1.7580000162124634
23.99799919128418 -14.04699993133545 -2.378000020980835
24.775999069213867 -1.4579999446868896 2.9059998989105225
1.7690000534057617 5.861999988555908 0.43799999356269836
7.942999839782715 17.076000213623047 6.765999794006348
16.211999893188477 -2.197999954223633 19.889999389648438
28.21500015258789 -5.567999839782715 22.288999557495117
32.926998138427734 -3.7809998989105225 18.426000595092773
26.361000061035156 -2.1579999923706055 8.718000411987305
22.93199920654297 -1.281000018119812 7.355999946594238
22.715999603271484 -4.954999923706055 11.779999732971191
25.770999908447266 -5.616000175476074 13.920000076293945
28.809999465942383 -7.139999866485596 12.248000144958496
34.64099884033203 -5.2230000495910645 13.411999702453613
41.59299850463867 -4.309999942779541 13.729000091552734
37.92300033569336 -8.359999656677246 14.279999732971191
30.222000122070312 -9.020000457763672 16.20400047302246
30.70800018310547 0.847000002861023 16.969999313354492
29.445999145507812 4.4079999923706055 17.31399917602539
15.626999855041504 2.009000062942505 8.069000244140625
30.83300018310547 4.26800012588501 8.309000015258789
32.987998962402344 7.011000156402588 9.795000076293945
31.81999969482422 9.63599967956543 12.315999984741211
29.729000091552734 16.483999252319336 6.8429999351501465
22.06599998474121 19.871999740600586 8.168999671936035
24.150999069213867 22.141000747680664 19.854999542236328
19.617000579833984 19.76799964904785 19.78700065612793
22.959999084472656 13.270999908447266 15.9350004196167
36.2130012512207 15.493000030517578 18.78499984741211
37.91699981689453 17.417999267578125 15.968000411987305
35.8849983215332 12.291000366210938 14.395999908447266
32.409000396728516 9.630999565124512 18.621999740600586
15.583999633789062 14.878999710083008 27.900999069213867
19.871999740600586 11.302000045776367 27.131999969482422
27.785999298095703 2.312000036239624 21.158000946044922
27.172000885009766 -2.628000020980835 25.121000289916992
24.900999069213867 -0.296999990940094 23.173999786376953
23.288999557495117 1.878000020980835 25.851999282836914
24.534000396728516 13.57800006866455 27.277000427246094
31.2450008392334 17.922000885009766 21.809999465942383
31.134000778198242 19.75 18.486000061035156
26.65399932861328 21.66900062561035 16.1200008392334
19.121000289916992 14.036999702453613 8.819999694824219
9.993000030517578 17.731000900268555 10.972999572753906