40.479000091552734 -4.36299991607666 25.114999771118164
40.965999603271484 -0.8930000066757202 26.655000686645508
13.154000282287598 14.210000038146973 30.56999969482422
13.831999778747559 17.989999771118164 30.312000274658203
10.08899974822998 23.895999908447266 31.18199920654297
14.583999633789062 27.409000396728516 39.44499969482422
19.21500015258789 29.594999313354492 43.30500030517578
16.107999801635742 32.95600128173828 38.68000030517578
16.339000701904297 29.30900001525879 33.17100143432617
17.639999389648438 25.31100082397461 30.222000122070312
30.94700050354004 28.8439998626709 31.42799949645996
33.65299987792969 29.952999114990234 29.02400016784668
30.697999954223633 24.76799964904785 27.385000228881836
28.38800048828125 24.072999954223633 30.365999221801758
11.657999992370605 15.097999572753906 35.69900131225586
15.927000045776367 17.547000885009766 39.409000396728516
40.25199890136719 18.78499984741211 33.23400115966797
36.742000579833984 14.477999687194824 32.518001556396484
14.77299976348877 21.03700065612793 43.29100036621094
17.969999313354492 25.988000869750977 47.34600067138672
20.46299934387207 21.31999969482422 47.584999084472656
26.135000228881836 14.73900032043457 43.54199981689453
39.9630012512207 11.781000137329102 27.882999420166016
37.58100128173828 14.517000198364258 26.69700050354004
15.579000473022461 27.594999313354492 18.17799949645996
21.201000213623047 26.875 15.381999969482422
25.663999557495117 28.927000045776367 20.165000915527344
11.732000350952148 37.23899841308594 30.804000854492188
11.887999534606934 27.940000534057617 26.857999801635742
17.256999969482422 20.1560001373291 19.610000610351562
41.91999816894531 11.604000091552734 22.96500015258789
38.441001892089844 11.47599983215332 17.87299919128418
13.795000076293945 17.180999755859375 22.391000747680664
7.408999919891357 16.684999465942383 29.23900032043457
4.9679999351501465 18.709999084472656 31.3439998626709
4.948999881744385 18.399999618530273 35.14500045776367