36.801998138427734 -12.267000198364258 0.699999988079071
39.14699935913086 -11.61400032043457 3.63100004196167
37.05799865722656 -9.378000259399414 7.560999870300293
36.21900177001953 -7.460999965667725 10.74899959564209
51.875 15.3100004196167 10.187999725341797
55.07699966430664 15.104000091552734 12.267999649047852
56.43299865722656 18.929000854492188 19.687000274658203
58.59199905395508 15.944999694824219 20.63599967956543
44.62099838256836 -10.371000289916992 10.98799991607666
62.801998138427734 7.13100004196167 -2.260999917984009
66.73100280761719 9.420000076293945 17.6299991607666
69.74800109863281 7.235000133514404 18.266000747680664
69.96800231933594 -2.0239999294281006 20.740999221801758
73.44999694824219 1.7050000429153442 16.687999725341797
64.01899719238281 5.465000152587891 15.635000228881836
41.92100143432617 2.127000093460083 -4.776000022888184
39.5099983215332 -6.505000114440918 -4.989999771118164
64.32499694824219 6.486000061035156 31.32900047302246
76.83599853515625 10.345999717712402 31.42799949645996