16.44099998474121 26.062999725341797 -6.791999816894531
19.121999740600586 23.517000198364258 -6.050000190734863
28.239999771118164 25.156999588012695 -1.1339999437332153
31.631999969482422 24.291000366210938 0.26899999380111694
36.400001525878906 21.32699966430664 -2.058000087738037
33.96099853515625 22.945999145507812 -7.331999778747559
24.690000534057617 11.348999977111816 4.491000175476074
36.23099899291992 1.2380000352859497 -9.449000358581543
22.889999389648438 26.739999771118164 -16.275999069213867
19.07699966430664 18.233999252319336 -18.198999404907227
22.28700065612793 7.546000003814697 -15.531000137329102
18.94300079345703 6.920000076293945 -13.930999755859375
18.808000564575195 2.124000072479248 -15.86299991607666
28.165000915527344 5.026000022888184 -14.538999557495117
38.75 7.2230000495910645 -9.555000305175781
38.124000549316406 17.075000762939453 -12.866999626159668
36.85100173950195 11.305999755859375 -3.802000045776367
24.187999725341797 11.83899974822998 -2.322000026702881
33.01100158691406 25.874000549316406 -13.048999786376953
34.22999954223633 25.17300033569336 -16.611000061035156
34.499000549316406 20.54599952697754 -16.42099952697754
31.195999145507812 18.819000244140625 -25.24799919128418
28.816999435424805 17.94099998474121 -28.020000457763672
27.405000686645508 21.277000427246094 -23.325000762939453
28.416000366210938 24.732999801635742 -24.604999542236328
27.48900032043457 22.56999969482422 -14.579000473022461
39.558998107910156 -1.9220000505447388 -5.296999931335449
40.56800079345703 -4.114999771118164 -8.21399974822998