-2.931999921798706 -14.758999824523926 42.775001525878906
3.5350000858306885 -14.649999618530273 32.55099868774414
2.4189999103546143 -12.362000465393066 29.73900032043457
3.0739998817443848 -12.342000007629395 15.611000061035156
5.7870001792907715 -11.395000457763672 18.106000900268555
7.195000171661377 -4.866000175476074 15.66100025177002
21.128999710083008 8.362000465393066 14.3100004196167
25.71299934387207 20.95400047302246 11.713000297546387
27.37700080871582 20.773000717163086 17.273000717163086
26.003999710083008 3.0309998989105225 15.48799991607666
13.225000381469727 -13.630999565124512 18.604999542236328
9.401000022888184 -7.670000076293945 12.515999794006348
18.80500030517578 9.927000045776367 10.57800006866455
12.156000137329102 15.104999542236328 14.430999755859375
-1.9010000228881836 0.5659999847412109 13.447999954223633
1.0770000219345093 -9.133999824523926 18.3799991607666
2.696000099182129 -10.234999656677246 21.655000686645508
6.114999771118164 -3.7909998893737793 20.969999313354492
21.500999450683594 8.645999908447266 19.301000595092773
21.014999389648438 12.708000183105469 24.389999389648438
18.57200050354004 15.135000228881836 30.488000869750977
15.645999908447266 13.755000114440918 25.707000732421875
16.698999404907227 13.388999938964844 15.984000205993652
15.756999969482422 17.12700080871582 20.583999633789062
11.32699966430664 10.736000061035156 25.74799919128418
1.6790000200271606 7.668000221252441 22.219999313354492
-5.859000205993652 0.2720000147819519 22.829999923706055
-3.256999969482422 -2.6089999675750732 26.482999801635742
5.808000087738037 -1.8730000257492065 25.542999267578125
22.270000457763672 7.72599983215332 24.427000045776367
28.673999786376953 13.156000137329102 34.53900146484375
31.32900047302246 10.550000190734863 33.82099914550781
30.889999389648438 7.714000225067139 36.30799865722656
34.02299880981445 6.788000106811523 38.24800109863281
35.39699935913086 3.36899995803833 39.17599868774414
36.11899948120117 -1.218999981880188 44.409000396728516
36.03499984741211 -3.246999979019165 50.7239990234375