1.4450000524520874 -12.22700023651123 27.652000427246094
1.7239999771118164 -6.695000171661377 31.31999969482422
7.959000110626221 -10.916999816894531 35.604000091552734
18.865999221801758 -10.515000343322754 32.959999084472656
37.23899841308594 1.2569999694824219 11.277000427246094
30.57900047302246 7.619999885559082 11.381999969482422
21.163999557495117 8.67300033569336 14.678999900817871
9.269000053405762 9.364999771118164 10.182999610900879
7.678999900817871 10.92300033569336 3.4130001068115234
1.61899995803833 5.992000102996826 8.498000144958496
1.5329999923706055 18.83300018310547 10.585000038146973
1.5080000162124634 15.668000221252441 5.965000152587891
10.680999755859375 3.4860000610351562 9.024999618530273
18.052000045776367 2.1600000858306885 3.181999921798706
26.31399917602539 13.92300033569336 1.8289999961853027
31.2450008392334 5.064000129699707 5.809999942779541
7.48799991607666 -3.871999979019165 9.96399974822998
1.1890000104904175 -13.968999862670898 12.074000358581543
5.999000072479248 -15.347000122070312 13.487000465393066
9.781999588012695 -3.6010000705718994 15.956000328063965
32.09000015258789 2.5250000953674316 -3.4739999771118164
29.468000411987305 -7.1529998779296875 -2.3570001125335693
31.365999221801758 -20.81999969482422 28.05299949645996
28.211000442504883 -18.913999557495117 -0.7149999737739563
19.288999557495117 -18.011999130249023 -4.171000003814697
13.48900032043457 -25.867000579833984 -1.065000057220459
16.216999053955078 -20.572999954223633 3.0850000381469727
23.56599998474121 -26.040000915527344 8.20199966430664
26.243000030517578 -19.22100067138672 5.171000003814697
21.659000396728516 -12.965999603271484 -6.0229997634887695
19.746000289916992 -3.4000000953674316 -4.781000137329102
22.125 -3.3519999980926514 -7.735000133514404
21.125999450683594 -5.541999816894531 -10.675000190734863
22.312999725341797 -8.182999610900879 -16.62299919128418
22.56399917602539 -10.803000450134277 -11.538000106811523
24.621999740600586 -7.940999984741211 -6.283999919891357
23.15999984741211 -8.741000175476074 -2.8929998874664307
22.75200080871582 -22.301000595092773 11.277000427246094
17.54599952697754 -18.054000854492188 9.868000030517578
21.57699966430664 1.3079999685287476 -7.839000225067139
18.01799964904785 7.708000183105469 -12.053000450134277
7.245999813079834 -3.634999990463257 -9.92199993133545
7.4079999923706055 7.215000152587891 -8.324999809265137
20.224000930786133 15.4399995803833 -10.072999954223633
27.73699951171875 2.1110000610351562 -2.4509999752044678
20.979999542236328 -7.111999988555908 16.90399932861328
20.152000427246094 -20.018999099731445 22.295000076293945
13.270000457763672 -13.843999862670898 19.893999099731445
13.288999557495117 -8.786999702453613 24.614999771118164
3.2279999256134033 -2.6519999504089355 26.524999618530273