28.030000686645508 38.356998443603516 18.246000289916992
25.61199951171875 30.89299964904785 13.26099967956543
7.331999778747559 22.56999969482422 19.910999298095703
6.616000175476074 25.952999114990234 15.383000373840332
34.68299865722656 24.35099983215332 20.788999557495117
38.32600021362305 19.72599983215332 22.909000396728516
38.8129997253418 15.97700023651123 23.283000946044922
43.430999755859375 12.895999908447266 26.750999450683594
42.755001068115234 9.279000282287598 27.656999588012695
47.00600051879883 8.9350004196167 34.25199890136719
45.49599838256836 12.555999755859375 31.183000564575195
42.970001220703125 15.427000045776367 31.284000396728516
39.23099899291992 15.901000022888184 30.725000381469727
36.584999084472656 20.81100082397461 27.430999755859375
33.87099838256836 22.815000534057617 25.757999420166016
28.649999618530273 23.886999130249023 24.785999298095703
11.940999984741211 34.64699935913086 14.293000221252441
13.560999870300293 38.29399871826172 19.458999633789062
10.805000305175781 35.70199966430664 19.850000381469727
9.763999938964844 35.801998138427734 23.531999588012695
8.019000053405762 30.726999282836914 26.64299964904785
13.368000030517578 21.367000579833984 29.149999618530273
30.972999572753906 20.809999465942383 15.411999702453613
32.08300018310547 20.423999786376953 8.527999877929688