18.611000061035156 54.47700119018555 51.689998626708984
15.0600004196167 49.98400115966797 48.79100036621094
13.560999870300293 46.57500076293945 48.13399887084961
11.732999801635742 33.52799987792969 49.83599853515625
-0.6959999799728394 30.47599983215332 40.72600173950195
8.35200023651123 33.20800018310547 41.5
22.84600067138672 39.862998962402344 42.73099899291992
29.47599983215332 45.34199905395508 37.39500045776367
12.607999801635742 46.858001708984375 29.44300079345703
8.854000091552734 47.28300094604492 28.920000076293945
2.384999990463257 37.61600112915039 35.89099884033203
5.879000186920166 37.04600143432617 42.11899948120117
21.945999145507812 39.8390007019043 47.893001556396484
20.275999069213867 24.665000915527344 47.76900100708008
22.03700065612793 27.365999221801758 43.4379997253418
21.63800048828125 34.53300094604492 38.94300079345703
6.883999824523926 27.04199981689453 39.64699935913086
12.47700023651123 25.124000549316406 41.09400177001953
12.675000190734863 25.218000411987305 37.284000396728516
22.632999420166016 42.43899917602539 28.80500030517578
3.947000026702881 27.55500030517578 30.97599983215332
1.0640000104904175 21.551000595092773 34.28099822998047