0.8090000152587891 -24.642000198364258 32.154998779296875
-0.44699999690055847 -18.77199935913086 33.04899978637695
7.136000156402588 6.186999797821045 32.94200134277344
12.940999984741211 -6.164999961853027 35.55799865722656
10.847999572753906 -22.121999740600586 39.00400161743164
7.817999839782715 -23.117000579833984 36.986000061035156
2.8359999656677246 -24.89699935913086 39.2239990234375
4.071000099182129 -20.065000534057617 34.308998107910156
1.725000023841858 3.868000030517578 32.09000015258789
-2.4709999561309814 1.940999984741211 38.71900177001953
-4.7729997634887695 -6.296999931335449 32.37900161743164
-2.3350000381469727 -9.119000434875488 36.39500045776367
8.784000396728516 2.2850000858306885 39.426998138427734
5.4629998207092285 4.480999946594238 43.9010009765625
-3.7920000553131104 -0.23899999260902405 47.05099868774414
-4.192999839782715 -3.1559998989105225 51.599998474121094
1.6109999418258667 -4.888999938964844 54.15800094604492
5.59499979019165 -0.40700000524520874 53.027000427246094
4.5960001945495605 5.85099983215332 52.06800079345703
5.425000190734863 -4.39900016784668 44.53200149536133
-7.881999969482422 -12.807000160217285 47.744998931884766
-7.580999851226807 -7.3979997634887695 46.97100067138672
7.88700008392334 -2.2699999809265137 49.44200134277344
13.182000160217285 -1.1540000438690186 47.957000732421875
25.31999969482422 -2.4739999771118164 51.30799865722656
25.0 8.772000312805176 58.78799819946289
15.49899959564209 13.204000473022461 46.46200180053711
9.289999961853027 6.790999889373779 46.494998931884766
19.052000045776367 0.8209999799728394 61.196998596191406
21.3799991607666 9.666000366210938 61.314998626708984
15.666999816894531 18.506000518798828 48.08100128173828
8.904999732971191 17.208999633789062 53.805999755859375
10.567000389099121 9.727999687194824 60.44200134277344
17.017000198364258 16.315000534057617 59.23500061035156
16.93600082397461 22.590999603271484 50.82099914550781
26.819000244140625 7.699999809265137 52.65999984741211
17.73900032043457 8.944999694824219 44.82600021362305
20.777999877929688 10.22700023651123 36.5099983215332
22.054000854492188 12.36299991607666 32.44900131225586
29.261999130249023 19.913000106811523 40.99700164794922
32.31100082397461 10.588000297546387 52.21500015258789
30.48200035095215 5.839000225067139 49.72600173950195
20.201000213623047 4.0 42.525001525878906
27.30299949645996 11.918999671936035 36.125999450683594
37.65399932861328 12.208000183105469 42.99599838256836
31.148000717163086 4.449999809265137 44.59700012207031
25.590999603271484 1.902999997138977 41.310001373291016
22.82699966430664 -3.0309998989105225 40.224998474121094
5.5879998207092285 -16.781999588012695 44.42100143432617
14.46500015258789 -14.333000183105469 47.880001068115234
21.69300079345703 -9.887999534606934 34.65700149536133