29.78499984741211 9.529999732971191 -16.06800079345703
18.985000610351562 11.331999778747559 -10.253999710083008
14.795000076293945 18.659000396728516 10.692000389099121
9.416999816894531 30.382999420166016 11.265999794006348
12.508000373840332 35.08700180053711 9.163999557495117
21.034000396728516 29.665000915527344 -10.878000259399414
22.4950008392334 26.915000915527344 -17.062999725341797
28.35300064086914 23.582000732421875 -21.888999938964844
31.753999710083008 17.305999755859375 7.51200008392334
20.857999801635742 11.715999603271484 13.595000267028809
36.374000549316406 15.803999900817871 -19.05500030517578
33.4119987487793 25.820999145507812 -16.013999938964844
25.915000915527344 33.106998443603516 13.942999839782715
20.156999588012695 26.312999725341797 15.338000297546387
14.109000205993652 20.249000549316406 -11.807999610900879
16.179000854492188 22.517000198364258 -14.093000411987305