33.986000061035156 -22.957000732421875 14.848999977111816
25.308000564575195 -16.490999221801758 12.956000328063965
7.517000198364258 -3.638000011444092 18.933000564575195
6.660999774932861 -6.9070000648498535 14.468000411987305
36.34600067138672 -13.347000122070312 11.888999938964844
38.85100173950195 -17.07699966430664 17.475000381469727
22.434999465942383 -20.54800033569336 23.57200050354004
17.163000106811523 -6.383999824523926 23.38599967956543
21.756000518798828 7.142000198364258 14.748000144958496
25.8799991607666 2.1440000534057617 16.215999603271484
23.944000244140625 -8.168000221252441 24.219999313354492
30.774999618530273 -14.343999862670898 28.434999465942383
31.086999893188477 -18.083999633789062 27.94499969482422
33.025001525878906 -15.996000289916992 32.78099822998047
32.03499984741211 -12.482999801635742 33.7400016784668
37.624000549316406 -11.980999946594238 29.326000213623047
40.69599914550781 -10.336999893188477 27.822999954223633
30.920000076293945 -4.336999893188477 11.78600025177002
31.516000747680664 -3.072000026702881 24.038999557495117
33.58399963378906 -2.9159998893737793 27.238000869750977
34.233001708984375 -1.0640000104904175 30.483999252319336
34.678001403808594 -8.121000289916992 27.468000411987305
31.485000610351562 -9.980999946594238 28.395999908447266
28.511999130249023 -5.8420000076293945 21.464000701904297
26.410999298095703 2.0220000743865967 11.02400016784668
37.981998443603516 4.547999858856201 13.645000457763672
40.39400100708008 1.2239999771118164 16.958999633789062
36.20899963378906 -6.068999767303467 16.06399917602539
20.104000091552734 -7.669000148773193 6.708000183105469
21.97800064086914 -4.367000102996826 6.895999908447266
16.027000427246094 4.926000118255615 13.001999855041504
14.093000411987305 -3.9769999980926514 19.570999145507812
22.684999465942383 -20.815000534057617 9.96500015258789