-30.302000045776367 5.295000076293945 -1.8910000324249268
-28.768999099731445 7.004000186920166 -4.941999912261963
-24.202999114990234 4.267000198364258 -9.605999946594238
-22.909000396728516 10.276000022888184 -12.513999938964844
-20.884000778198242 20.33799934387207 -13.630000114440918
-24.43600082397461 23.047000885009766 -8.649999618530273
-26.37299919128418 21.069000244140625 -6.039999961853027
-30.489999771118164 21.30500030517578 -0.6830000281333923
-32.67300033569336 14.555000305175781 1.281000018119812
-27.32900047302246 7.958000183105469 1.0119999647140503
-20.885000228881836 4.0320000648498535 -6.330999851226807
-19.273000717163086 9.99899959564209 -9.482999801635742
-16.74799919128418 19.320999145507812 -11.133999824523926
-20.479000091552734 22.26099967956543 -6.151000022888184
-21.964000701904297 21.288000106811523 -2.7739999294281006
-26.405000686645508 20.961999893188477 4.791999816894531
-24.777000427246094 17.530000686645508 4.257999897003174
-23.472000122070312 8.78600025177002 3.8299999237060547
-17.28499984741211 4.070000171661377 -2.869999885559082
-15.61299991607666 9.661999702453613 -6.556000232696533
-15.35099983215332 13.460000038146973 -6.14300012588501
-11.901000022888184 13.038000106811523 -12.12600040435791
-8.375 12.001999855041504 -13.196000099182129
-11.579999923706055 18.30299949645996 -11.897000312805176
-12.446999549865723 18.395000457763672 -8.201000213623047
-16.334999084472656 22.309999465942383 -3.8570001125335693
-17.746999740600586 21.73900032043457 -0.3709999918937683
-22.452999114990234 21.468000411987305 7.284999847412109
-20.58300018310547 18.152000427246094 7.318999767303467
-19.62700080871582 9.87399959564209 6.451000213623047
-13.619999885559082 4.581999778747559 0.41200000047683716
-11.880000114440918 9.678000450134277 -3.7339999675750732
-11.925000190734863 13.184000015258789 -2.2170000076293945
-12.277000427246094 22.052000045776367 -0.9980000257492065
-13.913000106811523 21.676000595092773 2.433000087738037
-18.51799964904785 22.466999053955078 10.01099967956543
-16.947999954223633 19.01300048828125 10.522000312805176
-17.06800079345703 13.956000328063965 10.468000411987305
-10.053000450134277 4.670000076293945 3.7839999198913574
-8.088000297546387 8.958000183105469 -1.1920000314712524
-7.866000175476074 12.595999717712402 -0.0010000000474974513
-8.486000061035156 21.464000701904297 2.0179998874664307
-9.838000297546387 21.892000198364258 5.566999912261963
-14.17199993133545 23.32900047302246 12.510000228881836
-13.883000373840332 19.948999404907227 14.251999855041504
-14.652000427246094 21.527999877929688 17.6299991607666
-11.029999732971191 27.709999084472656 25.72100067138672
-14.45199966430664 24.045000076293945 28.295000076293945
-14.520999908447266 15.170999526977539 17.3700008392334
-13.454000473022461 13.524999618530273 14.145000457763672
-6.861999988555908 4.9720001220703125 6.814000129699707
-4.295000076293945 9.425000190734863 2.196000099182129
-3.9549999237060547 13.031000137329102 3.36899995803833
-4.315999984741211 21.510000228881836 4.206999778747559
-5.107999801635742 21.26099967956543 7.933000087738037
-8.138999938964844 22.041000366210938 16.187999725341797
-8.369000434875488 18.21500015258789 16.224000930786133
-9.664999961853027 9.230999946594238 16.20599937438965
-6.9019999504089355 9.934000015258789 13.645000457763672
-0.7070000171661377 9.137999534606934 5.328999996185303
0.3269999921321869 12.770000457763672 5.888000011444092
0.27300000190734863 21.490999221801758 6.026000022888184
-0.2290000021457672 21.031999588012695 9.819000244140625
-3.3610000610351562 20.993999481201172 17.363000869750977
-3.746000051498413 17.222999572753906 17.364999771118164
-4.809999942779541 8.640000343322754 18.39900016784668
-2.3410000801086426 9.03499984741211 15.534000396728516
2.888000011444092 7.613999843597412 7.6620001792907715
4.070000171661377 11.145999908447266 8.494000434875488
6.849999904632568 18.923999786376953 14.276000022888184
1.8550000190734863 21.29599952697754 15.50100040435791
0.6819999814033508 20.454999923706055 19.020000457763672
1.3170000314712524 16.72599983215332 19.631999969482422
-0.5899999737739563 8.22700023651123 20.47100067138672
2.4059998989105225 8.043999671936035 18.104999542236328
2.7200000286102295 7.197000026702881 23.72800064086914
10.324999809265137 0.703000009059906 22.673999786376953
19.74799919128418 14.906999588012695 20.207000732421875
24.979999542236328 7.085000038146973 21.086999893188477
22.993999481201172 -2.7720000743865967 23.19499969482422