11.82800006866455 -9.430999755859375 16.804000854492188
9.72700023651123 -7.896999835968018 14.07699966430664
7.934999942779541 -4.116000175476074 9.557999610900879
6.085000038146973 -10.545999526977539 1.2869999408721924
6.164000034332275 -16.06999969482422 9.967000007629395
8.315999984741211 -10.62600040435791 9.470000267028809
11.484000205993652 -13.97700023651123 14.029999732971191
25.200000762939453 -21.222999572753906 11.663000106811523
27.14699935913086 -17.589000701904297 -9.444999694824219
26.288999557495117 -3.3429999351501465 2.5850000381469727
27.152999877929688 -6.360000133514404 6.861999988555908
29.445999145507812 -12.812999725341797 3.5179998874664307
35.665000915527344 -22.49799919128418 -10.565999984741211
21.766000747680664 -14.47599983215332 -9.234999656677246
20.898000717163086 -10.114999771118164 4.118000030517578
27.461000442504883 -16.645999908447266 8.027999877929688
30.025999069213867 -23.093000411987305 -9.706000328063965
27.704999923706055 -30.770000457763672 -14.003999710083008
34.93899917602539 -23.231000900268555 9.440999984741211
25.371999740600586 -26.195999145507812 11.928000450134277
19.257999420166016 -22.69499969482422 -6.671000003814697
19.275999069213867 -29.451000213623047 -15.086000442504883
18.322999954223633 -35.98099899291992 -14.524999618530273
22.722000122070312 -39.930999755859375 -11.246000289916992
28.43199920654297 -35.388999938964844 5.314000129699707
21.399999618530273 -29.363000869750977 5.40500020980835
12.519000053405762 -28.04800033569336 -7.633999824523926
7.5 -33.41899871826172 -12.348999977111816
10.87399959564209 -32.73699951171875 -10.590999603271484
15.595000267028809 -32.959999084472656 -12.935999870300293
19.59600067138672 -32.349998474121094 -8.085000038146973
15.331999778747559 -30.82200050354004 0.6489999890327454
3.2950000762939453 -16.716999053955078 -4.9679999351501465
-0.8709999918937683 -20.19099998474121 -5.49399995803833
4.0929999351501465 -20.559999465942383 -8.892000198364258
5.927999973297119 -30.445999145507812 -8.614999771118164
5.755000114440918 -34.125 -7.784999847412109
8.24899959564209 -28.26799964904785 0.8450000286102295
9.340999603271484 -17.820999145507812 -5.131999969482422
11.01200008392334 -11.888999938964844 -4.447999954223633
25.233999252319336 -6.8460001945495605 -7.809999942779541
21.49799919128418 -2.742000102996826 -5.7829999923706055
11.006999969482422 -15.237000465393066 -9.626999855041504
12.130000114440918 -22.017000198364258 -7.3979997634887695
18.209999084472656 -25.843000411987305 18.60099983215332
15.82699966430664 -30.042999267578125 9.39900016784668
5.8520002365112305 -27.740999221801758 11.116000175476074
1.5529999732971191 -24.490999221801758 7.043000221252441
-3.2339999675750732 -27.270999908447266 3.0239999294281006
-3.6989998817443848 -23.851999282836914 -4.558000087738037
-3.005000114440918 -25.599000930786133 -7.921999931335449
3.243000030517578 -27.73900032043457 2.7249999046325684
7.684000015258789 -23.1200008392334 5.013999938964844
6.5289998054504395 -13.85200023651123 20.56100082397461