-28.1299991607666 42.641998291015625 -33.32600021362305
-27.591999053955078 38.12900161743164 -29.052000045776367
-28.97599983215332 34.71099853515625 -28.381999969482422
-28.018999099731445 28.986000061035156 -28.29199981689453
-26.469999313354492 16.834999084472656 -30.523000717163086
-26.492000579833984 23.29599952697754 -35.75699996948242
-21.624000549316406 33.1619987487793 -43.15999984741211
-15.223999977111816 33.12200164794922 -41.374000549316406
-15.519000053405762 38.82600021362305 -41.20600128173828
-8.239999771118164 34.9119987487793 -32.97600173950195
-23.73200035095215 18.60099983215332 -21.14699935913086
-19.06599998474121 16.854000091552734 -30.201000213623047
-12.82699966430664 24.95199966430664 -48.176998138427734
-10.46500015258789 23.58300018310547 -42.70399856567383
-14.045999526977539 13.125 -24.0
-10.982999801635742 17.788999557495117 -24.035999298095703
-3.5999999046325684 24.589000701904297 -44.520999908447266
-3.8269999027252197 18.881000518798828 -39.736000061035156
-6.499000072479248 21.08099937438965 -24.070999145507812
-19.291000366210938 27.76099967956543 -18.329999923706055
0.38100001215934753 30.950000762939453 -40.17300033569336
1.5049999952316284 28.148000717163086 -35.51300048828125
-10.031000137329102 29.854000091552734 -19.091999053955078
-1.1710000038146973 24.863000869750977 -25.400999069213867
0.6000000238418579 22.18000030517578 -38.952999114990234
-19.351999282836914 28.510000228881836 -40.749000549316406
-22.613000869750977 23.424999237060547 -32.573001861572266
-20.804000854492188 14.871999740600586 -41.09700012207031
-16.618999481201172 17.569000244140625 -43.33599853515625
-11.711000442504883 13.746000289916992 -42.43199920654297
-11.979000091552734 13.88599967956543 -36.64899826049805
-22.73900032043457 17.666000366210938 -32.73899841308594
-22.51799964904785 19.488000869750977 -29.46500015258789
-24.865999221801758 18.839000701904297 -26.552000045776367
-11.08899974822998 39.06800079345703 -33.67100143432617
-16.47800064086914 40.79399871826172 -33.452999114990234
-21.033000946044922 36.387001037597656 -34.42300033569336
-26.51300048828125 37.43000030517578 -33.00600051879883
-29.792999267578125 37.03099822998047 -34.869998931884766
-27.83099937438965 33.3380012512207 -38.762001037597656
-33.09000015258789 22.3799991607666 -33.71799850463867
-33.387001037597656 26.469999313354492 -28.736000061035156
-30.961000442504883 28.0 -23.329999923706055
-31.59000015258789 25.378000259399414 -17.642000198364258