-33.26300048828125 -29.219999313354492 3.5230000019073486
-24.63599967956543 -25.680999755859375 5.8460001945495605
-30.902000427246094 -6.824999809265137 4.434999942779541
-30.00200080871582 -9.291000366210938 12.196000099182129
-21.608999252319336 -28.23200035095215 10.708999633789062
-15.380999565124512 -20.79599952697754 12.925000190734863
-28.511999130249023 -6.504000186920166 18.170000076293945
-22.579999923706055 -8.418999671936035 23.631000518798828
-9.456999778747559 -21.03700065612793 15.032999992370605
-8.734999656677246 -11.795999526977539 13.439000129699707
-18.663999557495117 -4.349999904632568 29.427000045776367
-10.956000328063965 -1.6339999437332153 28.822999954223633
-2.0989999771118164 -12.524999618530273 7.65500020980835
-11.015000343322754 -0.2150000035762787 11.09000015258789
-15.690999984741211 10.439000129699707 35.018001556396484
-12.602999687194824 12.484000205993652 39.599998474121094