9.230999946594238 -1.4040000438690186 77.09300231933594
6.171999931335449 -10.15999984741211 72.81099700927734
3.5420000553131104 -12.208999633789062 71.00700378417969
0.21400000154972076 -17.527999877929688 65.3270034790039
-8.890999794006348 -27.768999099731445 67.00900268554688
-6.190000057220459 -21.93000030517578 73.08399963378906
7.175000190734863 -8.559000015258789 79.18000030517578
4.545000076293945 -7.440999984741211 83.1510009765625
1.1239999532699585 -3.9130001068115234 85.1719970703125
-3.010999917984009 -6.099999904632568 81.00199890136719
-11.229000091552734 -9.425000190734863 62.8129997253418
-12.866000175476074 -5.039999961853027 70.44300079345703
-7.124000072479248 -5.408999919891357 84.37100219726562
-12.064000129699707 -8.795000076293945 84.02300262451172
-15.961000442504883 -6.800000190734863 79.03199768066406
-12.392000198364258 -16.378999710083008 77.8759994506836
5.822000026702881 -12.506999969482422 86.58999633789062
3.867000102996826 -13.437000274658203 81.24700164794922
-11.463000297546387 -22.731000900268555 76.18800354003906
-14.916999816894531 -20.92300033569336 64.49500274658203
-10.657999992370605 -17.038999557495117 64.7229995727539
-9.156000137329102 -13.527999877929688 64.90399932861328
2.8359999656677246 4.9079999923706055 84.08799743652344
3.3310000896453857 5.284999847412109 77.03800201416016
2.061000108718872 -6.599999904632568 71.48600006103516
-1.2979999780654907 -13.28499984741211 67.64600372314453
-7.994999885559082 -26.260000228881836 62.57899856567383
-14.145999908447266 -25.856000900268555 50.19300079345703
-14.006999969482422 -25.32200050354004 46.417999267578125
-17.583999633789062 -20.39299964904785 43.75299835205078
-18.684999465942383 -9.281999588012695 30.8439998626709
-22.777000427246094 -1.4839999675750732 27.545000076293945
-19.309999465942383 2.953000068664551 24.628999710083008
-13.142999649047852 -0.032999999821186066 27.357999801635742
-7.738999843597412 -23.104000091552734 52.3380012512207
-4.478000164031982 -19.594999313354492 41.04399871826172
-10.875 -18.62299919128418 22.479999542236328
-5.51800012588501 -19.55900001525879 23.989999771118164
-4.354000091552734 -14.579000473022461 27.797000885009766
-4.866000175476074 -9.300000190734863 34.09199905395508
-6.142000198364258 -9.746000289916992 44.37699890136719
-8.92300033569336 -12.196000099182129 51.965999603271484
-14.593000411987305 -13.510000228881836 54.742000579833984
-11.696999549865723 -16.819000244140625 51.564998626708984
-13.626999855041504 -2.4609999656677246 23.277999877929688
-12.197999954223633 -9.777999877929688 18.47100067138672
-13.32699966430664 -15.545000076293945 27.124000549316406
-6.177999973297119 -27.7549991607666 45.66600036621094
-9.083000183105469 -28.982999801635742 40.98099899291992
-18.972999572753906 -14.168999671936035 25.110000610351562
-19.299999237060547 -10.789999961853027 23.285999298095703