-2.624000072479248 21.729999542236328 10.859999656677246
2.822000026702881 23.847000122070312 7.702000141143799
7.919000148773193 26.20800018310547 -0.5860000252723694
7.415999889373779 21.156999588012695 1.3899999856948853
3.88100004196167 16.959999084472656 12.949999809265137
3.7660000324249268 13.29699993133545 7.289000034332275
5.718999862670898 18.472000122070312 -4.322000026702881
5.160999774932861 13.088000297546387 -2.746000051498413
9.336999893188477 11.911999702453613 1.99399995803833
11.83899974822998 9.470000267028809 12.904000282287598
11.220000267028809 24.215999603271484 8.711000442504883
21.187999725341797 27.979000091552734 10.23799991607666
25.386999130249023 20.718000411987305 14.791000366210938
18.8799991607666 16.33799934387207 24.198999404907227
25.284000396728516 11.458000183105469 14.298999786376953
12.017999649047852 13.767999649047852 -4.7829999923706055
19.07699966430664 21.659000396728516 2.5399999618530273
30.285999298095703 26.3439998626709 7.933000087738037
25.320999145507812 24.211999893188477 10.621000289916992
15.270999908447266 26.83799934387207 2.305999994277954
12.15999984741211 26.516000747680664 0.1469999998807907