-33.00600051879883 19.98699951171875 25.944000244140625
-31.822999954223633 23.621999740600586 26.218000411987305
-17.874000549316406 23.386999130249023 18.68899917602539
-9.390000343322754 24.95599937438965 22.809999465942383
-15.704000473022461 36.71200180053711 35.33599853515625
-13.583999633789062 28.69700050354004 38.7140007019043
-16.461999893188477 20.670000076293945 33.54999923706055
-18.97800064086914 20.268999099731445 27.60300064086914
-31.530000686645508 29.073999404907227 34.935001373291016
-32.29600143432617 28.27899932861328 31.260000228881836
-14.869999885559082 35.75899887084961 21.843000411987305
-20.033000946044922 34.91699981689453 15.416999816894531
-31.898000717163086 28.562000274658203 17.687000274658203
-39.007999420166016 30.420000076293945 26.836000442504883