10.416000366210938 -6.21999979019165 3.6070001125335693
10.420999526977539 -7.086999893188477 -0.08399999886751175
8.902000427246094 -18.31599998474121 -7.136000156402588
5.896999835968018 -11.807000160217285 -8.065999984741211
3.622999906539917 -4.550000190734863 2.938999891281128
0.5040000081062317 -6.263999938964844 -1.3179999589920044
1.6369999647140503 -14.701000213623047 -20.851999282836914
3.0899999141693115 -20.194000244140625 -21.742000579833984
3.058000087738037 -23.445999145507812 -19.767000198364258
3.937000036239624 -21.43899917602539 -25.826000213623047
0.24400000274181366 -22.297000885009766 -25.79400062561035
-7.730000019073486 -17.023000717163086 -27.23200035095215
2.4600000381469727 -15.527999877929688 -2.490999937057495
-7.784999847412109 -14.744000434875488 -7.058000087738037
-6.896999835968018 -9.428999900817871 -6.185999870300293
-2.319000005722046 -7.616000175476074 -28.982999801635742
-8.788999557495117 -5.822000026702881 -29.142000198364258
-14.161999702453613 -13.46500015258789 -11.555999755859375
-10.970999717712402 -3.134999990463257 -10.529999732971191
-1.0729999542236328 -2.8550000190734863 -27.476999282836914
6.876999855041504 -10.258000373840332 -25.37700080871582
2.0269999504089355 -13.515999794006348 -27.611000061035156
-2.2219998836517334 -11.432000160217285 -24.270999908447266
-2.009999990463257 -11.352999687194824 1.222000002861023
-4.669000148773193 -13.680000305175781 2.742000102996826