7.327000141143799 26.031999588012695 64.85099792480469
11.574000358581543 25.5 59.72200012207031
17.9950008392334 24.44099998474121 52.63800048828125
18.70800018310547 29.81599998474121 57.90800094604492
6.520999908447266 32.92499923706055 62.07699966430664
10.942000389099121 36.005001068115234 60.44900131225586
31.06999969482422 34.09000015258789 52.62699890136719
32.130001068115234 30.393999099731445 48.547000885009766
31.090999603271484 29.014999389648438 45.16600036621094
36.12200164794922 30.999000549316406 47.308998107910156
35.231998443603516 32.525001525878906 43.95800018310547
36.84199905395508 42.250999450683594 46.24399948120117
12.89900016784668 30.812999725341797 52.56399917602539
16.80900001525879 40.0629997253418 49.37300109863281
15.942000389099121 41.571998596191406 54.46500015258789
38.73699951171875 42.43199920654297 56.82500076293945
36.96200180053711 48.847999572753906 55.5099983215332
18.77899932861328 45.9010009765625 46.81800079345703
19.18899917602539 48.6150016784668 58.29999923706055
37.09700012207031 42.6870002746582 61.777000427246094
39.57400131225586 37.40800094604492 60.064998626708984
36.790000915527344 35.441001892089844 58.4109992980957
36.180999755859375 31.801000595092773 57.494998931884766
37.262001037597656 35.630001068115234 53.029998779296875
33.63199996948242 39.78200149536133 53.400001525878906
8.401000022888184 38.25600051879883 54.762001037597656