2.934999942779541 55.71200180053711 37.35499954223633
-1.8350000381469727 54.95600128173828 39.972999572753906
-5.644000053405762 53.66899871826172 34.28200149536133
-6.451000213623047 50.26900100708008 32.777000427246094
-8.789999961853027 49.86399841308594 29.808000564575195
-10.822999954223633 52.55699920654297 34.25199890136719
-8.9350004196167 54.78099822998047 36.7140007019043
-10.871999740600586 56.066001892089844 42.56100082397461
-11.022000312805176 59.16600036621094 48.516998291015625
-1.6779999732971191 58.290000915527344 50.50299835205078
3.5880000591278076 55.9109992980957 47.86399841308594
1.6119999885559082 50.15399932861328 41.90599822998047
-11.79699993133545 55.09299850463867 50.854000091552734
-2.677000045776367 54.474998474121094 52.86199951171875
2.9100000858306885 51.90800094604492 51.452999114990234
0.7350000143051147 46.17399978637695 44.486000061035156
-12.812999725341797 51.02199935913086 52.92599868774414
-3.5329999923706055 50.63999938964844 55.46900177001953
1.5959999561309814 48.018001556396484 54.13100051879883
0.16099999845027924 42.2140007019043 47.03300094604492
-8.295999526977539 38.928001403808594 42.34600067138672
-9.440999984741211 35.92599868774414 40.3120002746582
-10.892999649047852 36.21500015258789 36.82600021362305
-13.543000221252441 36.6619987487793 42.99399948120117
-13.324999809265137 40.415000915527344 43.62900161743164
-11.381999969482422 41.74599838256836 46.61800003051758
-13.515000343322754 47.167999267578125 55.027000427246094
-8.218999862670898 47.415000915527344 58.54899978637695
0.5699999928474426 44.0880012512207 57.492000579833984
-0.9470000267028809 38.38800048828125 50.30400085449219
-10.092000007629395 37.43600082397461 45.95500183105469
-13.538000106811523 39.61899948120117 51.78499984741211
-14.645999908447266 43.1349983215332 57.340999603271484
-9.345999717712402 43.73899841308594 61.395999908447266
-0.6110000014305115 40.060001373291016 60.22999954223633
-2.0869998931884766 35.11399841308594 53.22999954223633
-7.0879998207092285 33.12799835205078 49.805999755859375
-14.170999526977539 35.90399932861328 54.59199905395508
-15.51099967956543 39.01900100708008 59.84199905395508
-6.90500020980835 39.090999603271484 64.19200134277344
-1.5540000200271606 36.32500076293945 63.15700149536133
-2.622999906539917 31.23200035095215 55.87699890136719
-7.676000118255615 28.774999618530273 53.32600021362305
-15.001999855041504 32.17300033569336 57.263999938964844
-15.468999862670898 34.25600051879883 63.257999420166016
-11.196999549865723 35.70600128173828 67.59300231933594
-1.0609999895095825 28.97100067138672 61.777000427246094
-7.015999794006348 27.886999130249023 63.2400016784668
-9.305000305175781 38.810001373291016 71.23100280761719
-10.319000244140625 44.183998107910156 75.18599700927734
7.007999897003174 64.77400207519531 52.79399871826172
4.449999809265137 62.64799880981445 43.939998626708984