50.07600021362305 1.906999945640564 5.186999797821045
43.05500030517578 3.0 17.406999588012695
30.290000915527344 5.164999961853027 7.0329999923706055
26.958999633789062 4.593999862670898 11.809000015258789
23.861000061035156 -3.614000082015991 20.80699920654297
15.484999656677246 -10.54800033569336 25.639999389648438
14.519000053405762 -11.375 20.3700008392334
10.557999610900879 -16.41200065612793 20.340999603271484
13.656000137329102 -21.049999237060547 22.3799991607666
19.714000701904297 -15.668999671936035 28.79599952697754
29.790000915527344 -5.513000011444092 10.029000282287598
31.86199951171875 0.3840000033378601 15.230999946594238
26.547000885009766 -2.2139999866485596 29.591999053955078
20.375999450683594 -5.906000137329102 34.21799850463867
23.18199920654297 -10.3149995803833 36.176998138427734
35.933998107910156 -10.454000473022461 13.401000022888184
33.694000244140625 -1.8509999513626099 20.033000946044922
33.11000061035156 8.192999839782715 37.17599868774414
42.887001037597656 7.085999965667725 41.04100036621094
41.70000076293945 -6.019000053405762 29.325000762939453
40.29199981689453 -9.454000473022461 29.972000122070312
37.90700149536133 -5.697000026702881 26.889999389648438
36.96500015258789 2.6410000324249268 23.570999145507812
32.0260009765625 10.876999855041504 33.09299850463867
42.00199890136719 12.480999946594238 37.94499969482422
40.60599899291992 10.734999656677246 33.125
44.37099838256836 10.70199966430664 33.81800079345703
50.0989990234375 2.8480000495910645 24.06599998474121
40.42300033569336 5.4629998207092285 23.27400016784668
23.951000213623047 15.795000076293945 25.716999053955078
16.172000885009766 17.597999572753906 29.128999710083008
20.083999633789062 21.32900047302246 35.01599884033203
26.957000732421875 29.724000930786133 33.167999267578125
32.55400085449219 32.88999938964844 33.375
29.94700050354004 30.429000854492188 28.905000686645508
29.934999465942383 24.788999557495117 32.20600128173828
30.45400047302246 22.003000259399414 29.687000274658203
47.10499954223633 13.151000022888184 17.700000762939453
43.31100082397461 12.069999694824219 18.743999481201172
24.191999435424805 15.14799976348877 21.347000122070312
22.018999099731445 24.29800033569336 14.807999610900879
36.82699966430664 20.67099952697754 19.059999465942383
35.9630012512207 12.322999954223633 17.48200035095215
24.34000015258789 9.032999992370605 21.400999069213867
14.07699966430664 16.788000106811523 9.916999816894531
26.55699920654297 19.20400047302246 11.293999671936035
33.51100158691406 16.844999313354492 9.288000106811523
33.542999267578125 15.420000076293945 5.683000087738037
33.93299865722656 11.62399959564209 9.404999732971191
35.13399887084961 12.781999588012695 12.842000007629395
32.069000244140625 11.3149995803833 14.52299976348877
20.14900016784668 1.1480000019073486 19.007999420166016
16.44099998474121 0.29600000381469727 19.145000457763672
13.803000450134277 -3.9240000247955322 16.606000900268555
13.411999702453613 -3.2920000553131104 12.843000411987305
7.947999954223633 -7.0229997634887695 8.793000221252441
11.112000465393066 -10.444000244140625 10.303000450134277
15.605999946594238 -12.00100040435791 9.092000007629395
16.652000427246094 -10.140000343322754 12.277999877929688
21.243999481201172 13.33899974822998 2.3570001125335693
24.433000564575195 20.378000259399414 0.07699999958276749