2.078000068664551 27.361000061035156 5.956999778747559
8.77299976348877 23.475000381469727 14.02299976348877
-5.473999977111816 11.607999801635742 2.015000104904175
-6.468999862670898 16.625999450683594 5.171000003814697
12.331999778747559 18.812000274658203 14.105999946594238
7.383999824523926 10.960000038146973 11.689000129699707
-10.774999618530273 9.010000228881836 12.911999702453613
0.3919999897480011 4.164000034332275 4.261000156402588
9.04699993133545 11.876999855041504 -2.0829999446868896
8.685999870300293 6.3979997634887695 -0.7200000286102295
7.485000133514404 6.367000102996826 5.651000022888184
12.312999725341797 14.98799991607666 8.937000274658203
15.413999557495117 16.163000106811523 3.6740000247955322
3.4670000076293945 17.381000518798828 1.7489999532699585
-5.738999843597412 3.9149999618530273 1.690000057220459