22.670000076293945 12.003999710083008 2.1480000019073486
18.621999740600586 0.42899999022483826 9.178000450134277
16.964000701904297 -2.890000104904175 9.98799991607666
17.424999237060547 -3.7300000190734863 13.708000183105469
18.784000396728516 -9.40999984741211 13.607999801635742
18.115999221801758 -15.979999542236328 8.170999526977539
20.500999450683594 -13.939000129699707 5.9730000495910645
14.717000007629395 0.21199999749660492 0.05400000140070915
21.988000869750977 -4.10699987411499 -2.7330000400543213
30.30500030517578 -11.777999877929688 10.819000244140625
24.90399932861328 -1.0049999952316284 -0.13699999451637268
26.864999771118164 -16.097999572753906 12.206999778747559
21.59600067138672 -15.944999694824219 10.843000411987305
23.89900016784668 -11.04699993133545 14.015999794006348
22.518999099731445 -0.574999988079071 7.7870001792907715
26.798999786376953 2.0439999103546143 4.440000057220459