-10.315999984741211 29.440000534057617 -6.336999893188477
-13.633000373840332 17.694000244140625 -9.178999900817871
-24.139999389648438 14.550999641418457 -20.899999618530273
-10.668000221252441 -1.746999979019165 -16.98699951171875
-10.760000228881836 -3.265000104904175 -13.493000030517578
-5.381999969482422 -0.9629999995231628 -5.236999988555908
-9.621000289916992 19.933000564575195 -5.105000019073486
-21.363000869750977 17.048999786376953 1.8270000219345093
-22.26099967956543 13.430000305175781 0.9660000205039978
-26.174999237060547 9.13599967956543 -2.6440000534057617
-12.98799991607666 3.546999931335449 -17.468000411987305
-13.510000228881836 2.134999990463257 -14.01099967956543
-16.900999069213867 0.44999998807907104 -13.76099967956543
-18.249000549316406 2.2820000648498535 2.494999885559082
-18.89900016784668 0.5130000114440918 5.735000133514404
-17.663000106811523 5.138999938964844 7.117000102996826
-14.503000259399414 3.437999963760376 5.823999881744385
-13.842000007629395 2.490000009536743 2.194999933242798
-14.319000244140625 -1.100000023841858 1.2319999933242798
-11.343999862670898 8.906999588012695 1.2660000324249268
-22.117000579833984 18.618000030517578 13.638999938964844
-24.66900062561035 14.659000396728516 7.775000095367432
-6.888999938964844 10.210000038146973 4.998000144958496
-3.3440001010894775 9.184000015258789 4.070000171661377
-1.6920000314712524 1.3179999589920044 4.684000015258789
-9.859000205993652 -0.26600000262260437 8.175000190734863
-12.642000198364258 -3.5309998989105225 11.687000274658203
-16.516000747680664 -9.916999816894531 5.0970001220703125