20.249000549316406 4.849999904632568 12.586999893188477
20.152000427246094 6.7270002365112305 15.940999984741211
38.972999572753906 7.573999881744385 24.718000411987305
37.70399856567383 9.151000022888184 27.996999740600586
16.0049991607666 13.343999862670898 17.93400001525879
9.092000007629395 11.086999893188477 22.075000762939453
26.62700080871582 -2.7269999980926514 31.448999404907227
29.57900047302246 5.010000228881836 35.87900161743164
19.35700035095215 18.639999389648438 24.190000534057617
15.73799991607666 13.593999862670898 29.035999298095703
12.435999870300293 -1.8140000104904175 41.974998474121094
17.15999984741211 -4.400000095367432 44.0099983215332
21.784000396728516 -8.232999801635742 45.5620002746582
28.895000457763672 -12.741999626159668 41.73099899291992
22.89699935913086 15.317999839782715 37.750999450683594
18.363000869750977 19.968000411987305 38.52399826049805
15.093000411987305 23.479000091552734 42.01900100708008
20.57200050354004 23.948999404907227 41.61600112915039
20.05699920654297 17.06599998474121 43.380001068115234
15.402000427246094 13.227999687194824 45.38199996948242
23.559999465942383 -9.678999900817871 51.44200134277344
32.56700134277344 -9.395999908447266 49.696998596191406
16.399999618530273 17.481000900268555 56.98500061035156
19.952999114990234 7.593999862670898 58.01599884033203
29.197999954223633 -11.47599983215332 58.53200149536133
38.974998474121094 -9.39900016784668 56.939998626708984
31.011999130249023 9.329000473022461 58.959999084472656