21.636999130249023 30.535999298095703 12.175000190734863
17.18899917602539 34.89400100708008 3.4079999923706055
13.42300033569336 39.61000061035156 0.004999999888241291
6.665999889373779 41.15700149536133 -6.848999977111816
8.142999649047852 42.39799880981445 -22.332000732421875
14.732999801635742 42.93600082397461 -14.65999984741211
23.090999603271484 38.875 6.456999778747559
32.56100082397461 33.32600021362305 1.9010000228881836
28.094999313354492 30.624000549316406 -0.3799999952316284
8.161999702453613 26.95599937438965 -9.611000061035156
22.17799949645996 35.28799819946289 -14.777000427246094
25.72800064086914 38.27299880981445 -10.59000015258789
28.079999923706055 36.37099838256836 -8.345999717712402
25.07699966430664 39.617000579833984 0.9929999709129333
23.020000457763672 39.82500076293945 -2.1610000133514404
18.444000244140625 41.430999755859375 -19.78700065612793
6.324999809265137 36.46799850463867 -21.47599983215332
6.3429999351501465 35.19300079345703 -15.848999977111816
5.683000087738037 33.09700012207031 -12.76200008392334
27.700000762939453 26.0310001373291 4.0279998779296875
22.465999603271484 25.82900047302246 5.9710001945495605
-0.08900000154972076 45.569000244140625 -23.142000198364258
-6.13700008392334 46.87799835205078 -31.429000854492188
-26.049999237060547 42.31999969482422 -47.12900161743164
-26.45599937438965 45.49800109863281 -39.8489990234375
-2.0429999828338623 37.90800094604492 -19.591999053955078
-11.58899974822998 40.27899932861328 -21.447999954223633
-19.53499984741211 50.34600067138672 -24.60300064086914
-18.607999801635742 36.95000076293945 -28.86199951171875
0.6710000038146973 32.36000061035156 -29.766000747680664
-2.9570000171661377 35.72700119018555 -26.156999588012695
-27.68400001525879 47.79800033569336 -36.678001403808594
-18.53499984741211 51.95100021362305 -31.16699981689453
-6.955999851226807 42.391998291015625 -14.979999542236328
-5.4029998779296875 46.819000244140625 -14.048999786376953
-5.0980000495910645 48.071998596191406 -17.610000610351562
-16.81999969482422 54.53300094604492 -36.83700180053711
-18.875999450683594 55.34600067138672 -41.71900177001953