29.284000396728516 -1.6770000457763672 -0.01600000075995922
27.885000228881836 -6.690000057220459 4.323999881744385
24.489999771118164 -13.02400016784668 -2.7730000019073486
30.225000381469727 -25.60099983215332 -7.776000022888184
17.753999710083008 3.365999937057495 -17.288000106811523
14.300999641418457 1.4529999494552612 -8.866999626159668
9.699999809265137 -8.944000244140625 -7.183000087738037
8.916999816894531 -14.286999702453613 -14.335000038146973
10.90999984741211 -10.390000343322754 -18.632999420166016
9.935999870300293 -18.746999740600586 -19.450000762939453
-0.34299999475479126 -21.459999084472656 -5.442999839782715
6.960000038146973 -22.45400047302246 -4.7220001220703125
11.055999755859375 -22.510000228881836 -23.618000030517578
9.413000106811523 -27.593000411987305 -16.316999435424805
11.204000473022461 -5.400000095367432 -0.04500000178813934
16.739999771118164 -8.611000061035156 -2.8350000381469727
14.013999938964844 -31.198999404907227 -16.424999237060547
20.38800048828125 -20.68899917602539 -6.603000164031982
25.145999908447266 10.975000381469727 -16.701000213623047
20.18400001525879 10.40999984741211 -14.701000213623047
28.792999267578125 -28.576000213623047 -12.234999656677246
33.31100082397461 -25.812999725341797 -14.89799976348877
4.888000011444092 6.323999881744385 -18.267000198364258
4.110000133514404 9.97700023651123 -22.711000442504883