46.176998138427734 21.351999282836914 24.968000411987305
48.433998107910156 18.645999908447266 33.23899841308594
48.78799819946289 14.942999839782715 32.191001892089844
25.926000595092773 20.827999114990234 9.657999992370605
17.47800064086914 6.2129998207092285 28.836000442504883
39.45899963378906 22.29800033569336 52.42100143432617
38.40399932861328 29.95400047302246 50.07899856567383
8.989999771118164 11.803000450134277 19.55299949645996
14.656000137329102 18.590999603271484 16.98200035095215
64.33000183105469 37.57400131225586 54.832000732421875
68.84600067138672 35.30099868774414 57.45199966430664
71.45600128173828 35.87200164794922 62.459999084472656
76.33599853515625 30.836000442504883 66.8280029296875
64.01799774169922 25.32200050354004 60.82899856567383
66.16200256347656 22.45199966430664 56.24800109863281
56.22100067138672 15.357999801635742 36.430999755859375
53.09199905395508 19.115999221801758 33.45800018310547
52.44300079345703 18.757999420166016 29.701000213623047
58.10200119018555 20.572999954223633 28.666000366210938
85.38300323486328 42.48500061035156 64.79000091552734
82.30000305175781 42.255001068115234 57.7760009765625
51.417999267578125 29.5939998626709 34.12300109863281