-5.364999771118164 7.498000144958496 29.68400001525879
-0.38100001215934753 9.15999984741211 18.472999572753906
16.261999130249023 5.690999984741211 21.905000686645508
17.239999771118164 2.444000005722046 20.12700080871582
15.64799976348877 -3.809999942779541 21.469999313354492
10.074000358581543 -9.352999687194824 15.194000244140625
-2.2060000896453857 11.473999977111816 1.8380000591278076
7.934999942779541 9.288999557495117 2.6440000534057617
19.707000732421875 2.055000066757202 11.310999870300293
18.591999053955078 -1.093999981880188 8.845000267028809
3.680000066757202 6.025000095367432 -4.507999897003174
2.0360000133514404 1.812999963760376 -1.215999960899353
20.93000030517578 -7.4770002365112305 7.23199987411499
18.062999725341797 -5.577000141143799 0.8740000128746033
-2.869999885559082 3.4070000648498535 1.4170000553131104
-4.991000175476074 1.8220000267028809 8.03600025177002
15.675000190734863 -13.64799976348877 10.055999755859375
12.045999526977539 -13.803000450134277 5.73799991607666
-5.872000217437744 -3.8380000591278076 7.340000152587891
2.6619999408721924 -10.468999862670898 1.0410000085830688
16.570999145507812 -10.723999977111816 1.7430000305175781
14.189000129699707 4.8379998207092285 15.968000411987305
7.369999885559082 10.131999969482422 10.597000122070312
15.8100004196167 11.920000076293945 5.679999828338623
18.434999465942383 6.622000217437744 4.894000053405762
-0.22100000083446503 12.782999992370605 8.753000259399414
9.928999900817871 -11.744000434875488 20.725000381469727
14.343999862670898 14.270999908447266 19.868999481201172
-2.6019999980926514 13.123000144958496 17.21500015258789
-8.081000328063965 9.857999801635742 16.865999221801758