9.807000160217285 30.155000686645508 3.2850000858306885
13.364999771118164 31.073999404907227 4.363999843597412
14.607000350952148 31.496000289916992 15.152999877929688
14.704999923706055 32.65800094604492 18.801000595092773
17.413999557495117 34.07099914550781 21.08099937438965
13.54699993133545 36.638999938964844 17.795000076293945
17.231000900268555 35.9739990234375 16.988000869750977
35.00699996948242 55.84299850463867 21.836999893188477
38.75899887084961 59.891998291015625 18.354999542236328
40.04600143432617 51.51599884033203 4.484000205993652
34.97999954223633 56.73500061035156 9.593000411987305
25.648000717163086 41.95399856567383 15.131999969482422
24.305999755859375 33.85900115966797 14.04800033569336
20.26099967956543 29.868000030517578 13.493000030517578
17.908000946044922 23.381000518798828 14.675999641418457
15.892999649047852 25.9950008392334 18.52899932861328
26.7549991607666 28.163000106811523 19.288000106811523
29.825000762939453 39.03300094604492 0.6000000238418579
39.69499969482422 34.547000885009766 2.444000005722046
33.08300018310547 36.36199951171875 16.458999633789062
38.99399948120117 20.017000198364258 14.8149995803833
19.625 19.826000213623047 8.781999588012695
16.32900047302246 25.937999725341797 4.10699987411499
23.7549991607666 50.553001403808594 5.939000129699707
45.5629997253418 41.34299850463867 13.586999893188477
21.790000915527344 39.97800064086914 26.21299934387207
13.11299991607666 48.91299819946289 15.406000137329102
26.990999221801758 54.720001220703125 36.900001525878906
37.60499954223633 51.42599868774414 36.167999267578125
43.625999450683594 46.7599983215332 21.47100067138672
39.65399932861328 50.75899887084961 22.531999588012695
32.21500015258789 46.316001892089844 35.77899932861328