-53.57500076293945 -14.197999954223633 22.979000091552734
-55.7760009765625 -11.737000465393066 21.110000610351562
-68.98500061035156 -5.921000003814697 8.359000205993652
-67.96800231933594 -8.536999702453613 -5.940000057220459
-66.4729995727539 -11.0 -8.458000183105469
-66.54100036621094 -12.954999923706055 -3.3570001125335693
-68.51699829101562 -12.35200023651123 -0.17399999499320984
-67.96700286865234 -9.081000328063965 1.7089999914169312
-46.15299987792969 -5.927999973297119 8.520999908447266
-50.41400146484375 -15.63599967956543 7.691999912261963
-61.40700149536133 -21.479000091552734 5.065999984741211
-62.215999603271484 -26.204999923706055 -0.36500000953674316
-55.39799880981445 -12.54699993133545 -3.4489998817443848
-49.60200119018555 -16.927000045776367 -1.3600000143051147
-51.81999969482422 -25.381000518798828 1.7649999856948853
-49.75699996948242 -16.329999923706055 3.1489999294281006
-59.4630012512207 -25.770000457763672 4.507999897003174
-51.61399841308594 -14.812999725341797 12.579999923706055
-63.52899932861328 -18.055999755859375 7.915999889373779
-59.43299865722656 -25.985000610351562 18.075000762939453
-51.994998931884766 -18.66200065612793 17.533000946044922
-53.268001556396484 -13.37399959564209 17.084999084472656
-70.95800018310547 -10.857999801635742 8.87399959564209
-78.71399688720703 -11.524999618530273 10.305000305175781
-60.111000061035156 -20.631000518798828 25.33300018310547
-58.5359992980957 -11.36299991607666 24.923999786376953
-64.02899932861328 -1.8040000200271606 11.993000030517578
-60.07600021362305 1.00600004196167 7.605000019073486