26.60099983215332 144.67799377441406 90.58300018310547
29.4950008392334 142.36000061035156 96.10900115966797
35.30699920654297 138.85899353027344 102.7239990234375
36.83300018310547 143.83999633789062 100.49099731445312
32.53099822998047 145.23599243164062 91.38099670410156
40.89400100708008 142.4929962158203 92.5469970703125
51.426998138427734 127.49400329589844 87.59100341796875
55.37200164794922 123.31400299072266 101.3489990234375
50.16600036621094 148.40199279785156 95.43599700927734
44.27399826049805 139.78599548339844 96.50399780273438
45.507999420166016 126.98699951171875 95.19499969482422
44.30099868774414 116.12300109863281 102.04100036621094
45.5099983215332 135.343994140625 106.49600219726562
41.858001708984375 131.18899536132812 99.22000122070312
36.29199981689453 122.38899993896484 92.16999816894531
30.04199981689453 117.73699951171875 93.6760025024414
37.483001708984375 121.74500274658203 100.30000305175781
35.8849983215332 131.1020050048828 97.16600036621094
33.946998596191406 126.23200225830078 88.4219970703125
34.141998291015625 126.48899841308594 82.1709976196289
28.670000076293945 126.04100036621094 83.33499908447266
22.993000030517578 122.39399719238281 86.76699829101562
27.91200065612793 125.52300262451172 99.49800109863281
31.530000686645508 131.16799926757812 93.45999908447266
31.70400047302246 130.8459930419922 81.0979995727539
28.118999481201172 136.31100463867188 76.24800109863281
18.85700035095215 127.35299682617188 100.37100219726562
28.410999298095703 134.99600219726562 92.25499725341797
38.01300048828125 132.54299926757812 79.83599853515625
35.47100067138672 131.37100219726562 73.30799865722656
37.82600021362305 130.0760040283203 67.53700256347656
40.46699905395508 130.572998046875 72.06300354003906
38.992000579833984 136.8280029296875 73.99099731445312
32.62699890136719 142.81100463867188 73.94300079345703
24.490999221801758 142.16600036621094 87.68299865722656
32.89099884033203 140.1929931640625 85.85299682617188
44.05099868774414 135.9759979248047 81.38700103759766
49.73400115966797 137.13800048828125 75.46600341796875
36.41299819946289 147.39199829101562 82.55400085449219
38.58700180053711 141.13099670410156 88.70099639892578
57.757999420166016 131.13600158691406 90.8270034790039
52.08100128173828 132.5659942626953 83.4739990234375
56.8489990234375 136.2050018310547 89.74099731445312
34.59299850463867 158.41700744628906 84.82599639892578
31.180999755859375 155.78900146484375 77.62899780273438
26.014999389648438 156.9239959716797 77.96800231933594