20.785999298095703 81.55799865722656 -28.097999572753906
16.917999267578125 72.51599884033203 -18.201000213623047
13.175999641418457 71.98400115966797 -18.409000396728516
11.876999855041504 70.60399627685547 -15.173999786376953
8.979999542236328 68.26899719238281 -14.305000305175781
15.22599983215332 67.86399841308594 -14.994999885559082
13.41100025177002 66.3290023803711 -18.02899932861328
6.011000156402588 62.28499984741211 -19.344999313354492
-2.4839999675750732 71.072998046875 -16.851999282836914
-11.373000144958496 70.3499984741211 -11.944000244140625
-7.581999778747559 70.31700134277344 -15.87600040435791
-2.868000030517578 65.96600341796875 -23.45800018310547
-9.218000411987305 60.24700164794922 -33.388999938964844
-5.25600004196167 64.04100036621094 -33.345001220703125
-9.180999755859375 66.08300018310547 -21.95199966430664
5.172999858856201 61.51599884033203 -24.604999542236328
17.92099952697754 67.66899871826172 -32.62900161743164
16.559999465942383 72.39700317382812 -22.316999435424805
14.309000015258789 75.40799713134766 -22.820999145507812
12.895000457763672 68.93499755859375 -30.547000885009766
5.531000137329102 57.051998138427734 -26.06100082397461
3.691999912261963 48.63199996948242 -37.0890007019043
4.960000038146973 61.40399932861328 -33.91999816894531
-10.897000312805176 76.18399810791016 -42.78300094604492
-5.729000091552734 77.52100372314453 -37.97100067138672
1.9129999876022339 61.15299987792969 -38.65599822998047
8.829000473022461 72.26100158691406 -31.38800048828125
5.140999794006348 80.43399810791016 -19.724000930786133
5.635000228881836 75.95500183105469 -19.80299949645996
9.258999824523926 76.36699676513672 -35.04999923706055
4.160999774932861 79.89199829101562 -33.06800079345703
-16.7450008392334 69.19300079345703 -31.993000030517578
-13.237000465393066 68.68699645996094 -27.61199951171875
-1.7569999694824219 83.74199676513672 -31.715999603271484
1.4950000047683716 72.87799835205078 -19.222000122070312
5.3420000076293945 58.231998443603516 -16.111000061035156
5.150000095367432 55.62200164794922 -13.175999641418457