32.34199905395508 -8.631999969482422 11.701000213623047
24.055999755859375 -4.486999988555908 6.867000102996826
-3.7669999599456787 -2.3459999561309814 -5.804999828338623
-4.383999824523926 2.6619999408721924 -1.4609999656677246
25.878999710083008 -0.039000000804662704 5.111999988555908
25.327999114990234 5.214000225067139 -1.4110000133514404
22.51099967956543 6.995999813079834 0.43299999833106995
11.97700023651123 -6.144999980926514 -0.41200000047683716
13.197999954223633 -3.61899995803833 -11.125
9.45300006866455 5.014999866485596 -7.27400016784668
9.395000457763672 8.269000053405762 -5.3379998207092285
9.369999885559082 9.965999603271484 13.949000358581543
10.996999740600586 15.357000350952148 3.4600000381469727
12.793999671936035 14.54800033569336 0.210999995470047
16.025999069213867 12.619000434875488 0.7559999823570251
19.36400032043457 14.897000312805176 4.5370001792907715
26.518999099731445 6.188000202178955 2.615000009536743
23.48699951171875 4.5960001945495605 4.230999946594238
23.54599952697754 4.307000160217285 11.609000205993652
13.180999755859375 6.882999897003174 10.684000015258789
5.379000186920166 3.312999963760376 -6.239999771118164
4.434000015258789 4.373000144958496 -9.758999824523926