9.428999900817871 25.525999069213867 27.410999298095703
13.352999687194824 24.107999801635742 22.71500015258789
21.430999755859375 15.392999649047852 19.350000381469727
25.631999969482422 14.093999862670898 29.108999252319336
20.016000747680664 32.41699981689453 24.635000228881836
16.797000885009766 28.57699966430664 21.187000274658203
30.378999710083008 27.572999954223633 9.553000450134277
26.485000610351562 15.39799976348877 24.604999542236328
13.32699966430664 29.344999313354492 24.358999252319336
7.564000129699707 35.849998474121094 25.94700050354004
10.788999557495117 43.53799819946289 29.61400032043457
11.303999900817871 46.83300018310547 31.4950008392334
9.340999603271484 49.86800003051758 28.268999099731445
7.0 41.7599983215332 25.10700035095215
13.630000114440918 37.17499923706055 28.16200065612793
15.116999626159668 38.608001708984375 41.98899841308594
15.987000465393066 10.47700023651123 31.472000122070312
23.29400062561035 16.08300018310547 37.45000076293945
24.7189998626709 18.33099937438965 32.965999603271484
24.57200050354004 37.465999603271484 27.878000259399414
21.24799919128418 37.29199981689453 29.808000564575195
22.23200035095215 23.20199966430664 41.49800109863281
30.26099967956543 23.29599952697754 35.27399826049805
29.347999572753906 38.20899963378906 27.586999893188477
21.76099967956543 36.608001708984375 45.57600021362305
28.11199951171875 27.554000854492188 51.0
32.957000732421875 28.722999572753906 35.70000076293945
36.93000030517578 43.74599838256836 25.639999389648438
34.159000396728516 44.28499984741211 30.29400062561035
33.97200012207031 33.38199996948242 47.09400177001953
37.130001068115234 30.003000259399414 37.10499954223633
40.40700149536133 42.11000061035156 22.268999099731445
34.76100158691406 31.45199966430664 16.365999221801758
31.975000381469727 16.072999954223633 30.20800018310547
34.402000427246094 13.406999588012695 29.131000518798828