5.645999908447266 -8.088000297546387 -8.77400016784668
4.209000110626221 -9.616000175476074 -3.4040000438690186
5.1020002365112305 -1.4479999542236328 7.2769999504089355
-2.381999969482422 3.4119999408721924 11.38599967956543
-3.303999900817871 7.11899995803833 11.156999588012695
-1.1080000400543213 9.704000473022461 12.876999855041504
-0.22699999809265137 10.472999572753906 34.79399871826172
0.25200000405311584 14.60200023651123 29.214000701904297
18.31599998474121 0.8849999904632568 13.305999755859375
20.365999221801758 -6.734000205993652 16.47599983215332
16.94300079345703 -6.9120001792907715 17.899999618530273
10.751999855041504 -2.9579999446868896 21.666000366210938
9.164999961853027 12.583000183105469 39.29199981689453
2.7100000381469727 0.41499999165534973 30.73900032043457
-5.984000205993652 3.377000093460083 17.03700065612793
-6.47599983215332 2.8559999465942383 10.081999778747559
-5.88700008392334 5.301000118255615 7.336999893188477
-6.052000045776367 0.6460000276565552 4.10699987411499
-5.482999801635742 -10.236000061035156 -1.5850000381469727
0.8920000195503235 -12.005999565124512 -1.5839999914169312
10.10099983215332 -3.559999942779541 13.590999603271484
5.705999851226807 -10.071999549865723 17.43400001525879
-7.283999919891357 -2.752000093460083 13.97599983215332
-4.936999797821045 -9.640000343322754 10.711999893188477
-2.0929999351501465 -10.472999572753906 5.511000156402588
2.5139999389648438 -13.163000106811523 6.1529998779296875
12.302000045776367 -7.684000015258789 13.753999710083008
16.72800064086914 -10.850000381469727 14.822999954223633
17.448999404907227 -7.361000061035156 13.501999855041504
15.746000289916992 -4.051000118255615 13.02400016784668
18.509000778198242 -7.0980000495910645 5.2220001220703125
8.5600004196167 -17.56800079345703 -1.5010000467300415
13.246000289916992 -9.345000267028809 -3.799999952316284
8.286999702453613 -7.5929999351501465 -4.28000020980835
6.754000186920166 5.605000019073486 5.909999847412109
12.532999992370605 6.500999927520752 3.7170000076293945
19.0049991607666 -3.752000093460083 -0.6729999780654907
10.597000122070312 -1.8229999542236328 -5.25600004196167
4.339000225067139 10.496999740600586 2.7690000534057617
10.718999862670898 15.508000373840332 0.8159999847412109
12.595999717712402 5.839000225067139 -2.569000005722046
7.9079999923706055 5.955999851226807 -5.506999969482422
0.375 10.33899974822998 -0.39500001072883606
-4.425000190734863 3.5439999103546143 -3.2899999618530273
3.484999895095825 -5.498000144958496 -14.157999992370605