28.514999389648438 6.2270002365112305 45.62799835205078
26.572999954223633 16.577999114990234 36.178001403808594
23.44099998474121 18.099000930786133 34.707000732421875
20.58799934387207 15.803000450134277 35.71500015258789
-7.165999889373779 10.689000129699707 26.520000457763672
-5.264999866485596 13.359999656677246 28.481000900268555
-6.593999862670898 11.9399995803833 33.612998962402344
-4.923999786376953 14.142999649047852 36.20800018310547
26.804000854492188 17.89299964904785 48.15999984741211
21.666000366210938 20.5310001373291 49.83100128173828
19.486000061035156 20.739999771118164 43.98899841308594
16.07200050354004 23.257999420166016 39.46200180053711
12.635000228881836 24.62299919128418 33.52199935913086
15.342000007629395 28.966999053955078 37.70399856567383
14.95300006866455 23.889999389648438 44.81800079345703
9.097000122070312 21.590999603271484 42.119998931884766
1.2369999885559082 17.989999771118164 33.63199996948242
6.104000091552734 17.759000778198242 27.187000274658203
22.908000946044922 22.70599937438965 37.62099838256836
23.832000732421875 17.569000244140625 41.21699905395508
24.489999771118164 13.875 41.81399917602539
20.86199951171875 12.729000091552734 41.970001220703125
-12.82800006866455 8.95300006866455 37.63999938964844
-6.21999979019165 5.468999862670898 27.76099967956543
24.683000564575195 15.180000305175781 30.711999893188477
22.836999893188477 10.435999870300293 28.363000869750977
-9.626999855041504 3.053999900817871 32.97600173950195
-8.02400016784668 4.949999809265137 38.94300079345703
18.91699981689453 9.282999992370605 37.75
19.68899917602539 0.7699999809265137 38.847999572753906