44.68000030517578 -21.343000411987305 19.66900062561035
47.77399826049805 -15.656000137329102 20.358999252319336
40.27299880981445 -6.579999923706055 2.9830000400543213
45.332000732421875 0.781000018119812 5.8460001945495605
50.76599884033203 -5.7270002365112305 25.51099967956543
47.79999923706055 -7.52400016784668 21.363000869750977
38.97700119018555 1.6679999828338623 6.327000141143799
31.236000061035156 2.4690001010894775 5.86299991607666
35.374000549316406 -21.295000076293945 17.604000091552734
32.04899978637695 -9.220000267028809 20.59000015258789
29.656999588012695 -0.08299999684095383 16.795000076293945
34.189998626708984 2.8510000705718994 13.956000328063965
38.518001556396484 -11.343000411987305 20.243000030517578
43.33599853515625 -9.539999961853027 20.731000900268555
37.275001525878906 5.7820000648498535 9.253000259399414
39.85499954223633 8.593999862670898 9.454999923706055
33.28200149536133 21.961000442504883 20.329999923706055
26.072999954223633 17.239999771118164 26.22599983215332