9.836000442504883 58.85900115966797 28.36400032043457
11.954999923706055 56.65700149536133 26.01300048828125
23.82900047302246 45.0629997253418 28.43000030517578
20.058000564575195 55.722999572753906 28.226999282836914
16.827999114990234 59.5359992980957 25.14299964904785
22.608999252319336 59.40599822998047 19.0310001373291
32.12300109863281 50.32600021362305 17.96299934387207
26.591999053955078 54.79999923706055 22.389999389648438
29.636999130249023 49.358001708984375 22.165000915527344
23.56800079345703 53.2869987487793 13.260000228881836
7.218999862670898 63.37300109863281 21.316999435424805
8.593999862670898 58.4630012512207 18.871999740600586
24.18899917602539 53.12300109863281 8.553999900817871
19.35300064086914 46.66400146484375 12.586999893188477
11.74899959564209 42.20399856567383 17.06399917602539
12.892999649047852 41.86800003051758 11.553999900817871
16.78700065612793 50.215999603271484 7.2870001792907715
14.807000160217285 53.05799865722656 8.878999710083008
6.336999893188477 54.62099838256836 19.509000778198242
4.333000183105469 53.047000885009766 22.375999450683594
5.64900016784668 48.1349983215332 21.708999633789062
4.632999897003174 44.99300003051758 23.572999954223633
4.124000072479248 45.62900161743164 27.30299949645996
9.09000015258789 47.28900146484375 25.25200080871582
24.66200065612793 43.36600112915039 14.331999778747559
24.19700050354004 42.90599822998047 19.97100067138672
7.206999778747559 55.32400131225586 29.798999786376953