-2.246999979019165 3.193000078201294 22.084999084472656
1.2920000553131104 2.7799999713897705 23.309999465942383
16.648000717163086 15.888999938964844 10.432999610900879
23.66900062561035 20.599000930786133 9.23799991607666
26.445999145507812 18.207000732421875 8.347999572753906
21.20199966430664 18.639999389648438 6.396999835968018
21.509000778198242 15.159000396728516 7.821000099182129
12.494000434875488 8.545000076293945 10.121999740600586
14.696999549865723 6.21999979019165 15.175000190734863
6.7129998207092285 6.199999809265137 33.4630012512207
11.17199993133545 8.463000297546387 30.882999420166016
21.084999084472656 4.445000171661377 13.947999954223633
43.36899948120117 13.592000007629395 6.205999851226807
62.98899841308594 17.304000854492188 -5.9710001945495605
33.18899917602539 6.019999980926514 17.783000946044922
29.93000030517578 7.711999893188477 26.983999252319336
28.915000915527344 10.62399959564209 29.246000289916992
36.87200164794922 21.815000534057617 23.79199981689453
35.784000396728516 25.246000289916992 22.55699920654297
21.406999588012695 25.93400001525879 15.473999977111816