-14.607999801635742 -20.759000778198242 -16.073999404907227
-16.433000564575195 -23.902999877929688 -10.628000259399414
-16.97100067138672 -14.142999649047852 -9.293000221252441
-24.340999603271484 -18.172000885009766 -9.28499984741211
-26.822999954223633 -29.878000259399414 -10.888999938964844
-19.395999908447266 -34.23699951171875 -3.809000015258789
-13.968000411987305 -30.200000762939453 -4.999000072479248
-15.687000274658203 -23.150999069213867 -4.23199987411499
-14.333999633789062 -12.463000297546387 -2.553999900817871
-22.56999969482422 -13.414999961853027 0.10100000351667404
-24.319000244140625 -28.461000442504883 2.184999942779541
-13.145000457763672 -19.913000106811523 4.330999851226807
-11.428000450134277 -9.1850004196167 3.6500000953674316
-18.611000061035156 -9.670000076293945 8.522000312805176
-23.52899932861328 -20.408000946044922 12.270999908447266
-9.598999977111816 -15.10099983215332 11.958000183105469
-7.026000022888184 -5.3460001945495605 8.081000328063965
-13.854000091552734 -3.1489999294281006 12.994999885559082
-19.01300048828125 -15.149999618530273 19.204999923706055
-4.7129998207092285 -9.12600040435791 18.452999114990234
-2.7690000534057617 2.628999948501587 15.82699966430664
-7.966000080108643 2.930000066757202 17.684999465942383
-14.838000297546387 -9.673999786376953 33.74399948120117
-21.79199981689453 -9.026000022888184 34.77899932861328