-26.708999633789062 -51.42900085449219 44.92900085449219
-25.3439998626709 -48.4119987487793 43.04899978637695
-38.76900100708008 -28.968000411987305 45.75
-38.7239990234375 -33.09600067138672 39.887001037597656
-24.878000259399414 -46.63999938964844 26.284000396728516
-30.277999877929688 -48.3120002746582 29.893999099731445
-38.5629997253418 -40.70199966430664 36.236000061035156
-40.939998626708984 -32.94300079345703 30.44499969482422
-37.84600067138672 -30.047000885009766 25.88599967956543
-37.23400115966797 -26.33300018310547 25.819000244140625
-27.937999725341797 -34.17499923706055 -0.7839999794960022
-27.882999420166016 -18.45400047302246 2.4049999713897705
-34.375999450683594 -12.722999572753906 6.60099983215332
-36.28200149536133 -7.821000099182129 11.324999809265137
-35.51599884033203 -11.300999641418457 15.538000106811523
-27.555999755859375 -12.812999725341797 19.577999114990234
-29.23200035095215 -9.975000381469727 5.164000034332275
-28.726999282836914 -13.710000038146973 5.775000095367432
-27.735000610351562 -23.099000930786133 7.099999904632568
-29.32200050354004 -21.302000045776367 21.90999984741211
-33.95800018310547 -18.448999404907227 18.965999603271484
-41.59600067138672 -26.76099967956543 7.010000228881836
-42.50199890136719 -27.95800018310547 13.899999618530273
-34.86199951171875 -42.05699920654297 13.88599967956543
-43.57400131225586 -20.142000198364258 22.947999954223633
-43.74300003051758 -22.06999969482422 27.990999221801758
-42.39899826049805 -32.50400161743164 25.36400032043457
-39.19900131225586 -38.15700149536133 28.12299919128418
-35.67300033569336 -38.645999908447266 29.48200035095215
-26.155000686645508 -45.06399917602539 16.18600082397461
-18.981000900268555 -39.7760009765625 10.055000305175781
-17.792999267578125 -26.13800048828125 22.472000122070312
-24.08099937438965 -30.81800079345703 33.875
-18.774999618530273 -34.09299850463867 35.941001892089844
-15.069999694824219 -35.40999984741211 27.625
-40.737998962402344 -20.860000610351562 31.990999221801758
-37.60599899291992 -25.80699920654297 33.7239990234375
-12.166000366210938 -42.316001892089844 29.1299991607666
-16.73200035095215 -45.7869987487793 27.81399917602539
-38.034000396728516 -26.40999984741211 40.154998779296875
-32.10499954223633 -19.381999969482422 38.020999908447266
-19.566999435424805 -47.41299819946289 40.821998596191406
-16.63800048828125 -52.441001892089844 33.54999923706055