-4.083000183105469 6.699999809265137 26.030000686645508
4.715000152587891 9.491000175476074 24.215999603271484
12.800000190734863 4.195000171661377 26.458999633789062
17.857999801635742 3.321000099182129 30.593000411987305
22.44099998474121 -3.2829999923706055 24.167999267578125
25.17799949645996 -1.4010000228881836 18.760000228881836
-0.296999990940094 8.583999633789062 11.232999801635742
-2.496999979019165 -0.4729999899864197 7.460000038146973
5.0229997634887695 2.5450000762939453 26.429000854492188
1.562999963760376 -1.7970000505447388 25.336999893188477
-5.698999881744385 -4.058000087738037 22.617000579833984
-2.0239999294281006 -7.060999870300293 16.202999114990234
-4.053999900817871 -13.310999870300293 8.564000129699707
3.009999990463257 -18.777999877929688 17.395999908447266
11.071999549865723 6.208000183105469 38.029998779296875
13.347000122070312 -2.51200008392334 34.52000045776367
6.010000228881836 -8.82699966430664 37.823001861572266
7.810999870300293 -12.147000312805176 37.16899871826172
3.571000099182129 -9.440999984741211 -1.059000015258789
6.452000141143799 -7.229000091552734 -1.8930000066757202
5.75 0.9959999918937683 -1.7730000019073486
3.867000102996826 6.860000133514404 -0.5929999947547913