13.388999938964844 -5.552999973297119 64.66100311279297
8.654000282287598 -6.544000148773193 54.74599838256836
39.93899917602539 4.52400016784668 44.81100082397461
14.824999809265137 4.64300012588501 33.63999938964844
18.858999252319336 4.070000171661377 31.02899932861328
24.9060001373291 5.466000080108643 41.459999084472656
26.746999740600586 -2.549999952316284 35.095001220703125
15.87600040435791 -2.430000066757202 40.30400085449219
14.699000358581543 0.4659999907016754 46.012001037597656
10.11400032043457 0.17800000309944153 49.691001892089844
12.104999542236328 5.914000034332275 46.220001220703125
17.996000289916992 4.64900016784668 47.17599868774414
20.143999099731445 7.770999908447266 47.297000885009766
37.465999603271484 11.4399995803833 54.77799987792969
33.93199920654297 7.189000129699707 50.720001220703125
9.003999710083008 6.11299991607666 61.03200149536133
10.59000015258789 6.010000228881836 64.47799682617188
29.17799949645996 0.9259999990463257 59.00899887084961
29.6299991607666 6.340000152587891 59.66600036621094
14.774999618530273 13.996000289916992 58.952999114990234
18.309999465942383 16.11400032043457 52.231998443603516
23.650999069213867 19.09000015258789 50.79600143432617
29.05900001525879 13.52299976348877 53.683998107910156
32.71099853515625 11.053999900817871 57.74700164794922
25.9060001373291 11.800000190734863 64.33100128173828
31.959999084472656 8.37399959564209 62.637001037597656
19.30299949645996 -1.1399999856948853 71.88999938964844
16.06800079345703 4.427000045776367 71.91000366210938
13.489999771118164 10.140999794006348 60.15800094604492
35.395999908447266 3.9519999027252197 52.7859992980957