-5.583000183105469 -2.3410000801086426 -4.2210001945495605
-6.1579999923706055 -3.234999895095825 -0.5770000219345093
-22.625999450683594 -5.63700008392334 10.085000038146973
-20.954999923706055 4.781000137329102 3.0
-20.96500015258789 6.796999931335449 -10.10200023651123
-17.98699951171875 2.8929998874664307 -7.927999973297119
-21.232999801635742 8.807999610900879 7.583000183105469
-19.680999755859375 1.1410000324249268 10.57800006866455
-11.569999694824219 4.119999885559082 10.156999588012695
-12.923999786376953 3.2090001106262207 -5.348999977111816
-17.424999237060547 -10.302000045776367 -1.3760000467300415
-18.13800048828125 -9.774999618530273 -6.934000015258789
-17.405000686645508 -3.9019999504089355 -9.432000160217285
-23.562999725341797 1.6890000104904175 -6.953999996185303
-24.39900016784668 -10.543999671936035 3.193000078201294
-19.22800064086914 -9.901000022888184 6.559000015258789
-7.072999954223633 4.921000003814697 -3.624000072479248
-5.3979997634887695 7.559999942779541 -5.788000106811523