2.359999895095825 -6.076000213623047 -14.748000144958496
-6.172999858856201 1.7790000438690186 -14.255999565124512
-12.055999755859375 6.839000225067139 -3.256999969482422
-18.496999740600586 -0.7900000214576721 2.677000045776367
-24.951000213623047 0.9279999732971191 1.8229999542236328
-22.542999267578125 3.134000062942505 -6.129000186920166
-2.2799999713897705 5.949999809265137 -16.01300048828125
-15.425999641418457 -2.5920000076293945 -18.81399917602539
-12.829999923706055 -11.668000221252441 -4.051000118255615
-13.380000114440918 -12.520000457763672 -15.819999694824219
-18.43199920654297 -10.894000053405762 -12.706000328063965
-22.371000289916992 -7.169000148773193 -12.538999557495117
-16.114999771118164 2.010999917984009 -19.5
-13.520000457763672 9.085000038146973 -14.593999862670898
-27.354999542236328 0.9750000238418579 -10.02400016784668
-28.6200008392334 -0.5130000114440918 -6.7829999923706055
-25.541000366210938 -4.85699987411499 -6.639999866485596
-16.166000366210938 -7.835000038146973 -3.615000009536743
-9.850000381469727 -4.5970001220703125 -21.273000717163086
-7.294000148773193 -7.078999996185303 -15.91100025177002
-9.588000297546387 -2.1730000972747803 -6.1529998779296875
-15.496999740600586 -4.0370001792907715 0.1469999998807907
-23.5310001373291 -3.6440000534057617 4.434999942779541
-15.142000198364258 -0.03799999877810478 11.385000228881836