-29.989999771118164 21.66900062561035 -28.503000259399414
-26.138999938964844 29.395999908447266 -6.316999912261963
-11.088000297546387 15.437999725341797 6.302000045776367
-4.5279998779296875 12.581999778747559 6.156000137329102
-6.59499979019165 15.312999725341797 4.614999771118164
-14.772000312805176 18.143999099731445 -6.144999980926514
-30.96299934387207 19.54199981689453 -1.909999966621399
-31.281999588012695 17.104999542236328 -11.753000259399414
-11.303000450134277 31.631999969482422 2.808000087738037
-4.122000217437744 21.024999618530273 10.50100040435791
-6.26800012588501 6.677999973297119 17.7189998626709
-3.0190000534057617 8.970999717712402 13.239999771118164
-30.104999542236328 14.557999610900879 -15.204999923706055
-35.277000427246094 10.604000091552734 -18.798999786376953
-38.0890007019043 19.187000274658203 -15.074999809265137
-36.96099853515625 25.05699920654297 -13.269000053405762
-32.279998779296875 26.7189998626709 6.271999835968018
-20.364999771118164 16.624000549316406 6.541999816894531
-16.902000427246094 17.909000396728516 5.620999813079834
-20.142000198364258 18.402000427246094 10.979999542236328
-20.37700080871582 21.381999969482422 8.62399959564209
-22.631999969482422 24.400999069213867 8.72599983215332
-24.673999786376953 34.02299880981445 0.777999997138977
-23.4060001373291 36.4370002746582 -5.5269999504089355
-15.227999687194824 38.066001892089844 0.2280000001192093
-1.1920000314712524 30.908000946044922 -6.178999900817871
-20.55699920654297 5.318999767303467 -12.107999801635742
-13.564000129699707 5.196000099182129 -13.3100004196167
-5.988999843597412 33.73899841308594 -4.839000225067139
-10.017000198364258 30.135000228881836 -5.7729997634887695
-13.006999969482422 23.03700065612793 -11.362000465393066
-14.45199966430664 15.095999717712402 -15.199999809265137
-9.015000343322754 15.663000106811523 -16.00200080871582
-5.677000045776367 11.156999588012695 -15.331999778747559
-10.600000381469727 2.2769999504089355 -15.154999732971191