9.008999824523926 17.648000717163086 70.76399993896484
12.661999702453613 16.59000015258789 70.49600219726562
27.448999404907227 31.13599967956543 66.10700225830078
27.940000534057617 28.3799991607666 71.50399780273438
9.843999862670898 17.13599967956543 75.88999938964844
13.914999961853027 16.493999481201172 79.80599975585938
30.322999954223633 28.33799934387207 78.177001953125
28.30900001525879 25.256999969482422 82.38899993896484
10.1850004196167 19.350000381469727 84.25199890136719
14.324000358581543 18.631999969482422 89.05599975585938
32.80799865722656 26.88800048828125 87.28199768066406
30.158000946044922 24.416000366210938 91.9469985961914
14.571000099182129 17.45400047302246 93.27999877929688
17.874000549316406 9.91100025177002 97.3759994506836
22.472999572753906 5.442999839782715 98.12300109863281
19.094999313354492 7.921000003814697 102.0250015258789
18.253999710083008 14.329999923706055 101.30799865722656
15.371999740600586 26.76300048828125 103.52400207519531