26.860000610351562 -10.17300033569336 29.118999481201172
23.07900047302246 -19.04599952697754 21.08799934387207
27.43199920654297 -11.729000091552734 16.14900016784668
29.981000900268555 -9.121999740600586 15.034000396728516
12.633000373840332 -6.0269999504089355 -14.024999618530273
15.48900032043457 -1.281999945640564 -12.095000267028809
23.28499984741211 -8.354999542236328 21.763999938964844
19.965999603271484 -9.66100025177002 18.457000732421875
28.09000015258789 3.7219998836517334 -3.374000072479248
26.506999969482422 6.86899995803833 2.2290000915527344
12.720000267028809 -18.790000915527344 19.56999969482422
10.782999992370605 -19.805999755859375 14.60099983215332
15.989999771118164 5.002999782562256 6.260000228881836
9.036999702453613 -0.8019999861717224 8.189000129699707
21.204999923706055 -24.64699935913086 12.57699966430664
20.291000366210938 -20.44099998474121 7.269999980926514
4.460999965667725 2.8519999980926514 4.752999782562256
5.784999847412109 -2.691999912261963 -2.1600000858306885
32.202999114990234 -20.98900032043457 3.5880000591278076
30.73200035095215 -15.718999862670898 4.545000076293945
1.7120000123977661 -3.997999906539917 -6.99399995803833
11.3100004196167 -12.23900032043457 -7.308000087738037
35.617000579833984 -8.67300033569336 10.269000053405762