-5.139999866485596 -48.66699981689453 11.093999862670898
-13.743000030517578 -42.0260009765625 5.561999797821045
-16.16699981689453 -42.34700012207031 1.2999999523162842
-20.785999298095703 -31.6200008392334 -9.571000099182129
-12.829000473022461 -30.857999801635742 -20.333999633789062
-10.307000160217285 -24.236000061035156 -16.27199935913086
-19.9689998626709 -25.172000885009766 -4.1020002365112305
-14.315999984741211 -25.798999786376953 -3.0980000495910645
-0.9430000185966492 -29.764999389648438 -22.184999465942383
-11.71399974822998 -34.39500045776367 -18.216999053955078
-18.95800018310547 -29.815000534057617 -3.815000057220459
-13.331000328063965 -35.540000915527344 -7.633999824523926
1.875 -35.21699905395508 -21.871000289916992
1.090000033378601 -33.665000915527344 -18.492000579833984
-6.359000205993652 -17.832000732421875 -1.034000039100647
0.4399999976158142 -20.326000213623047 6.408999919891357
-3.8940000534057617 -21.43199920654297 10.635000228881836
-4.039999961853027 -26.941999435424805 7.446000099182129
2.2160000801086426 -45.104000091552734 -20.358999252319336
5.690999984741211 -39.77199935913086 -13.892000198364258
6.935999870300293 -13.513999938964844 -1.8609999418258667
7.191999912261963 -21.191999435424805 -4.572000026702881
1.6820000410079956 -41.79600143432617 -7.673999786376953
15.979999542236328 -37.87699890136719 -7.406000137329102
15.227999687194824 -31.39299964904785 -7.591000080108643
19.006999969482422 -30.368999481201172 -3.7019999027252197
3.6010000705718994 -36.402000427246094 10.145000457763672
6.046999931335449 -41.262001037597656 8.27299976348877
4.598999977111816 -21.29800033569336 -16.44700050354004
9.100000381469727 -16.972000122070312 -14.800999641418457
8.819999694824219 -43.40399932861328 1.097000002861023
-6.03000020980835 -43.005001068115234 2.2760000228881836
0.1860000044107437 -29.899999618530273 5.416999816894531
15.914999961853027 -26.87299919128418 6.215000152587891
2.0230000019073486 -15.788000106811523 1.4019999504089355
4.946000099182129 -38.79100036621094 -19.812000274658203
-0.2540000081062317 -41.11199951171875 -20.891000747680664
-8.26099967956543 -27.010000228881836 11.57699966430664
-7.186999797821045 -29.19700050354004 14.397000312805176