12.057000160217285 -14.791000366210938 14.434000015258789
20.790000915527344 -10.088000297546387 10.932000160217285
14.680000305175781 -15.932999610900879 1.590000033378601
18.825000762939453 -17.540000915527344 4.978000164031982
22.7189998626709 -6.113999843597412 8.53600025177002
24.506999969482422 -3.007999897003174 7.309999942779541
25.542999267578125 -0.3100000023841858 9.78499984741211
24.760000228881836 2.315999984741211 4.961999893188477
22.70599937438965 -9.906999588012695 -0.20999999344348907
27.913000106811523 -5.928999900817871 0.7020000219345093
23.476999282836914 6.127999782562256 1.9429999589920044
19.06399917602539 9.928999900817871 2.6410000324249268
19.68199920654297 4.997000217437744 7.940000057220459
19.375 -2.4079999923706055 8.574999809265137
18.749000549316406 -4.650000095367432 5.60099983215332
15.335000038146973 6.439000129699707 3.7760000228881836
15.392999649047852 12.854000091552734 4.644000053405762
7.431000232696533 26.583999633789062 6.081999778747559
5.859000205993652 27.143999099731445 10.468000411987305
8.855999946594238 24.829999923706055 10.244000434875488
20.031999588012695 18.913000106811523 9.053000450134277
22.93899917602539 13.248000144958496 7.965000152587891
23.67099952697754 9.730999946594238 6.736000061035156
19.922000885009766 10.859000205993652 11.3100004196167
16.687000274658203 12.194999694824219 9.779999732971191
15.017000198364258 17.52199935913086 12.746999740600586
10.39900016784668 29.65399932861328 12.788999557495117
6.660999774932861 30.371000289916992 16.735000610351562
10.539999961853027 12.447999954223633 18.909000396728516
11.145000457763672 16.51099967956543 15.508000373840332
2.809000015258789 33.59299850463867 19.400999069213867