13.697999954223633 26.17099952697754 26.108999252319336
10.131999969482422 31.363000869750977 26.031999588012695
7.021999835968018 27.422000885009766 28.871999740600586
4.559999942779541 25.16699981689453 30.729999542236328
-8.70199966430664 21.5 44.12200164794922
-11.526000022888184 19.413000106811523 45.624000549316406
-18.363000869750977 24.327999114990234 43.84700012207031
-13.940999984741211 23.790000915527344 36.555999755859375
-4.519999980926514 33.03200149536133 25.02899932861328
-2.7219998836517334 26.7810001373291 25.315000534057617
-7.764999866485596 15.074999809265137 33.45800018310547
-8.95199966430664 12.11400032043457 39.08599853515625
-9.206999778747559 11.222000122070312 42.79899978637695
-2.427000045776367 9.781999588012695 49.242000579833984
3.562999963760376 17.94700050354004 48.94499969482422
6.828000068664551 16.167999267578125 49.84600067138672
6.3429999351501465 16.183000564575195 55.15399932861328
0.8029999732971191 17.66200065612793 56.63600158691406
-7.711999893188477 13.057000160217285 49.20399856567383
-9.336000442504883 17.222000122070312 41.43000030517578
2.7279999256134033 29.95599937438965 26.851999282836914
2.7209999561309814 31.062999725341797 31.88800048828125
-4.2779998779296875 35.643001556396484 42.808998107910156
-7.784999847412109 34.512001037597656 49.19900131225586
-6.438000202178955 37.999000549316406 46.404998779296875
-9.64900016784668 33.41999816894531 40.30400085449219
-13.288000106811523 31.78700065612793 47.36399841308594
-6.8480000495910645 29.767000198364258 52.5620002746582
-8.559000015258789 28.14299964904785 48.08700180053711
-6.823999881744385 26.062000274658203 42.87300109863281
3.246999979019165 26.009000778198242 40.040000915527344
9.5649995803833 26.94499969482422 36.12799835205078
1.1460000276565552 13.357000350952148 34.00199890136719
4.638999938964844 12.291999816894531 28.65999984741211
0.9639999866485596 15.875 27.038999557495117
-0.9340000152587891 31.52899932861328 17.415000915527344
2.5920000076293945 35.93899917602539 19.71299934387207
4.99399995803833 38.297000885009766 17.972999572753906