-2.927999973297119 21.45199966430664 24.51300048828125
-4.808000087738037 15.57699966430664 21.9950008392334
13.404000282287598 11.29699993133545 17.048999786376953
8.6899995803833 18.65399932861328 11.970000267028809
-4.080999851226807 14.461999893188477 -3.046999931335449
4.8979997634887695 23.704999923706055 6.89300012588501
1.722000002861023 24.011999130249023 18.43199920654297
-10.324000358581543 14.440999984741211 8.581999778747559
2.3940000534057617 4.6519999504089355 10.321999549865723
-5.9679999351501465 7.2779998779296875 12.446999549865723
-7.4679999351501465 11.630000114440918 20.187000274658203