5.5329999923706055 -23.055999755859375 9.579000473022461
1.9420000314712524 -14.472999572753906 5.046000003814697
-8.229999542236328 -2.434999942779541 -16.562000274658203
-1.2589999437332153 -0.5379999876022339 -14.692999839782715
-0.5519999861717224 -14.031999588012695 11.086999893188477
8.074000358581543 -8.395000457763672 7.7129998207092285
6.400000095367432 -10.5600004196167 -13.022000312805176
8.508000373840332 -4.302999973297119 -14.119999885559082
-3.318000078201294 12.982000350952148 -0.9440000057220459
0.09700000286102295 11.732999801635742 -5.011000156402588
11.961000442504883 0.0860000029206276 -2.1480000019073486
7.291999816894531 -1.5080000162124634 2.7799999713897705
3.065000057220459 -5.5980000495910645 10.39799976348877
-1.7029999494552612 -7.127999782562256 10.744999885559082
-6.084000110626221 -0.6480000019073486 -3.059000015258789
-0.8309999704360962 2.1589999198913574 -1.680999994277954
6.934000015258789 -1.468999981880188 -19.3700008392334
-4.585000038146973 -12.199999809265137 -15.711000442504883
12.685999870300293 -9.765999794006348 3.8259999752044678
4.363999843597412 -15.85099983215332 -2.4790000915527344
-13.515000343322754 -3.4600000381469727 -15.32699966430664
-11.809000015258789 -0.01600000075995922 -15.241999626159668