15.895999908447266 53.584999084472656 7.001999855041504
15.060999870300293 50.012001037597656 7.791999816894531
16.093000411987305 24.48699951171875 -13.194000244140625
25.597000122070312 21.597999572753906 -10.39900016784668
20.2450008392334 48.33599853515625 -6.645999908447266
26.972000122070312 43.60499954223633 -0.8820000290870667
23.27199935913086 42.736000061035156 2.809000015258789
13.065999984741211 21.6299991607666 -3.1449999809265137
22.899999618530273 27.15999984741211 -4.331999778747559
29.474000930786133 37.457000732421875 -7.451000213623047
24.590999603271484 32.92499923706055 3.3450000286102295
12.09000015258789 23.66699981689453 1.309000015258789
12.77299976348877 25.277000427246094 -7.434000015258789
15.35099983215332 53.16299819946289 2.4670000076293945
8.118000030517578 47.696998596191406 1.6519999504089355
10.762999534606934 46.242000579833984 -3.00600004196167
11.95199966430664 38.48899841308594 -8.592000007629395
12.154999732971191 33.731998443603516 -12.996000289916992
11.824000358581543 30.687000274658203 -15.276000022888184
4.316999912261963 35.6870002746582 -8.529000282287598
1.7269999980926514 37.250999450683594 -6.184000015258789