-21.158000946044922 -7.958000183105469 17.649999618530273
-14.246999740600586 -23.631000518798828 -2.444000005722046
-1.8589999675750732 -26.30500030517578 17.2450008392334
-6.4730000495910645 -18.60099983215332 17.10300064086914
-9.347999572753906 -13.416999816894531 14.986000061035156
-11.779000282287598 0.1809999942779541 5.914000034332275
-16.327999114990234 -0.8040000200271606 4.239999771118164
-13.104000091552734 -7.765999794006348 1.2359999418258667
0.8330000042915344 -16.44300079345703 19.43199920654297
2.9110000133514404 -15.47700023651123 12.70300006866455
-14.769000053405762 -9.21399974822998 -4.622000217437744
-15.961000442504883 -7.375 -7.703999996185303
-11.373000144958496 -4.198999881744385 -9.140999794006348
-8.409000396728516 -2.621999979019165 -10.878000259399414
-8.699000358581543 -8.484999656677246 -11.37600040435791
-6.811999797821045 -3.5 -7.580999851226807
-3.2209999561309814 -3.4549999237060547 -6.296000003814697
1.2209999561309814 -3.877000093460083 20.66699981689453
2.2769999504089355 -2.303999900817871 17.391000747680664
4.335999965667725 -10.23900032043457 -9.059000015258789
-8.34000015258789 -12.718999862670898 -10.357000350952148
-11.482999801635742 -11.362000465393066 -8.718000411987305
-5.171999931335449 -15.197999954223633 -1.7990000247955322
13.819000244140625 -0.08399999886751175 19.03499984741211
9.279999732971191 -1.218000054359436 16.27199935913086
-2.38700008392334 -18.964000701904297 -4.418000221252441
2.8350000381469727 -15.60099983215332 -6.085000038146973
2.190000057220459 1.8580000400543213 21.195999145507812
-9.42300033569336 11.572999954223633 36.71900177001953