-5.671000003814697 -3.6619999408721924 -11.883000373840332
-1.7630000114440918 -0.46000000834465027 -8.670999526977539
5.508999824523926 1.315999984741211 -2.443000078201294
8.857000350952148 0.7590000033378601 5.645999908447266
19.834999084472656 7.876999855041504 9.510000228881836
16.415000915527344 8.630999565124512 1.0720000267028809
-2.131999969482422 -1.343999981880188 -14.984999656677246
2.5209999084472656 5.568999767303467 -16.836999893188477
-1.2669999599456787 10.46399974822998 -15.234999656677246
1.8009999990463257 11.083999633789062 -9.604999542236328
2.6040000915527344 12.281000137329102 10.550999641418457
-2.6689999103546143 14.567000389099121 5.144999980926514
6.133999824523926 11.317000389099121 -16.09000015258789
7.295000076293945 18.57699966430664 -15.199999809265137
4.335000038146973 22.68600082397461 -1.940000057220459
6.701000213623047 25.5939998626709 -1.0750000476837158
10.866000175476074 22.86199951171875 -2.058000087738037
11.680999755859375 16.812999725341797 -1.656999945640564
9.418000221252441 5.818999767303467 -17.53700065612793
7.131999969482422 2.946000099182129 -14.633999824523926
8.520999908447266 4.23199987411499 -11.286999702453613
17.204999923706055 15.157999992370605 1.7999999523162842
12.906000137329102 13.383000373840332 13.128999710083008
9.442000389099121 10.435999870300293 10.185999870300293
6.013999938964844 9.842000007629395 8.678999900817871
-8.269000053405762 14.333000183105469 -14.98799991607666
-8.718000411987305 14.102999687194824 -7.77400016784668
-0.05299999937415123 3.364000082015991 -2.7760000228881836
5.9679999351501465 3.9159998893737793 3.1579999923706055
16.826000213623047 7.216000080108643 13.612000465393066
18.135000228881836 -4.315000057220459 19.02199935913086
16.240999221801758 -7.205999851226807 20.672000885009766
14.0 -6.9039998054504395 27.156999588012695
2.63700008392334 -9.0 38.435001373291016
-10.680000305175781 -9.996000289916992 38.51300048828125
13.067999839782715 -1.3259999752044678 14.706000328063965
4.144999980926514 -9.288999557495117 18.094999313354492
-0.48100000619888306 -18.03700065612793 26.413000106811523
-4.811999797821045 -19.025999069213867 23.73900032043457
-5.688000202178955 -15.949000358581543 25.746000289916992
-7.021999835968018 -13.244000434875488 23.45199966430664
-6.129000186920166 -7.88100004196167 26.30900001525879
-0.46000000834465027 -0.5419999957084656 23.46500015258789
6.559000015258789 4.668000221252441 21.760000228881836
15.701000213623047 8.151000022888184 23.28499984741211
14.52400016784668 2.7899999618530273 21.323999404907227
-9.50100040435791 -13.954999923706055 40.020999908447266
2.7639999389648438 -16.160999298095703 30.034000396728516
11.288999557495117 -10.432000160217285 13.819999694824219
14.769000053405762 -13.013999938964844 14.970999717712402
14.015000343322754 -13.343000411987305 18.690000534057617
3.8550000190734863 -13.916000366210938 35.21099853515625
5.315999984741211 -11.378999710083008 43.8380012512207