47.459999084472656 32.50299835205078 21.18400001525879
45.520999908447266 33.94599914550781 24.135000228881836
39.23400115966797 35.58300018310547 25.364999771118164
31.323999404907227 32.06399917602539 31.308000564575195
26.805999755859375 24.509000778198242 36.02399826049805
31.183000564575195 22.94099998474121 32.986000061035156
49.55400085449219 32.39699935913086 9.28600025177002
44.257999420166016 34.494998931884766 10.180999755859375
34.611000061035156 23.454999923706055 36.82400131225586
41.742000579833984 13.699999809265137 28.514999389648438
31.608999252319336 21.433000564575195 13.220999717712402
25.049999237060547 19.304000854492188 18.891000747680664
33.05500030517578 11.758999824523926 31.69700050354004
37.000999450683594 14.673999786376953 29.256999969482422
35.678001403808594 27.783000946044922 13.84000015258789
26.24799919128418 24.40399932861328 5.678999900817871
24.63599967956543 25.389999389648438 0.5220000147819519
29.81999969482422 26.541000366210938 0.5799999833106995
38.9010009765625 30.336999893188477 4.267000198364258
40.832000732421875 25.18600082397461 2.619999885559082
49.09199905395508 20.29199981689453 29.89699935913086
43.4739990234375 13.640000343322754 22.71500015258789
30.708999633789062 14.946000099182129 11.39799976348877
32.27799987792969 19.63599967956543 7.890999794006348
48.595001220703125 15.359999656677246 13.88700008392334
44.959999084472656 12.437000274658203 17.768999099731445
28.540000915527344 12.026000022888184 7.257999897003174
37.2239990234375 15.170999526977539 -1.468000054359436
44.683998107910156 7.979000091552734 9.432000160217285
38.06100082397461 5.339000225067139 14.04699993133545
21.604000091552734 5.482999801635742 4.521999835968018
26.047000885009766 6.170000076293945 0.7570000290870667
41.09199905395508 4.966000080108643 5.918000221252441
37.87799835205078 1.190999984741211 12.064000129699707
18.447999954223633 4.817999839782715 8.085000038146973
20.327999114990234 10.383999824523926 19.131000518798828
40.68299865722656 7.4120001792907715 24.340999603271484
43.59700012207031 6.468999862670898 26.54400062561035