2.8959999084472656 3.308000087738037 13.07699966430664
4.288000106811523 5.686999797821045 22.319000244140625
7.771999835968018 6.624000072479248 23.500999450683594
5.554999828338623 -8.060999870300293 22.639999389648438
-4.466000080108643 -12.300000190734863 23.906999588012695
-4.886000156402588 -10.46399974822998 20.649999618530273
-6.247000217437744 3.7639999389648438 13.625
-3.9189999103546143 3.122999906539917 18.85300064086914
11.852999687194824 1.9010000228881836 38.91899871826172
8.529999732971191 6.96999979019165 36.8120002746582
-14.876999855041504 -0.3330000042915344 23.13800048828125
-11.310999870300293 -3.0399999618530273 31.858999252319336
8.185999870300293 -9.482000350952148 35.52899932861328
3.621000051498413 -6.5920000076293945 39.055999755859375
-16.402999877929688 0.1679999977350235 32.709999084472656
-13.881999969482422 1.6929999589920044 39.16400146484375
2.36899995803833 -15.468000411987305 41.28499984741211
-3.1029999256134033 -14.027000427246094 41.77299880981445
-16.416000366210938 6.617000102996826 39.49700164794922
-11.619999885559082 8.369000434875488 26.106000900268555
9.536999702453613 4.436999797821045 45.95000076293945
4.132999897003174 5.4029998779296875 46.77000045776367
-8.413000106811523 12.767999649047852 33.48699951171875
-7.679999828338623 14.185999870300293 38.87900161743164
2.7290000915527344 -0.9350000023841858 48.48500061035156
10.276000022888184 -4.038000106811523 36.25199890136719
12.189000129699707 9.930000305175781 37.672000885009766
15.256999969482422 8.57699966430664 43.279998779296875