-7.76200008392334 -12.197999954223633 -5.511000156402588
-6.73799991607666 -12.168999671936035 -1.8700000047683716
-1.6050000190734863 -15.463000297546387 0.7760000228881836
4.804999828338623 -24.128000259399414 13.281000137329102
4.558000087738037 -27.34600067138672 15.229999542236328
6.952000141143799 -30.577999114990234 20.91900062561035
7.453000068664551 -18.229000091552734 15.77299976348877
1.36899995803833 -8.512999534606934 -3.9700000286102295
-0.9509999752044678 -1.1959999799728394 0.5260000228881836
-8.479999542236328 -10.73799991607666 14.355999946594238
-5.745999813079834 -5.660999774932861 21.674999237060547
3.2249999046325684 -1.906999945640564 24.125
1.437000036239624 -3.6440000534057617 19.198999404907227
-9.513999938964844 -25.677000045776367 20.347000122070312
-4.2779998779296875 -19.386999130249023 24.829999923706055
9.595000267028809 -7.24399995803833 1.590999960899353
1.4989999532699585 0.1720000058412552 4.835999965667725
4.0229997634887695 -2.2260000705718994 -0.621999979019165
6.940000057220459 -11.083999633789062 -2.122999906539917
-2.069999933242798 -21.525999069213867 30.878999710083008
-3.3459999561309814 -29.80299949645996 20.91900062561035
-5.060999870300293 10.190999984741211 -5.90500020980835
-7.839000225067139 8.23900032043457 -1.4290000200271606
2.2669999599456787 -32.41899871826172 19.94099998474121