43.70399856567383 66.33699798583984 31.92799949645996
41.97999954223633 59.88600158691406 20.53700065612793
41.518001556396484 58.755001068115234 13.498000144958496
33.45600128173828 57.486000061035156 44.19200134277344
25.14699935913086 51.196998596191406 21.937999725341797
29.37299919128418 54.446998596191406 19.93199920654297
28.621000289916992 63.35900115966797 24.38599967956543
20.417999267578125 63.073001861572266 27.381999969482422
21.770999908447266 65.8489990234375 34.68000030517578
26.979000091552734 66.8740005493164 33.03499984741211
31.003999710083008 62.875999450683594 32.13800048828125
35.48699951171875 53.04899978637695 29.18899917602539
35.959999084472656 54.569000244140625 25.746000289916992
38.64099884033203 63.237998962402344 16.267000198364258
31.90399932861328 59.909000396728516 19.18199920654297
37.27199935913086 49.9370002746582 24.191999435424805
29.020000457763672 47.305999755859375 9.00100040435791
28.038999557495117 57.255001068115234 12.166000366210938
28.121000289916992 60.959999084472656 13.050000190734863
27.301000595092773 70.50399780273438 10.57699966430664
16.496999740600586 72.2699966430664 22.461999893188477
19.468000411987305 70.1760025024414 23.55900001525879
17.084999084472656 64.87300109863281 14.3100004196167
13.335000038146973 65.11799621582031 13.605999946594238
18.393999099731445 72.95500183105469 17.788999557495117
21.70800018310547 73.54499816894531 19.54599952697754
26.645000457763672 66.44599914550781 15.536999702453613
22.37700080871582 58.10100173950195 12.20300006866455
17.66200065612793 60.52299880981445 12.854000091552734
13.909000396728516 59.99100112915039 13.142999649047852
15.77299976348877 58.08300018310547 7.749000072479248
17.489999771118164 51.23400115966797 2.6619999408721924
35.41400146484375 54.8849983215332 3.7990000247955322
37.630001068115234 57.534000396728516 5.3979997634887695
32.06999969482422 55.362998962402344 6.291999816894531
29.743000030517578 52.5620002746582 5.236000061035156
29.17799949645996 58.777000427246094 -1.437000036239624
18.027000427246094 77.39399719238281 13.59000015258789
8.767999649047852 70.9010009765625 1.7430000305175781
18.14699935913086 65.14099884033203 -7.275000095367432
26.4689998626709 62.345001220703125 -7.870999813079834