-19.743999481201172 39.75199890136719 -17.179000854492188
-22.28499984741211 38.32400131225586 -14.720999717712402
-27.83300018310547 30.075000762939453 -6.044000148773193
-21.43400001525879 26.899999618530273 -7.706999778747559
-9.253999710083008 39.15800094604492 -11.484000205993652
-20.336000442504883 40.558998107910156 -11.182999610900879
-30.440000534057617 34.11199951171875 -7.7729997634887695
-24.413000106811523 30.402000427246094 -15.456999778747559
-20.336999893188477 37.01300048828125 -20.989999771118164
-23.76799964904785 32.16999816894531 -22.104999542236328
-23.9950008392334 26.988000869750977 -18.722000122070312
-19.660999298095703 24.542999267578125 -14.685999870300293
-5.611000061035156 34.10100173950195 -16.308000564575195
-4.419000148773193 16.863000869750977 -22.517000198364258
-32.486000061035156 9.475000381469727 2.4719998836517334
-20.910999298095703 2.440999984741211 3.2639999389648438
-20.315000534057617 2.4489998817443848 -2.0380001068115234
-15.571000099182129 4.076000213623047 -3.940999984741211
2.8420000076293945 10.347999572753906 -9.972000122070312
-7.929999828338623 23.736000061035156 -13.34000015258789
-15.791999816894531 17.704999923706055 3.8970000743865967
-13.866000175476074 12.961999893188477 6.960000038146973
-12.715999603271484 9.810999870300293 2.8369998931884766
-4.086999893188477 8.569000244140625 1.8930000066757202
-6.811999797821045 24.812999725341797 3.0429999828338623
-8.300999641418457 30.731000900268555 0.6570000052452087
-23.29199981689453 28.613000869750977 4.28000020980835
-27.599000930786133 20.732999801635742 5.078999996185303
-35.43299865722656 18.020000457763672 -6.769999980926514
-30.886999130249023 6.295000076293945 -8.942000389099121