138.97900390625 -31.575000762939453 40.104000091552734
139.04200744628906 -31.299999237060547 43.87799835205078
118.56099700927734 -39.64500045776367 53.555999755859375
113.3219985961914 -40.19200134277344 54.19900131225586
84.1780014038086 -35.31999969482422 64.00900268554688
83.81199645996094 -35.244998931884766 70.80000305175781
119.11900329589844 -33.18199920654297 56.94900131225586
111.93699645996094 -22.56599998474121 59.2599983215332
92.4489974975586 -27.38599967956543 76.99800109863281
91.052001953125 -28.827999114990234 63.08700180053711
124.23699951171875 -24.81599998474121 43.99800109863281
126.9469985961914 -25.23900032043457 34.85200119018555
100.80599975585938 -34.444000244140625 46.250999450683594
103.52300262451172 -34.04999923706055 48.86800003051758
123.90699768066406 -45.24700164794922 42.39099884033203
104.82499694824219 -36.81999969482422 37.60100173950195
135.15899658203125 -37.35499954223633 33.49100112915039
136.0709991455078 -38.75400161743164 36.875999450683594