1.2929999828338623 -15.668999671936035 -23.67300033569336
1.5089999437332153 -12.003000259399414 -22.510000228881836
0.42899999022483826 -0.9620000123977661 21.408000946044922
9.248000144958496 -11.583000183105469 26.395999908447266
6.139999866485596 -17.562999725341797 -8.838000297546387
6.681000232696533 -18.844999313354492 -12.376999855041504
5.886000156402588 -22.5049991607666 -17.530000686645508
10.371000289916992 -19.63599967956543 -15.543999671936035
8.857000350952148 -13.937999725341797 -12.980999946594238
13.904000282287598 -8.82699966430664 -17.12299919128418
0.0010000000474974513 -6.423999786376953 -30.275999069213867
4.668000221252441 -4.072000026702881 -28.91699981689453
13.411999702453613 -6.376999855041504 -13.510000228881836
12.289999961853027 -9.875 1.1440000534057617
11.567999839782715 -4.6539998054504395 -0.7870000004768372
10.79800033569336 -2.3529999256134033 2.1019999980926514
13.574999809265137 -0.2630000114440918 3.572999954223633
5.547999858856201 11.729999542236328 12.949999809265137
12.531000137329102 29.58300018310547 24.191999435424805
17.516000747680664 26.740999221801758 27.05699920654297
14.569999694824219 28.006999969482422 29.099000930786133
8.494999885559082 25.202999114990234 23.815000534057617
9.89900016784668 14.963000297546387 4.703999996185303
12.732000350952148 16.332000732421875 8.901000022888184
3.6549999713897705 20.93199920654297 21.614999771118164
6.0320000648498535 24.913000106811523 13.196000099182129
9.175999641418457 25.844999313354492 15.097999572753906
13.517000198364258 28.665000915527344 11.41100025177002
21.80500030517578 22.341999053955078 13.194999694824219
22.371999740600586 20.017000198364258 24.69099998474121
17.198999404907227 19.56999969482422 27.534000396728516
18.735000610351562 13.831999778747559 34.244998931884766
14.196000099182129 6.974999904632568 9.744999885559082
14.196000099182129 -4.26200008392334 4.315000057220459
11.388999938964844 -6.791999816894531 4.890999794006348
12.333000183105469 -6.744999885559082 10.248000144958496
9.116999626159668 -1.003999948501587 20.07900047302246
-3.683000087738037 -6.085000038146973 -25.02899932861328