14.567000389099121 26.7549991607666 40.763999938964844
27.00200080871582 24.871999740600586 41.6150016784668
32.40299987792969 29.645999908447266 46.13800048828125
29.485000610351562 35.106998443603516 48.57400131225586
38.242000579833984 44.66999816894531 32.13100051879883
33.42599868774414 43.112998962402344 29.59000015258789
18.535999298095703 23.965999603271484 33.823001861572266
32.51100158691406 30.756999969482422 33.19499969482422
29.40399932861328 44.242000579833984 26.56800079345703
24.121999740600586 40.74100112915039 21.757999420166016
22.19499969482422 37.98899841308594 23.55299949645996
27.711999893188477 22.125999450683594 23.503000259399414
16.52899932861328 28.981000900268555 25.583999633789062
16.100000381469727 34.720001220703125 36.74300003051758
12.715999603271484 34.83700180053711 32.422000885009766
14.029000282287598 34.45100021362305 28.871000289916992
23.48200035095215 43.41699981689453 24.513999938964844
25.312000274658203 41.551998138427734 27.27199935913086
23.427000045776367 41.09299850463867 37.525001525878906
25.540000915527344 37.50699996948242 35.48500061035156
16.134000778198242 22.82900047302246 25.37700080871582
8.210000038146973 33.053001403808594 31.99799919128418