-38.37900161743164 19.966999053955078 -11.36299991607666
-35.999000549316406 27.93400001525879 -8.805999755859375
-36.27399826049805 30.570999145507812 -6.019999980926514
-28.551000595092773 34.87799835205078 -3.1510000228881836
-10.97599983215332 29.01300048828125 15.449999809265137
-12.446000099182129 34.191001892089844 -0.3569999933242798
-14.675999641418457 32.30799865722656 -5.8520002365112305
-16.80500030517578 32.67499923706055 -9.01099967956543
-33.64099884033203 13.22700023651123 -7.068999767303467
-23.224000930786133 11.732999801635742 -10.050000190734863
-17.781999588012695 12.611000061035156 -12.020000457763672
-15.8149995803833 17.145000457763672 -7.244999885559082
-14.13599967956543 21.371999740600586 -16.340999603271484
-7.327000141143799 23.823999404907227 -8.62600040435791
-33.90700149536133 19.219999313354492 3.3469998836517334
-27.222999572753906 23.496999740600586 8.21500015258789
-22.30699920654297 16.71500015258789 13.609999656677246
-17.013999938964844 14.121000289916992 11.210000038146973
-12.579000473022461 23.775999069213867 9.430000305175781
-11.366999626159668 29.704999923706055 -1.8020000457763672
-41.3380012512207 25.520999908447266 -5.894000053405762
-33.7869987487793 22.29599952697754 -0.8859999775886536
-1.8029999732971191 26.077999114990234 -8.265999794006348