23.878000259399414 11.984000205993652 -6.86299991607666
17.881000518798828 10.64799976348877 -8.008999824523926
4.997000217437744 28.485000610351562 -7.25600004196167
1.0549999475479126 30.39699935913086 -2.509000062942505
-1.3389999866485596 18.27899932861328 0.8970000147819519
11.180000305175781 16.749000549316406 -1.7829999923706055
27.589000701904297 24.56999969482422 6.843999862670898
29.211000442504883 20.854000091552734 3.684000015258789
25.768999099731445 19.297000885009766 3.566999912261963
9.286999702453613 8.871999740600586 3.8450000286102295
14.147000312805176 1.4989999532699585 2.065000057220459
17.69099998474121 10.446000099182129 -0.32499998807907104
17.676000595092773 11.630000114440918 3.203000068664551
9.954000473022461 9.883999824523926 9.17300033569336
7.067999839782715 18.375 17.888999938964844
20.216999053955078 9.350000381469727 7.0269999504089355
20.90999984741211 5.668000221252441 6.709000110626221
19.69099998474121 -0.4490000009536743 7.058000087738037
24.64699935913086 2.003999948501587 5.692999839782715
24.016000747680664 8.02299976348877 3.3340001106262207
27.3700008392334 9.256999969482422 2.2219998836517334
29.70400047302246 10.604000091552734 6.295000076293945
28.118000030517578 13.911999702453613 10.79800033569336
28.888999938964844 18.253999710083008 14.319999694824219
23.381999969482422 25.077999114990234 13.175000190734863
10.59000015258789 24.73900032043457 3.174999952316284
13.727999687194824 29.21299934387207 6.60699987411499
20.07900047302246 1.125 19.89699935913086
11.954000473022461 4.269999980926514 19.05500030517578
8.793000221252441 10.956999778747559 20.076000213623047
10.01099967956543 22.649999618530273 18.329999923706055
29.666000366210938 1.3849999904632568 15.552000045776367
24.065000534057617 1.3890000581741333 16.95800018310547
16.136999130249023 29.059999465942383 17.34600067138672
14.798999786376953 31.23699951171875 14.47599983215332