24.624000549316406 -17.659000396728516 -3.122999906539917
24.027000427246094 -6.2230000495910645 -6.329999923706055
39.75699996948242 4.425000190734863 3.4709999561309814
41.95199966430664 7.498000144958496 3.247999906539917
44.597999572753906 6.144999980926514 0.9070000052452087
55.15700149536133 10.586999893188477 -5.050000190734863
54.59600067138672 14.982000350952148 -2.253000020980835
35.672000885009766 9.015999794006348 -2.0230000019073486
38.680999755859375 11.519000053405762 -5.6479997634887695
54.965999603271484 18.066999435424805 1.2369999885559082
56.525001525878906 23.361000061035156 6.757999897003174
56.60499954223633 30.268999099731445 14.781000137329102
52.374000549316406 40.75899887084961 9.161999702453613
47.97999954223633 34.805999755859375 13.515000343322754
49.4739990234375 35.17599868774414 17.017000198364258
53.18000030517578 33.54199981689453 18.878000259399414
51.189998626708984 22.525999069213867 17.007999420166016
50.5989990234375 19.434999465942383 11.437000274658203
49.590999603271484 19.082000732421875 4.821000099182129
24.316999435424805 21.163999557495117 8.454000473022461
21.256000518798828 7.922999858856201 7.117000102996826
42.15399932861328 10.696000099182129 14.013999938964844
41.07099914550781 3.114000082015991 7.579999923706055
37.8849983215332 3.86899995803833 9.444000244140625
25.861000061035156 -2.2339999675750732 10.829000473022461
23.84600067138672 -0.8429999947547913 5.478000164031982
26.059999465942383 5.2210001945495605 -4.710999965667725
36.981998443603516 31.64699935913086 -4.644000053405762
38.2859992980957 32.5989990234375 5.133999824523926
31.024999618530273 21.97599983215332 15.616000175476074
36.2239990234375 25.023000717163086 15.45300006866455
49.715999603271484 33.768001556396484 -0.640999972820282
47.66299819946289 28.551000595092773 -0.13300000131130219
38.52899932861328 23.208999633789062 20.74799919128418
46.573001861572266 22.718000411987305 15.644000053405762
49.39500045776367 24.4950008392334 -1.0490000247955322
46.65800094604492 25.52199935913086 -3.4809999465942383
38.67399978637695 24.59000015258789 -10.592000007629395