-7.916999816894531 31.638999938964844 2.924999952316284
3.115000009536743 26.12299919128418 2.9769999980926514
11.258999824523926 28.197999954223633 17.514999389648438
9.411999702453613 31.19499969482422 23.14900016784668
8.53600025177002 42.75600051879883 3.005000114440918
4.498000144958496 30.52199935913086 6.4079999923706055
2.253000020980835 26.1299991607666 15.831000328063965
-0.0729999989271164 32.39799880981445 15.347000122070312
2.5840001106262207 36.63600158691406 16.621999740600586
-0.875 30.650999069213867 9.88599967956543
-0.8759999871253967 24.482999801635742 11.736000061035156
1.8630000352859497 19.53499984741211 14.336000442504883
5.245999813079834 22.22800064086914 4.570000171661377
20.06599998474121 29.322999954223633 20.152000427246094
21.249000549316406 28.152000427246094 23.56599998474121
17.007999420166016 23.017000198364258 25.981000900268555
10.458000183105469 21.16900062561035 23.865999221801758
13.437000274658203 12.217000007629395 6.908999919891357
17.87700080871582 17.025999069213867 5.640999794006348
15.887999534606934 22.023000717163086 7.059999942779541
20.92799949645996 34.94200134277344 15.303999900817871
23.584999084472656 16.173999786376953 16.224000930786133
25.649999618530273 20.025999069213867 12.762999534606934
22.17799949645996 30.511999130249023 8.031000137329102
22.621999740600586 36.020999908447266 10.779000282287598
29.0939998626709 40.356998443603516 8.854000091552734
24.766000747680664 41.23500061035156 5.650000095367432
20.02899932861328 38.60900115966797 3.98799991607666
12.50100040435791 27.15999984741211 -4.355999946594238
10.598999977111816 24.038999557495117 -5.453000068664551