35.334999084472656 10.699999809265137 5.538000106811523
25.805999755859375 -3.066999912261963 9.8149995803833
25.035999298095703 -1.0709999799728394 -5.631999969482422
4.250999927520752 2.6689999103546143 -8.496999740600586
12.88599967956543 4.883999824523926 -8.795000076293945
23.084999084472656 5.294000148773193 4.603000164031982
26.85099983215332 5.0920000076293945 4.311999797821045
33.38100051879883 1.434000015258789 -2.005000114440918
27.73699951171875 -0.12399999797344208 -2.437999963760376
20.760000228881836 -2.4000000953674316 11.706000328063965
17.44499969482422 0.34599998593330383 11.039999961853027
18.166000366210938 -0.652999997138977 7.466000080108643
12.833999633789062 2.7860000133514404 10.001999855041504
11.86299991607666 2.5309998989105225 13.635000228881836
9.520000457763672 -0.23600000143051147 14.753000259399414
-2.365000009536743 -0.8510000109672546 6.814000129699707
10.524999618530273 -4.946000099182129 11.840999603271484
14.748000144958496 -3.928999900817871 8.32699966430664
17.062000274658203 -5.644000053405762 1.0520000457763672
-2.4649999141693115 20.53700065612793 1.156000018119812
11.010000228881836 14.013999938964844 -3.3440001010894775
6.683000087738037 11.206000328063965 10.26200008392334
3.628999948501587 12.706999778747559 8.61400032043457
9.230999946594238 26.0 10.276000022888184
23.158000946044922 18.506999969482422 7.997000217437744
6.296000003814697 28.465999603271484 -3.558000087738037
11.595999717712402 30.13599967956543 -10.050000190734863