22.89699935913086 35.97800064086914 66.71800231933594
18.18000030517578 31.7189998626709 60.77399826049805
2.563999891281128 31.14900016784668 60.48500061035156
4.739999771118164 34.277000427246094 60.784000396728516
19.9060001373291 28.9689998626709 81.03399658203125
20.518999099731445 22.91900062561035 76.14099884033203
-1.9609999656677246 24.39699935913086 74.38800048828125
4.960000038146973 20.7810001373291 72.26499938964844
0.6179999709129333 19.107999801635742 63.50400161743164
3.23799991607666 23.924999237060547 63.948001861572266
24.33799934387207 31.3700008392334 66.52100372314453
22.746000289916992 26.41900062561035 68.33899688720703
1.5130000114440918 17.275999069213867 68.30999755859375
-1.9550000429153442 16.565000534057617 69.73500061035156