-1.2410000562667847 5.622000217437744 158.11900329589844
0.07800000160932541 3.1489999294281006 155.5709991455078
14.027999877929688 18.740999221801758 102.1780014038086
11.678999900817871 21.253999710083008 103.85600280761719
0.3959999978542328 32.137001037597656 114.14900207519531
0.4699999988079071 29.52199935913086 108.87000274658203
17.417999267578125 22.518999099731445 102.2979965209961
7.4679999351501465 29.993999481201172 101.375
-8.20300006866455 28.014999389648438 105.68499755859375
-3.1089999675750732 28.4060001373291 100.23300170898438
3.313999891281128 35.65299987792969 98.95800018310547
7.61299991607666 32.9379997253418 95.98899841308594
9.163999557495117 30.899999618530273 91.10099792480469
6.131999969482422 32.034000396728516 89.072998046875
-2.7769999504089355 23.993000030517578 86.49800109863281
1.1519999504089355 21.496999740600586 96.47100067138672
24.049999237060547 20.812999725341797 90.83799743652344