-1.8200000524520874 18.62700080871582 18.531999588012695
1.1269999742507935 25.885000228881836 13.286999702453613
-0.4429999887943268 37.652000427246094 7.646999835968018
-1.5399999618530273 36.38399887084961 -4.1020002365112305
3.240000009536743 20.22599983215332 3.631999969482422
-2.069000005722046 23.982999801635742 10.362000465393066
-7.711999893188477 42.448001861572266 6.954999923706055
-13.774999618530273 37.582000732421875 5.145999908447266
-7.843999862670898 19.10300064086914 0.460999995470047
-6.376999855041504 22.472999572753906 8.644000053405762
-6.785999774932861 41.7760009765625 11.73900032043457
-1.378999948501587 47.43299865722656 16.88800048828125
-2.815000057220459 26.118000030517578 21.238000869750977
5.947000026702881 29.679000854492188 12.163999557495117
3.433000087738037 38.770999908447266 4.236000061035156
9.553000450134277 61.869998931884766 -3.0390000343322754
2.611999988555908 63.606998443603516 2.00600004196167
3.513000011444092 62.80099868774414 5.553999900817871
11.248000144958496 31.45199966430664 22.45199966430664
12.977999687194824 28.822999954223633 24.534000396728516
8.866000175476074 27.847000122070312 27.74799919128418
10.107000350952148 28.268999099731445 15.652000427246094
10.758999824523926 42.104000091552734 1.6799999475479126
12.701000213623047 47.33300018310547 -4.204999923706055
15.276000022888184 51.814998626708984 -4.74399995803833
11.126999855041504 55.152000427246094 -2.7330000400543213
15.699999809265137 28.371000289916992 18.982999801635742
14.036999702453613 30.895999908447266 16.533000946044922
10.831000328063965 40.599998474121094 -7.810999870300293
5.201000213623047 38.53200149536133 -9.29800033569336
1.9010000228881836 37.84299850463867 -11.215999603271484
7.1620001792907715 34.893001556396484 -11.104999542236328
2.9639999866485596 33.47700119018555 -6.24399995803833
11.14799976348877 24.315000534057617 7.177000045776367
13.645000457763672 22.06399917602539 9.057999610900879
18.020000457763672 24.4060001373291 10.100000381469727
17.584999084472656 37.02199935913086 2.688999891281128
13.291999816894531 37.59400177001953 -8.64900016784668
16.597999572753906 40.667999267578125 -11.126999855041504