39.768001556396484 31.402999877929688 39.77000045776367
34.590999603271484 32.16400146484375 41.48500061035156
31.29199981689453 23.139999389648438 24.930999755859375
33.61600112915039 22.41200065612793 30.18400001525879
32.5620002746582 36.387001037597656 44.904998779296875
26.134000778198242 34.58100128173828 38.5260009765625
39.382999420166016 26.584999084472656 27.0310001373291
49.44599914550781 34.84600067138672 22.30699920654297
35.459999084472656 42.183998107910156 25.34000015258789
25.562999725341797 39.21799850463867 21.87299919128418
26.211000442504883 37.275001525878906 25.075000762939453
32.07600021362305 38.55400085449219 27.500999450683594
48.801998138427734 28.347999572753906 34.70100021362305
44.45199966430664 27.340999603271484 31.347000122070312
24.591999053955078 33.7869987487793 32.255001068115234
18.444000244140625 28.183000564575195 28.275999069213867
17.417999267578125 27.5 21.509000778198242
8.28600025177002 23.29800033569336 21.840999603271484
5.525000095367432 32.446998596191406 14.352999687194824
33.17100143432617 45.290000915527344 12.923999786376953
20.89299964904785 26.391000747680664 18.10700035095215
21.7189998626709 30.895000457763672 20.740999221801758
15.92199993133545 34.7239990234375 28.525999069213867
17.857999801635742 35.979000091552734 22.233999252319336
27.083999633789062 33.005001068115234 22.229999542236328
35.86899948120117 31.957000732421875 19.28499984741211
39.59000015258789 27.06800079345703 15.029999732971191
35.57500076293945 16.768999099731445 17.37299919128418
35.167999267578125 18.604000091552734 20.6560001373291
31.226999282836914 15.361000061035156 16.701000213623047
30.9689998626709 19.09600067138672 15.881999969482422
28.469999313354492 25.357999801635742 1.1460000276565552
33.680999755859375 23.163999557495117 -0.8930000066757202
27.81599998474121 35.32899856567383 4.497000217437744
10.51099967956543 21.610000610351562 13.75100040435791
30.882999420166016 16.457000732421875 4.771999835968018
19.843000411987305 21.993999481201172 -6.710000038146973
31.891000747680664 27.121999740600586 -8.053000450134277
36.555999755859375 25.452999114990234 -5.855999946594238
10.508000373840332 26.540000915527344 -0.8769999742507935
9.199000358581543 25.222999572753906 4.817999839782715
5.736000061035156 34.2599983215332 1.0420000553131104
20.347999572753906 30.406999588012695 1.2949999570846558
22.21500015258789 40.91400146484375 7.894999980926514
14.821999549865723 45.74599838256836 6.058000087738037
9.114999771118164 43.027000427246094 4.47599983215332
7.007999897003174 44.66600036621094 8.87600040435791
9.074000358581543 29.01099967956543 29.597999572753906