19.944000244140625 -2.0420000553131104 -5.368000030517578
20.08099937438965 -6.973999977111816 -9.902999877929688
7.584000110626221 -16.83099937438965 -24.841999053955078
16.14299964904785 -15.888999938964844 -34.47700119018555
23.77199935913086 -1.4490000009536743 -10.133999824523926
28.45599937438965 -4.206999778747559 -17.128999710083008
27.118999481201172 -23.44300079345703 -19.95599937438965
32.415000915527344 -20.17799949645996 -22.06100082397461
30.599000930786133 -16.160999298095703 -26.45599937438965
32.75199890136719 -20.80900001525879 -28.667999267578125
25.375999450683594 -17.74799919128418 -30.552000045776367
25.32699966430664 -2.128000020980835 -25.572999954223633
22.67099952697754 -4.465000152587891 -21.41900062561035
20.17300033569336 -22.358999252319336 -36.12900161743164
18.493999481201172 -29.273000717163086 -28.944000244140625
21.868999481201172 -25.197999954223633 -22.368999481201172
22.091999053955078 -23.240999221801758 -19.131000518798828
30.65999984741211 -4.144000053405762 -10.781999588012695
25.698999404907227 -11.3149995803833 -9.581999778747559
15.027999877929688 -22.035999298095703 -22.76799964904785
7.484000205993652 -26.006000518798828 -22.66900062561035
5.452000141143799 -24.343000411987305 -19.93000030517578