19.32200050354004 21.28499984741211 23.288999557495117
6.5229997634887695 15.218000411987305 31.615999221801758
9.057999610900879 -5.198999881744385 35.04199981689453
11.184000015258789 -6.614999771118164 37.8380012512207
16.450000762939453 17.91900062561035 35.180999755859375
7.446000099182129 16.024999618530273 36.11000061035156
3.8550000190734863 3.569999933242798 36.95399856567383
6.251999855041504 -6.670000076293945 31.23200035095215
2.617000102996826 -0.7839999794960022 29.466999053955078
-1.0019999742507935 0.39399999380111694 29.625999450683594
-2.513000011444092 5.938000202178955 28.179000854492188
0.9629999995231628 12.729000091552734 24.128000259399414
2.4769999980926514 15.730999946594238 22.298999786376953
4.146999835968018 13.661999702453613 27.634000778198242
15.456999778747559 -7.138999938964844 30.503000259399414
12.407999992370605 -6.014999866485596 22.992000579833984
3.6489999294281006 -0.19699999690055847 19.52400016784668
8.291000366210938 3.3399999141693115 20.590999603271484
17.608999252319336 2.492000102996826 21.920000076293945
22.45800018310547 8.107000350952148 21.440000534057617
8.824000358581543 11.543999671936035 16.285999298095703
8.305999755859375 6.15500020980835 24.011999130249023
18.232999801635742 -3.063999891281128 31.631000518798828
23.042999267578125 3.2160000801086426 33.70199966430664
16.027000427246094 15.946999549865723 19.89900016784668
9.359000205993652 14.256999969482422 4.25
-1.2389999628067017 6.504000186920166 13.463000297546387
-3.930000066757202 5.644999980926514 10.855999946594238