38.47100067138672 1.1030000448226929 20.77899932861328
41.94599914550781 1.9609999656677246 19.417999267578125
69.17400360107422 22.96500015258789 -0.6729999780654907
69.51300048828125 23.875999450683594 -4.366000175476074
74.552001953125 41.82400131225586 -5.379000186920166
78.24500274658203 37.56399917602539 -8.383999824523926
61.685001373291016 26.900999069213867 -0.210999995470047
58.4370002746582 26.459999084472656 1.7660000324249268
46.625 -10.154999732971191 17.00200080871582
45.244998931884766 -2.0510001182556152 12.562999725341797
50.29899978637695 13.736000061035156 12.538999557495117
57.972999572753906 19.499000549316406 13.032999992370605
64.6050033569336 21.658000946044922 12.265000343322754
65.70800018310547 30.416000366210938 3.2269999980926514
76.29900360107422 30.273000717163086 1.871000051498413
69.07499694824219 20.44499969482422 4.4679999351501465
41.03900146484375 -3.8420000076293945 21.291000366210938
37.85499954223633 -5.843999862670898 22.172000885009766