-5.170000076293945 -10.170000076293945 8.64799976348877
-3.5480000972747803 -0.6539999842643738 6.366000175476074
-1.437999963760376 15.281000137329102 12.1899995803833
7.26200008392334 19.29199981689453 5.065999984741211
8.961999893188477 21.097999572753906 7.945000171661377
3.615000009536743 22.714000701904297 7.150000095367432
0.8119999766349792 20.6299991607666 8.687999725341797
-0.32199999690055847 17.826000213623047 6.395999908447266
-0.7390000224113464 20.305999755859375 2.134000062942505
-2.186000108718872 17.60099983215332 -0.07599999755620956
6.883999824523926 2.0880000591278076 2.5789999961853027
1.3200000524520874 17.93000030517578 -6.1570000648498535
2.075000047683716 3.871999979019165 -12.026000022888184
-0.7580000162124634 1.8619999885559082 -13.581000328063965
-7.3460001945495605 2.4860000610351562 -13.227999687194824
-13.38700008392334 5.679999828338623 -9.569999694824219
-8.064000129699707 -4.900000095367432 -1.496999979019165
-4.571000099182129 4.410999774932861 -4.813000202178955
-2.6570000648498535 18.7189998626709 -12.010000228881836
-4.23199987411499 17.981000900268555 -5.9039998054504395
-10.331999778747559 4.482999801635742 0.367000013589859
-20.868999481201172 9.454999923706055 -4.166999816894531
-23.37299919128418 9.845000267028809 -7.0329999923706055
-16.8700008392334 8.99899959564209 -6.965000152587891
-14.91100025177002 7.098999977111816 -4.311999797821045
-14.319000244140625 8.189000129699707 -0.7099999785423279
-5.138999938964844 17.683000564575195 2.98799991607666
-11.092000007629395 22.94700050354004 5.714000225067139
-9.866000175476074 18.54400062561035 3.5380001068115234
-11.211000442504883 15.038000106811523 3.9149999618530273
-13.222999572753906 12.883999824523926 -4.513999938964844
-13.284000396728516 17.81100082397461 -2.9240000247955322
-12.593999862670898 18.413000106811523 -12.404000282287598
-11.01200008392334 14.465999603271484 -15.194000244140625
-6.638000011444092 10.041999816894531 -12.79800033569336
0.6790000200271606 0.9980000257492065 -6.841000080108643
-1.9299999475479126 -5.46999979019165 3.190000057220459