20.929000854492188 37.404998779296875 50.630001068115234
26.014999389648438 52.62699890136719 49.83300018310547
24.025999069213867 61.87900161743164 40.222999572753906
23.18600082397461 58.720001220703125 49.18299865722656
20.141000747680664 49.02799987792969 49.744998931884766
14.173999786376953 46.1619987487793 53.48699951171875
10.932999610900879 44.59000015258789 46.3120002746582
23.562000274658203 50.202999114990234 32.284000396728516
22.2450008392334 52.15800094604492 22.684999465942383
4.38700008392334 54.35900115966797 38.77199935913086
8.470000267028809 48.32699966430664 44.70100021362305
30.006000518798828 52.104000091552734 36.915000915527344
32.707000732421875 59.819000244140625 37.05799865722656
22.8439998626709 66.48699951171875 31.974000930786133
21.30900001525879 56.93899917602539 38.76100158691406
29.819000244140625 52.97700119018555 41.459999084472656
31.959999084472656 46.01900100708008 42.79600143432617
25.322999954223633 40.71200180053711 40.65700149536133
21.159000396728516 43.78499984741211 33.058998107910156
12.982000350952148 40.415000915527344 47.196998596191406
18.70599937438965 38.38100051879883 44.762001037597656
19.48900032043457 42.270999908447266 27.91699981689453
8.123000144958496 46.98500061035156 30.506999969482422
8.126999855041504 38.23099899291992 44.042999267578125
6.576000213623047 37.849998474121094 47.52199935913086