12.251999855041504 -3.927000045776367 3.1649999618530273
12.312000274658203 -11.390000343322754 7.800000190734863
-1.850000023841858 -14.479000091552734 12.050999641418457
-6.9120001792907715 -18.19300079345703 4.853000164031982
-15.333000183105469 -10.668999671936035 9.508000373840332
-14.460000038146973 -9.447999954223633 3.2769999504089355
-3.1500000953674316 -12.930999755859375 6.418000221252441
-6.01200008392334 -8.699999809265137 4.25
-10.381999969482422 -6.89300012588501 0.17900000512599945
-9.642999649047852 -17.84000015258789 -3.4560000896453857
-5.938000202178955 -16.954999923706055 -3.552999973297119
-0.10199999809265137 -18.642000198364258 -0.609000027179718
5.956999778747559 10.09000015258789 13.062999725341797
13.47599983215332 0.8410000205039978 12.157999992370605
-7.124000072479248 -7.585999965667725 12.744999885559082
-5.269000053405762 -27.121999740600586 18.75200080871582