2.5230000019073486 -8.428999900817871 17.60300064086914
2.861999988555908 -5.252999782562256 15.541999816894531
-8.611000061035156 13.89900016784668 18.54800033569336
-8.303000450134277 9.166000366210938 12.67199993133545
1.8880000114440918 -5.138999938964844 21.84600067138672
-3.2170000076293945 -9.53600025177002 23.275999069213867
2.2109999656677246 5.432000160217285 34.41899871826172
7.210999965667725 2.7880001068115234 34.03200149536133
-6.64300012588501 -14.388999938964844 24.177000045776367
-2.880000114440918 -10.937000274658203 34.391998291015625
11.925999641418457 6.189000129699707 23.273000717163086
10.663999557495117 0.9399999976158142 23.989999771118164
-0.11500000208616257 -14.821000099182129 35.98099899291992
8.13599967956543 -13.163999557495117 34.637001037597656
4.230999946594238 1.7410000562667847 23.3799991607666
2.5179998874664307 7.572000026702881 26.614999771118164
-10.807999610900879 -6.177999973297119 21.476999282836914
-8.192000389099121 -4.965000152587891 16.38599967956543
2.128000020980835 13.08899974822998 28.63599967956543
-7.178999900817871 11.00100040435791 26.655000686645508
-0.23399999737739563 -6.767000198364258 11.043000221252441