34.64899826049805 -8.98900032043457 30.61400032043457
23.656999588012695 -4.781000137329102 32.92399978637695
17.275999069213867 2.7709999084472656 26.329999923706055
18.167999267578125 9.305999755859375 24.488000869750977
21.549999237060547 -4.1579999923706055 9.635000228881836
18.283000946044922 -12.175999641418457 6.642000198364258
18.490999221801758 -7.808000087738037 -1.2130000591278076
18.604999542236328 6.34499979019165 6.059999942779541
11.531000137329102 7.089000225067139 21.04400062561035
16.202999114990234 -2.578000068664551 26.30500030517578
29.04800033569336 -4.525000095367432 29.367000579833984
26.524999618530273 -2.1559998989105225 23.90999984741211
-5.111000061035156 -0.6140000224113464 17.21500015258789
-3.8489999771118164 3.799999952316284 5.078999996185303
3.875999927520752 3.6630001068115234 -2.2070000171661377
13.418000221252441 -0.7310000061988831 -4.40500020980835
-2.864000082015991 -8.232999801635742 6.758999824523926
-4.192999839782715 -9.47599983215332 16.92099952697754
-9.276000022888184 -7.563000202178955 22.54800033569336
-2.11299991607666 -1.7009999752044678 21.975000381469727
27.301000595092773 -8.142000198364258 19.27400016784668
29.450000762939453 -11.088000297546387 18.09600067138672
27.518999099731445 -14.468999862670898 21.833999633789062
21.95400047302246 -12.427000045776367 26.07200050354004
3.7679998874664307 -0.640999972820282 31.360000610351562
0.17800000309944153 -8.904000282287598 24.323999404907227
12.616000175476074 -13.026000022888184 9.920000076293945
15.696999549865723 -18.66200065612793 12.723999977111816
9.904000282287598 -17.983999252319336 25.86400032043457
3.369999885559082 -18.81800079345703 19.30900001525879
11.059000015258789 -17.628999710083008 1.6549999713897705
7.431000232696533 -16.110000610351562 -1.8519999980926514
7.822000026702881 -15.630999565124512 -5.59499979019165
7.730999946594238 -12.871000289916992 -8.196000099182129
12.21500015258789 -15.961999893188477 -5.25600004196167
12.003999710083008 -12.333999633789062 -4.151000022888184
10.550999641418457 -18.600000381469727 7.160999774932861
1.694000005722046 -11.951000213623047 28.959999084472656
-1.1770000457763672 -10.788999557495117 31.167999267578125