25.1560001373291 10.88599967956543 -1.4559999704360962
19.927000045776367 14.569000244140625 5.639999866485596
4.671000003814697 24.38800048828125 10.371999740600586
9.168999671936035 25.961999893188477 14.303000450134277
20.304000854492188 10.255000114440918 7.293000221252441
13.097000122070312 5.27400016784668 8.789999961853027
10.949000358581543 2.114000082015991 8.793000221252441
8.14799976348877 7.057000160217285 12.472999572753906
9.57699966430664 9.51200008392334 17.90399932861328
7.228000164031982 20.91699981689453 8.383999824523926
19.010000228881836 13.206000328063965 -0.8880000114440918
13.192999839782715 10.456999778747559 -0.3840000033378601
4.99399995803833 2.0309998989105225 8.505000114440918
3.3410000801086426 1.0210000276565552 2.687999963760376
13.496999740600586 16.040000915527344 -3.1029999256134033
13.883999824523926 21.677000045776367 -0.460999995470047
6.9039998054504395 24.860000610351562 5.355000019073486
1.0829999446868896 17.246000289916992 0.1509999930858612
-1.7009999752044678 13.85200023651123 7.038000106811523
7.982999801635742 5.918000221252441 7.2220001220703125
16.29800033569336 6.49399995803833 -3.119999885559082
23.500999450683594 2.8959999084472656 -9.729999542236328