-0.3529999852180481 8.409000396728516 6.578999996185303
-3.9830000400543213 11.550000190734863 1.0809999704360962
18.0 16.336000442504883 -10.038999557495117
21.347000122070312 17.55299949645996 -11.39900016784668
20.084999084472656 21.663000106811523 -14.307999610900879
14.315999984741211 21.249000549316406 -8.538999557495117
-0.6460000276565552 7.2820000648498535 -1.281999945640564
3.0320000648498535 10.336000442504883 -9.380000114440918
14.166999816894531 26.945999145507812 -10.843000411987305
5.743000030517578 28.819000244140625 -2.2330000400543213
-8.208999633789062 15.262999534606934 -9.357999801635742
-5.235000133514404 16.163999557495117 2.247999906539917
7.829999923706055 18.184999465942383 5.651000022888184
8.906000137329102 27.025999069213867 4.341000080108643
4.238999843597412 29.812000274658203 4.539000034332275
1.2280000448226929 32.11899948120117 4.882999897003174
-10.211000442504883 23.07200050354004 0.7559999823570251
-6.040999889373779 19.72800064086914 4.604000091552734
6.14300012588501 15.387999534606934 9.253999710083008
6.039000034332275 6.758999824523926 -0.11999999731779099
19.408000946044922 9.303000450134277 -25.475000381469727
17.691999435424805 22.27400016784668 -21.645999908447266
3.2739999294281006 0.9520000219345093 -17.042999267578125
-0.7680000066757202 3.2690000534057617 -11.029000282287598
-10.413000106811523 2.0409998893737793 -10.942000389099121
-10.1899995803833 -1.5809999704360962 -5.2179999351501465
-11.659000396728516 -0.4399999976158142 -1.899999976158142
-11.769000053405762 -10.345000267028809 10.711000442504883
-0.8640000224113464 -4.791999816894531 20.84000015258789
-3.6019999980926514 -10.781999588012695 20.30500030517578
0.3230000138282776 -5.034999847412109 1.8229999542236328
1.8020000457763672 -2.734999895095825 6.4070000648498535
-15.241999626159668 -2.9860000610351562 14.651000022888184
-8.645999908447266 2.8399999141693115 11.114999771118164
1.899999976158142 -6.840000152587891 8.696000099182129
-1.809999942779541 -8.902999877929688 12.13700008392334
-9.17300033569336 -14.279000282287598 13.138999938964844
-10.376999855041504 -17.9060001373291 12.789999961853027