23.51300048828125 54.2859992980957 11.477999687194824
22.117000579833984 57.2869987487793 9.708000183105469
27.281999588012695 62.30099868774414 -0.9649999737739563
36.520999908447266 52.62699890136719 8.789999961853027
37.12900161743164 58.233001708984375 1.7949999570846558
35.17599868774414 63.52199935913086 -6.2220001220703125
33.650001525878906 66.85199737548828 -7.103000164031982
27.14699935913086 67.20600128173828 -5.763999938964844
22.253000259399414 63.979000091552734 -2.7850000858306885
22.944000244140625 51.02899932861328 8.343000411987305
30.148000717163086 49.04399871826172 3.8259999752044678
25.749000549316406 56.106998443603516 -10.902000427246094
29.06800079345703 55.948001861572266 -9.065999984741211
43.608001708984375 51.042999267578125 -3.0940001010894775
38.54199981689453 54.5620002746582 -0.7620000243186951
30.201000213623047 57.49800109863281 -13.395999908447266
35.17100143432617 57.22800064086914 -15.66100025177002
38.50400161743164 57.06800079345703 -17.448999404907227
51.112998962402344 45.89099884033203 -23.95199966430664
47.83000183105469 39.887001037597656 -21.363000869750977
49.53799819946289 42.39099884033203 -6.258999824523926
39.65800094604492 43.86399841308594 -22.079999923706055
43.09600067138672 39.516998291015625 -26.690000534057617
46.766998291015625 46.79399871826172 -26.753999710083008
38.073001861572266 55.11000061035156 -11.734999656677246
40.8650016784668 57.479000091552734 -12.66100025177002
60.46699905395508 43.05099868774414 -21.108999252319336
65.54399871826172 39.20899963378906 -26.363000869750977