41.30699920654297 9.88700008392334 14.86299991607666
33.433998107910156 14.57800006866455 16.80500030517578
34.16999816894531 16.92799949645996 13.927000045776367
30.045000076293945 18.88599967956543 17.40999984741211
21.770000457763672 17.9060001373291 29.038000106811523
18.267000198364258 13.303999900817871 30.773000717163086
23.020999908447266 2.8459999561309814 27.138999938964844
19.006000518798828 4.131999969482422 17.386999130249023
20.229000091552734 24.22100067138672 15.232000350952148
18.187999725341797 21.45199966430664 6.817999839782715
28.45800018310547 -10.609000205993652 8.64799976348877
21.9950008392334 -6.056000232696533 11.996000289916992
26.295000076293945 25.402999877929688 4.552999973297119
27.95599937438965 20.06100082397461 3.4549999237060547
24.909000396728516 9.25 18.697999954223633
27.086999893188477 4.146999835968018 16.982999801635742
31.740999221801758 -1.3220000267028809 20.413000106811523
29.643999099731445 10.244000434875488 16.417999267578125
29.240999221801758 12.484999656677246 5.89300012588501
35.7599983215332 -0.18299999833106995 12.121999740600586
29.16200065612793 -5.625999927520752 4.543000221252441
12.79800033569336 11.689000129699707 4.0970001220703125
11.869999885559082 8.08899974822998 9.87399959564209
15.689000129699707 -1.4529999494552612 7.304999828338623
20.784000396728516 -11.210000038146973 1.0820000171661377
17.666000366210938 -8.22700023651123 -1.840000033378601
24.79800033569336 2.9240000247955322 -0.9110000133514404
30.047000885009766 1.8250000476837158 2.9110000133514404
35.7599983215332 -9.680999755859375 -0.734000027179718
29.85700035095215 -13.696999549865723 -8.468000411987305