5.065000057220459 -9.291999816894531 -12.991999626159668
9.10200023651123 -7.210999965667725 -15.468999862670898
15.673999786376953 -8.588000297546387 -12.723999977111816
17.59000015258789 -9.930000305175781 -9.654999732971191
16.242000579833984 -13.310999870300293 -8.803000450134277
18.68899917602539 -12.604999542236328 -2.3540000915527344
27.83799934387207 1.2170000076293945 0.5370000004768372
31.937000274658203 -2.4189999103546143 -1.055999994277954
30.999000549316406 -8.406000137329102 -1.3179999589920044
28.895000457763672 -12.015000343322754 2.6410000324249268
22.9950008392334 -13.140999794006348 5.140999794006348
28.145000457763672 -5.306000232696533 8.52299976348877
7.900000095367432 -4.205999851226807 7.639999866485596
4.572000026702881 0.6850000023841858 4.644000053405762
11.104999542236328 5.559000015258789 8.119999885559082
17.107999801635742 -1.7949999570846558 1.9199999570846558
2.24399995803833 -15.553000450134277 -8.277999877929688
7.855999946594238 -16.075000762939453 -8.04800033569336
8.475000381469727 9.197999954223633 0.4129999876022339
6.915999889373779 7.120999813079834 -4.599999904632568
17.327999114990234 -3.2820000648498535 -10.244000434875488
16.805999755859375 3.1540000438690186 -11.805999755859375
2.755000114440918 3.3529999256134033 -3.6760001182556152
5.834000110626221 -6.123000144958496 -2.065999984741211
27.881999969482422 -2.194999933242798 13.032999992370605
31.007999420166016 0.4099999964237213 26.253000259399414
30.90999984741211 2.187000036239624 29.638999938964844
39.22999954223633 3.568000078201294 26.33300018310547
40.32899856567383 2.815000057220459 22.797000885009766
39.42399978637695 3.11299991607666 19.150999069213867
23.861000061035156 16.486000061035156 14.663000106811523
38.3129997253418 7.813000202178955 26.798999786376953
34.71200180053711 7.125999927520752 27.797000885009766
31.81399917602539 11.807999610900879 32.215999603271484
15.357999801635742 7.521999835968018 21.517000198364258
26.277000427246094 2.1760001182556152 25.645999908447266
24.934999465942383 -1.4149999618530273 25.80900001525879
23.170000076293945 -3.569000005722046 23.27899932861328
23.809999465942383 6.414000034332275 11.397000312805176
28.341999053955078 6.811999797821045 0.3100000023841858
20.0310001373291 10.166000366210938 -3.946000099182129
36.625 -1.402999997138977 -1.6820000410079956
34.85100173950195 -5.013000011444092 3.260999917984009
39.76599884033203 -1.812000036239624 27.010000228881836
38.82699966430664 -1.315000057220459 30.613000869750977