13.904000282287598 82.74800109863281 23.799999237060547
13.449000358581543 76.41100311279297 23.062000274658203
18.180999755859375 54.90599822998047 19.37299919128418
19.961999893188477 57.737998962402344 23.95199966430664
16.173999786376953 79.3479995727539 18.27400016784668
14.152000427246094 81.07499694824219 8.277999877929688
29.698999404907227 71.0780029296875 18.885000228881836
25.461999893188477 72.90699768066406 22.0049991607666
22.030000686645508 86.54199981689453 18.459999084472656
21.27899932861328 87.72200012207031 14.942000389099121
17.339000701904297 81.29499816894531 10.996000289916992
24.238000869750977 67.74800109863281 22.52400016784668
29.302000045776367 53.46799850463867 23.393999099731445
31.190000534057617 57.314998626708984 20.125
32.76499938964844 60.38999938964844 13.98900032043457
11.494999885559082 66.4800033569336 10.241000175476074
22.805999755859375 73.85900115966797 6.359000205993652
36.13399887084961 70.70999908447266 15.430999755859375
34.933998107910156 67.14900207519531 16.18199920654297
22.124000549316406 63.50400161743164 4.796999931335449
25.961000442504883 73.27200317382812 2.6989998817443848
38.60300064086914 73.84300231933594 13.701000213623047
43.970001220703125 58.59600067138672 8.90999984741211
46.95399856567383 68.87699890136719 13.435999870300293
49.571998596191406 70.68599700927734 15.496999740600586
46.827999114990234 67.35700225830078 21.895999908447266
42.279998779296875 60.696998596191406 27.01300048828125
41.29199981689453 65.49299621582031 36.51100158691406
39.888999938964844 68.87899780273438 37.685001373291016
39.63800048828125 80.4729995727539 23.979000091552734
30.35700035095215 77.15799713134766 33.0629997253418
31.66699981689453 64.43900299072266 29.187000274658203
35.441001892089844 60.073001861572266 29.006999969482422
39.91899871826172 54.89799880981445 9.82800006866455
34.72600173950195 55.691001892089844 8.967000007629395
34.89099884033203 57.236000061035156 5.513999938964844
37.5369987487793 62.474998474121094 5.0
31.510000228881836 66.35600280761719 -2.368000030517578
31.780000686645508 73.47000122070312 1.8380000591278076
44.340999603271484 82.66400146484375 12.65999984741211
44.76300048828125 72.91500091552734 13.315999984741211
47.51599884033203 73.47899627685547 10.744000434875488
46.04600143432617 76.26899719238281 8.633999824523926
44.505001068115234 75.83300018310547 2.756999969482422
34.939998626708984 75.35299682617188 -1.809999942779541
32.72700119018555 78.27300262451172 -0.8029999732971191
39.334999084472656 79.83100128173828 -0.515999972820282
38.94200134277344 81.88700103759766 5.453000068664551
42.34299850463867 87.47899627685547 13.105999946594238
36.00199890136719 81.99299621582031 16.47599983215332
35.077999114990234 86.8499984741211 17.440000534057617
31.31399917602539 86.47899627685547 17.03700065612793
18.35700035095215 82.01399993896484 -0.6330000162124634
23.197999954223633 72.802001953125 -12.045999526977539