-3.0460000038146973 -31.4689998626709 5.281000137329102
-5.627999782562256 -25.764999389648438 6.019999980926514
-15.916999816894531 -12.342000007629395 4.001999855041504
-15.133000373840332 -2.6679999828338623 1.8380000591278076
-18.493000030517578 1.9429999589920044 5.829999923706055
-19.23200035095215 -7.373000144958496 8.651000022888184
-7.357999801635742 -31.597999572753906 7.326000213623047
-11.809000015258789 -28.847000122070312 14.130000114440918
-8.682999610900879 -27.035999298095703 18.836000442504883
-9.128000259399414 -23.575000762939453 20.2189998626709
-3.11899995803833 -3.174999952316284 9.880000114440918
0.5600000023841858 -8.62399959564209 14.291000366210938
-12.112000465393066 -22.523000717163086 23.15399932861328
-14.282999992370605 -16.518999099731445 24.482999801635742
-8.220999717712402 -7.934999942779541 23.035999298095703
-16.524999618530273 -8.027000427246094 17.958999633789062
-18.027000427246094 -27.434999465942383 14.84000015258789
-15.611000061035156 -26.731000900268555 10.623000144958496
-15.996000289916992 -22.913999557495117 10.581000328063965
-19.777999877929688 -4.321000099182129 14.701000213623047
-10.940999984741211 3.2290000915527344 10.1899995803833
-8.6899995803833 -1.7910000085830688 8.42199993133545
-6.40500020980835 -4.857999801635742 8.40999984741211
-2.115999937057495 -25.534000396728516 20.165000915527344
-0.574999988079071 -20.4950008392334 16.920000076293945
-4.692999839782715 -18.958999633789062 7.001999855041504
-8.850000381469727 -11.72599983215332 4.394999980926514
-13.883000373840332 3.5460000038146973 4.706999778747559
-13.470000267028809 5.631999969482422 -7.894000053405762
-11.218999862670898 5.116000175476074 -10.92300033569336
-6.388999938964844 9.656999588012695 -12.803000450134277
8.343000411987305 13.145000457763672 -17.33799934387207
18.416000366210938 15.767000198364258 -18.10099983215332
19.343000411987305 11.59000015258789 -15.791000366210938
25.16900062561035 7.840000152587891 -14.855999946594238
20.190000534057617 6.322999954223633 -17.01799964904785
-10.432000160217285 0.7059999704360962 -3.1489999294281006
-1.8880000114440918 -3.0230000019073486 -11.543000221252441
4.8420000076293945 -1.2170000076293945 -22.62299919128418
7.572999954223633 -5.980999946594238 -22.288000106811523
9.463000297546387 -3.5239999294281006 -20.0310001373291
10.265000343322754 -5.107999801635742 -16.599000930786133
10.6850004196167 -0.9879999756813049 -12.888999938964844
5.625999927520752 1.61899995803833 -4.943999767303467
-0.5049999952316284 5.459000110626221 0.16200000047683716
-4.438000202178955 10.013999938964844 1.4390000104904175
-5.315999984741211 5.763000011444092 -2.572000026702881
19.222000122070312 8.111000061035156 -21.211999893188477
14.531999588012695 9.140999794006348 -24.72599983215332
13.081999778747559 10.47599983215332 -27.986000061035156
11.800999641418457 4.677999973297119 -27.524999618530273
8.079000473022461 4.946000099182129 -26.611000061035156
3.5239999294281006 3.8570001125335693 -21.87700080871582
-10.557000160217285 -3.812999963760376 -11.465999603271484
-13.527999877929688 -1.3459999561309814 -14.427000045776367
-10.96399974822998 1.3370000123977661 -15.461000442504883
5.178999900817871 9.418999671936035 -20.865999221801758
10.295000076293945 13.663000106811523 -22.23200035095215