3.703000068664551 24.389999389648438 69.5790023803711
-1.0230000019073486 27.174999237060547 58.917999267578125
-1.2619999647140503 13.432999610900879 41.90700149536133
6.6570000648498535 12.692999839782715 43.35900115966797
7.459000110626221 9.114999771118164 44.24800109863281
9.34000015258789 7.370999813079834 47.00899887084961
14.218000411987305 11.208000183105469 55.11899948120117
18.481000900268555 21.69499969482422 52.527000427246094
16.87700080871582 19.54800033569336 43.32500076293945
16.81399917602539 23.235000610351562 25.67099952697754
17.288000106811523 20.665000915527344 13.027000427246094
16.361000061035156 10.854999542236328 16.409000396728516
11.623000144958496 10.979999542236328 42.40599822998047
10.149999618530273 13.175999641418457 39.64400100708008
7.690000057220459 10.45300006866455 38.65999984741211
7.491000175476074 7.7729997634887695 25.770000457763672
10.119999885559082 9.10200023651123 23.349000930786133
10.317999839782715 5.210000038146973 14.038999557495117
8.809000015258789 13.812000274658203 14.458000183105469
15.194999694824219 30.8799991607666 64.82499694824219
17.023000717163086 31.013999938964844 67.22200012207031