5.1579999923706055 -289.19000244140625 -6.75
5.869999885559082 -292.14898681640625 -4.47599983215332
32.55099868774414 -297.99798583984375 -3.1549999713897705
34.849998474121094 -307.1239929199219 1.5420000553131104
36.073001861572266 -313.5090026855469 1.4570000171661377
30.9689998626709 -316.8169860839844 0.5339999794960022
25.464000701904297 -316.0769958496094 2.242000102996826
31.301000595092773 -303.75201416015625 5.927000045776367
27.98900032043457 -305.3970031738281 9.503000259399414
27.479999542236328 -307.49798583984375 12.621999740600586
36.75600051879883 -315.95001220703125 19.131999969482422
38.946998596191406 -319.6340026855469 16.135000228881836
23.613000869750977 -309.2860107421875 8.835000038146973
20.298999786376953 -297.5270080566406 14.145999908447266
18.006000518798828 -303.5509948730469 15.079000473022461
19.0939998626709 -313.37200927734375 6.514999866485596
22.479000091552734 -321.8580017089844 12.583000183105469
24.19700050354004 -309.02099609375 21.68000030517578
13.104000091552734 -310.7489929199219 20.725000381469727
8.821000099182129 -312.25 8.493000030517578
9.390999794006348 -322.81201171875 2.5280001163482666
7.501999855041504 -320.8550109863281 -3.687999963760376
12.102999687194824 -323.4100036621094 -2.2300000190734863
13.991999626159668 -319.9179992675781 2.430000066757202
17.51300048828125 -328.1820068359375 19.320999145507812
27.055999755859375 -326.5480041503906 18.801000595092773
23.764999389648438 -324.04998779296875 22.316999435424805
-4.091000080108643 -316.0140075683594 13.032999992370605
1.5989999771118164 -314.77801513671875 13.958999633789062
28.024999618530273 -322.3489990234375 28.80299949645996
23.893999099731445 -319.8080139160156 31.47800064086914
3.11899995803833 -316.593994140625 8.409000396728516
-1.4470000267028809 -304.8500061035156 8.003000259399414
10.529999732971191 -303.8919982910156 27.549999237060547
15.687000274658203 -306.4930114746094 18.173999786376953
13.315999984741211 -312.6059875488281 6.4770002365112305
12.515000343322754 -306.1199951171875 1.9320000410079956
10.071000099182129 -288.2690124511719 20.575000762939453
9.96399974822998 -291.010986328125 5.004000186920166
21.240999221801758 -302.9389953613281 5.033999919891357
7.857999801635742 -299.822998046875 -4.815999984741211
-3.367000102996826 -290.4830017089844 12.031000137329102