-1.4709999561309814 15.95199966430664 24.615999221801758
2.2709999084472656 12.032999992370605 20.990999221801758
1.753000020980835 9.541000366210938 18.1299991607666
5.78000020980835 4.75 12.92300033569336
2.490000009536743 0.4690000116825104 9.866000175476074
-1.3949999809265137 0.25099998712539673 13.890999794006348
-11.031000137329102 -1.559999942779541 15.467000007629395
2.244999885559082 -11.425000190734863 26.531999588012695
18.844999313354492 -3.6619999408721924 28.968000411987305
5.75 -3.8580000400543213 33.2130012512207
20.000999450683594 -12.62600040435791 33.71200180053711
17.775999069213867 1.149999976158142 25.027999877929688
3.6570000648498535 2.746000051498413 25.496000289916992
3.7279999256134033 8.670999526977539 23.767000198364258
1.6080000400543213 5.849999904632568 22.239999771118164
1.1039999723434448 -7.507999897003174 29.006000518798828
19.87299919128418 -9.871000289916992 29.117000579833984
25.52400016784668 -9.076000213623047 26.731000900268555
26.812000274658203 -12.682999610900879 26.788000106811523
25.45199966430664 -15.661999702453613 24.76099967956543
6.855999946594238 -18.466999053955078 30.965999603271484
6.09499979019165 -12.765999794006348 21.35300064086914
16.775999069213867 -5.581999778747559 19.429000854492188
20.30900001525879 -6.956999778747559 19.628999710083008
28.27400016784668 -11.180000305175781 13.770999908447266
24.687999725341797 -23.636999130249023 19.040000915527344
4.620999813079834 -21.26799964904785 19.37700080871582
6.59499979019165 -15.270999908447266 17.45400047302246
18.349000930786133 -7.443999767303467 11.187000274658203
22.422000885009766 -13.255999565124512 14.644000053405762
19.833999633789062 -14.088000297546387 16.045000076293945
11.859000205993652 -12.736000061035156 11.871000289916992
12.324999809265137 6.093999862670898 7.485000133514404
15.3149995803833 2.0269999504089355 3.369999885559082
17.695999145507812 3.505000114440918 6.020999908447266
15.883999824523926 -10.095000267028809 5.534999847412109
13.817999839782715 2.5460000038146973 12.321999549865723
11.84000015258789 6.803999900817871 16.231000900268555
14.696000099182129 6.947999954223633 31.349000930786133
11.324999809265137 11.059000015258789 29.55500030517578
17.964000701904297 5.2829999923706055 15.055999755859375
17.02199935913086 -1.7549999952316284 13.406000137329102
-7.098999977111816 -13.722999572753906 16.21500015258789
3.2929999828338623 -18.367000579833984 15.60099983215332
0.5600000023841858 -8.543999671936035 3.5490000247955322
3.805000066757202 -3.234999895095825 1.3279999494552612
6.196000099182129 -4.070000171661377 -1.534000039100647
13.911999702453613 -8.616000175476074 -1.2480000257492065
12.581000328063965 -8.470999717712402 2.444999933242798
7.035999774932861 -2.634999990463257 5.005000114440918
4.6529998779296875 -4.263000011444092 7.510000228881836
-0.7570000290870667 -4.622000217437744 10.39799976348877
-4.9039998054504395 -8.508000373840332 10.892000198364258
-7.728000164031982 -8.868000030517578 8.258999824523926