-5.256999969482422 -46.18199920654297 -0.1679999977350235
5.547999858856201 -42.77000045776367 -4.584000110626221
10.491999626159668 -11.491000175476074 -18.43400001525879
12.326000213623047 -15.704000473022461 -21.816999435424805
3.7300000190734863 -38.78300094604492 1.2589999437332153
9.274999618530273 -35.5629997253418 2.138000011444092
15.78499984741211 -22.05699920654297 -22.78499984741211
15.074000358581543 -20.26799964904785 -6.701000213623047
8.336999893188477 -24.006000518798828 -4.77400016784668
2.640000104904175 -35.01100158691406 6.934999942779541
-0.9049999713897705 -34.499000549316406 8.168999671936035
-7.567999839782715 -32.48400115966797 1.4900000095367432
-8.258999824523926 -35.83399963378906 -3.5959999561309814
-6.418000221252441 -31.899999618530273 -7.7789998054504395
8.630999565124512 -6.939000129699707 -2.875999927520752
4.988999843597412 -10.972999572753906 -10.050000190734863
-0.03099999949336052 -46.20899963378906 -10.98900032043457
3.509999990463257 -41.979000091552734 -10.081999778747559
8.369000434875488 -7.105000019073486 -14.147000312805176
19.472000122070312 -15.385000228881836 -4.210000038146973
13.991999626159668 -19.518999099731445 4.396999835968018
8.185999870300293 -20.993999481201172 6.0980000495910645
-15.871999740600586 -18.992000579833984 -0.6470000147819519
-11.982000350952148 -22.785999298095703 -1.7829999923706055
24.072999954223633 -12.52400016784668 -0.8769999742507935
16.086999893188477 -10.961000442504883 2.6019999980926514
-11.404000282287598 -32.66600036621094 -9.053999900817871
-4.390999794006348 -24.743000030517578 10.111000061035156
25.516000747680664 -27.805999755859375 -12.017999649047852
26.61199951171875 -24.757999420166016 -13.862000465393066
20.77199935913086 -27.141000747680664 -16.10700035095215
20.716999053955078 -30.082000732421875 -13.696999549865723
-2.510999917984009 -26.645999908447266 14.527000427246094
-0.6259999871253967 -24.600000381469727 22.02199935913086