32.433998107910156 14.1850004196167 54.76300048828125
32.78799819946289 17.70199966430664 53.39799880981445
28.55500030517578 30.39900016784668 63.36600112915039
20.572999954223633 28.864999771118164 60.1879997253418
21.236000061035156 18.214000701904297 50.845001220703125
26.756999969482422 20.594999313354492 65.16300201416016
27.65399932861328 29.621999740600586 71.12300109863281
19.031999588012695 28.66699981689453 69.93399810791016
16.249000549316406 17.261999130249023 62.013999938964844
25.357999801635742 19.986000061035156 74.44300079345703
28.454999923706055 29.621999740600586 78.66600036621094
19.650999069213867 30.055999755859375 79.54199981689453
13.904000282287598 18.05299949645996 74.34300231933594
26.034000396728516 21.059999465942383 83.74500274658203
31.01099967956543 30.45400047302246 85.90699768066406
22.655000686645508 32.5 88.1500015258789
14.612000465393066 20.711999893188477 86.51599884033203
28.64900016784668 22.9950008392334 92.5270004272461
35.573001861572266 31.43000030517578 92.5510025024414
28.469999313354492 35.09000015258789 95.74099731445312
19.417999267578125 28.299999237060547 100.31900024414062
18.5310001373291 24.80299949645996 99.1240005493164