-28.798999786376953 3.38700008392334 -24.229000091552734
-22.1200008392334 8.303000450134277 -29.325000762939453
-18.500999450683594 14.607999801635742 -36.23500061035156
-15.98799991607666 10.925999641418457 -43.9900016784668
-3.4570000171661377 15.583000183105469 -46.65599822998047
-6.9070000648498535 16.527000427246094 -38.25199890136719
-26.079999923706055 11.678999900817871 -25.409000396728516
-14.177000045776367 7.089000225067139 -23.707000732421875
-8.305999755859375 -0.9369999766349792 -41.47800064086914
-7.021999835968018 -1.1729999780654907 -32.66400146484375
-9.928999900817871 6.953000068664551 -20.7189998626709
-4.235000133514404 8.432999610900879 -22.54400062561035
-2.234999895095825 3.0739998817443848 -25.349000930786133
-2.2780001163482666 10.656999588012695 -31.628999710083008
-14.782999992370605 14.762999534606934 -20.091999053955078
-17.768999099731445 16.16699981689453 -25.784000396728516
-1.0779999494552612 16.202999114990234 -35.125999450683594
-0.2759999930858612 7.863999843597412 -45.21099853515625
-6.03000020980835 6.669000148773193 -43.58000183105469
-11.885000228881836 4.360000133514404 -39.98500061035156
-18.02400016784668 2.506999969482422 -21.26099967956543
-21.48699951171875 1.6950000524520874 -26.988000869750977
-19.981000900268555 5.705999851226807 -32.4370002746582
-15.397000312805176 8.36400032043457 -39.26499938964844
-7.456999778747559 14.708000183105469 -50.62200164794922
-11.677000045776367 14.454000473022461 -61.33599853515625
-14.732999801635742 13.956000328063965 -63.542999267578125
-15.482000350952148 8.220000267028809 -66.86000061035156
-27.006999969482422 -2.940000057220459 -72.72599792480469
-27.565000534057617 -11.54800033569336 -75.14800262451172
-32.33100128173828 -15.821000099182129 -72.86499786376953
-33.74100112915039 -10.817999839782715 -67.32099914550781
-14.720999717712402 13.902999877929688 -54.74399948120117
-25.665000915527344 11.713000297546387 -58.45100021362305
-37.40800094604492 7.261000156402588 -73.22799682617188
-38.67599868774414 9.5 -68.13500213623047
-35.70899963378906 4.793000221252441 -59.86600112915039
-31.795000076293945 0.4410000145435333 -59.678001403808594
-15.628999710083008 1.0429999828338623 -54.178001403808594
-13.736000061035156 6.685999870300293 -56.29499816894531
-36.736000061035156 -8.833000183105469 -70.8280029296875
-38.23099899291992 -4.75 -74.96199798583984
-33.874000549316406 4.860000133514404 -75.31099700927734
-20.68899917602539 15.708000183105469 -60.369998931884766
-22.334999084472656 13.46399974822998 -68.3219985961914
-32.37200164794922 -0.7480000257492065 -78.02799987792969
-26.516000747680664 -0.8889999985694885 -84.31099700927734