26.604000091552734 19.79599952697754 1.7389999628067017
24.11400032043457 21.177000045776367 4.2179999351501465
22.301000595092773 15.230999946594238 19.49799919128418
20.613000869750977 4.88100004196167 26.261999130249023
17.183000564575195 -0.15800000727176666 24.742000579833984
16.92099952697754 3.8010001182556152 21.058000564575195
18.329999923706055 0.8740000128746033 19.14299964904785
20.56599998474121 0.906000018119812 16.079999923706055
13.70300006866455 15.699000358581543 6.706999778747559
5.734000205993652 17.267000198364258 16.204999923706055
6.392000198364258 1.8140000104904175 7.276000022888184
6.031000137329102 0.5339999794960022 3.7780001163482666
0.9800000190734863 3.0139999389648438 5.474999904632568
3.372999906539917 -5.616000175476074 12.32800006866455
6.958000183105469 -2.065000057220459 9.529999732971191
10.100000381469727 -2.2269999980926514 7.382999897003174
16.950000762939453 -2.996000051498413 5.855999946594238
9.52299976348877 7.445000171661377 -2.1410000324249268
17.020000457763672 8.201000213623047 0.06599999964237213
25.19700050354004 5.7220001220703125 -2.936000108718872
30.590999603271484 0.41100001335144043 -5.810999870300293
27.246999740600586 -6.724999904632568 -5.622000217437744
19.8700008392334 -10.864999771118164 -1.5169999599456787
15.529999732971191 -15.045999526977539 8.732999801635742
12.885000228881836 -18.18400001525879 13.161999702453613
9.46399974822998 -16.950000762939453 14.241000175476074
9.496000289916992 -12.321999549865723 17.38800048828125
6.2729997634887695 -11.868000030517578 19.406999588012695
1.4539999961853027 -16.812000274658203 17.233999252319336
0.4490000009536743 -17.579999923706055 11.067999839782715
15.220999717712402 -12.11299991607666 -2.38100004196167
21.23200035095215 -7.76200008392334 -6.703999996185303
27.79400062561035 -2.930000066757202 -1.4459999799728394
31.334999084472656 -2.0980000495910645 -0.39500001072883606
34.875 -4.4120001792907715 4.190000057220459
36.99700164794922 0.42800000309944153 3.190000057220459
23.50200080871582 6.340000152587891 6.563000202178955
26.815000534057617 -13.192000389099121 6.298999786376953
22.023000717163086 -6.210999965667725 7.267000198364258
40.64500045776367 13.989999771118164 12.015000343322754
39.19200134277344 8.859999656677246 10.236000061035156
24.46500015258789 -2.433000087738037 22.562000274658203
24.222999572753906 4.057000160217285 24.55699920654297
32.9900016784668 4.7820000648498535 17.554000854492188
34.33399963378906 2.0 10.730999946594238
33.4640007019043 -8.673999786376953 13.345000267028809
30.052000045776367 -8.196000099182129 9.079000473022461
17.40999984741211 13.244999885559082 -0.3109999895095825
15.550000190734863 16.39299964904785 0.8370000123977661