14.293000221252441 22.384000778198242 -9.630999565124512
13.043000221252441 17.645999908447266 -6.224999904632568
-4.98199987411499 13.13700008392334 -1.7419999837875366
2.8350000381469727 16.45599937438965 2.6589999198913574
20.719999313354492 24.191999435424805 3.450000047683716
16.891000747680664 33.54399871826172 6.656000137329102
3.328000068664551 28.530000686645508 -2.180000066757202
4.901000022888184 33.26900100708008 1.9739999771118164
11.914999961853027 31.979000091552734 9.515999794006348
6.98199987411499 33.900001525878906 11.26099967956543
2.446000099182129 35.08399963378906 6.748000144958496
2.177999973297119 23.92300033569336 10.217000007629395
19.51799964904785 28.30500030517578 10.831000328063965
16.427000045776367 24.01799964904785 8.211000442504883
-1.8919999599456787 18.32200050354004 6.300000190734863
-5.644999980926514 18.200000762939453 -5.366000175476074
-0.2199999988079071 20.641000747680664 -6.247000217437744
2.4089999198913574 22.861000061035156 -7.863999843597412
22.707000732421875 34.8120002746582 2.9570000171661377
19.684999465942383 34.24399948120117 -2.3289999961853027
-6.359000205993652 11.434000015258789 -6.670000076293945
-8.597999572753906 8.8100004196167 -5.040999889373779