19.621000289916992 6.22599983215332 -10.237000465393066
16.08099937438965 22.736000061035156 -15.77400016784668
16.73699951171875 23.98699951171875 -19.29800033569336
29.665000915527344 31.740999221801758 -24.756000518798828
37.39099884033203 32.553001403808594 -18.986000061035156
35.948001861572266 31.777000427246094 -25.097999572753906
28.104999542236328 25.4950008392334 -23.833999633789062
27.847999572753906 20.003000259399414 -23.764999389648438
29.722000122070312 19.976999282836914 -14.661999702453613
32.60900115966797 37.64099884033203 -7.361000061035156
32.66699981689453 33.62099838256836 -1.9859999418258667
37.24100112915039 9.074999809265137 -7.302999973297119
34.12900161743164 20.26099967956543 -14.994999885559082
28.25200080871582 38.27899932861328 -10.802000045776367
39.95000076293945 37.66600036621094 -16.625
45.16999816894531 30.655000686645508 -7.702000141143799
37.84199905395508 24.79599952697754 -13.710000038146973
33.07899856567383 39.4010009765625 -20.075000762939453
25.805999755859375 42.986000061035156 -15.232999801635742
16.261999130249023 30.697999954223633 -10.656000137329102
21.57200050354004 42.45399856567383 -7.763000011444092
24.423999786376953 44.85300064086914 -7.01200008392334
23.5 39.63999938964844 -3.9760000705718994
23.628999710083008 36.202999114990234 -5.63100004196167
24.253999710083008 27.014999389648438 -4.322000026702881
24.384000778198242 16.599000930786133 -16.834999084472656
20.507999420166016 21.27199935913086 -14.395000457763672
27.900999069213867 25.724000930786133 -1.49399995803833
30.202999114990234 16.291000366210938 -0.5960000157356262
27.101999282836914 5.184999942779541 -15.27299976348877