9.362000465393066 -42.70899963378906 -16.198999404907227
11.940999984741211 -40.4379997253418 -18.006999969482422
12.043999671936035 -36.61000061035156 -18.152000427246094
11.675999641418457 -35.29800033569336 -21.698999404907227
13.041999816894531 -32.18299865722656 -23.47800064086914
5.579999923706055 -33.1349983215332 -16.833999633789062
9.347999572753906 -36.4630012512207 -8.204999923706055
16.983999252319336 -33.542999267578125 -7.679999828338623
25.652000427246094 -29.861000061035156 -9.904999732971191
20.52199935913086 -23.840999603271484 -14.336000442504883
13.538000106811523 -18.600000381469727 -19.264999389648438
10.067999839782715 -20.06599998474121 -11.526000022888184
7.830999851226807 -21.708999633789062 -5.348999977111816
3.693000078201294 -19.26099967956543 -1.0870000123977661
-0.2540000081062317 -0.27900001406669617 19.08300018310547
0.7329999804496765 -1.444000005722046 13.657999992370605
10.878999710083008 -20.243999481201172 -0.2290000021457672
12.456999778747559 -15.227999687194824 1.875
-1.7549999952316284 3.697999954223633 12.10200023651123
4.21999979019165 2.3489999771118164 22.09000015258789
7.186999797821045 2.611999988555908 24.429000854492188
7.48799991607666 -5.7769999504089355 22.732999801635742
4.439000129699707 -5.670000076293945 20.43899917602539
6.422999858856201 -19.742000579833984 13.644000053405762
9.819000244140625 -16.448999404907227 11.89799976348877
15.864999771118164 -9.045999526977539 11.480999946594238
4.379000186920166 9.425999641418457 6.497000217437744
12.39799976348877 6.485000133514404 10.574000358581543
13.281999588012695 -12.312000274658203 16.55299949645996
9.918999671936035 -5.190999984741211 19.150999069213867
12.857000350952148 0.5260000228881836 18.108999252319336
5.3429999351501465 7.184000015258789 20.016000747680664
1.5609999895095825 7.434999942779541 20.04599952697754
4.193999767303467 3.7170000076293945 9.590999603271484
14.085000038146973 -17.378000259399414 7.129000186920166
17.042999267578125 -19.777000427246094 7.610000133514404