-23.64299964904785 9.152999877929688 6.539000034332275
-22.051000595092773 11.88700008392334 -2.062000036239624
-10.793999671936035 -10.362000465393066 -8.989999771118164
-13.076000213623047 -8.843999862670898 -15.607000350952148
-12.958000183105469 -10.920000076293945 -18.757999420166016
-14.192999839782715 -9.36400032043457 -21.968000411987305
-24.63800048828125 1.7369999885559082 -19.264999389648438
-24.493000030517578 2.2829999923706055 -24.683000564575195
-22.573999404907227 2.194999933242798 -31.04800033569336
-17.086999893188477 -2.0329999923706055 -29.63800048828125
-7.6479997634887695 0.6150000095367432 -25.371999740600586
-9.32800006866455 -6.066999912261963 -16.902000427246094
-8.180999755859375 -5.111999988555908 -13.38599967956543
-9.670999526977539 -2.3440001010894775 -11.258000373840332
-25.591999053955078 21.97100067138672 -21.569000244140625
-23.94700050354004 23.990999221801758 -18.766000747680664
-29.716999053955078 25.426000595092773 -17.534000396728516
-28.270999908447266 13.637999534606934 -17.562999725341797
-26.070999145507812 8.352999687194824 -25.988000869750977
-18.979000091552734 7.133999824523926 -29.740999221801758
-12.824999809265137 7.2210001945495605 -31.27899932861328