23.7189998626709 2.809999942779541 -12.73799991607666
19.989999771118164 6.802000045776367 -13.888999938964844
7.545000076293945 10.35099983215332 -5.945000171661377
5.556000232696533 12.876999855041504 -8.090999603271484
8.479000091552734 9.458999633789062 -12.576000213623047
24.416000366210938 7.751999855041504 -23.98200035095215
21.29400062561035 0.21199999749660492 -32.784000396728516
15.586000442504883 0.22300000488758087 -34.779998779296875
21.764999389648438 9.58899974822998 -27.354999542236328
2.9509999752044678 5.729000091552734 -13.656999588012695
0.1860000044107437 16.266000747680664 -19.400999069213867
16.53499984741211 24.61199951171875 -22.00200080871582
14.390000343322754 16.930999755859375 -29.511999130249023
0.5350000262260437 6.540999889373779 -23.584999084472656
-3.4839999675750732 3.7279999256134033 -19.545000076293945
-2.430000066757202 3.9600000381469727 -15.894000053405762
-2.5510001182556152 6.359000205993652 -12.862000465393066
-7.267000198364258 6.201000213623047 -11.447999954223633
-2.5850000381469727 8.029000282287598 -18.39900016784668
1.0019999742507935 7.377999782562256 -17.40999984741211
3.6029999256134033 8.47599983215332 -19.937999725341797
23.950000762939453 13.831000328063965 -29.715999603271484
24.625 12.736000061035156 -23.14699935913086
1.0609999895095825 19.082000732421875 -11.16100025177002
-4.098999977111816 18.538000106811523 -11.27400016784668
-12.211999893188477 9.753000259399414 -5.059999942779541
-12.130000114440918 11.355999946594238 -10.725000381469727
2.3269999027252197 31.09000015258789 -23.709999084472656
8.45199966430664 20.2450008392334 -29.167999267578125
-0.6919999718666077 18.445999145507812 -30.690000534057617
-1.5080000162124634 26.367000579833984 -25.586999893188477
-15.010000228881836 10.973999977111816 -15.621999740600586
-14.894000053405762 12.114999771118164 -19.191999435424805
-17.672000885009766 30.131000518798828 -24.763999938964844
-9.163999557495117 28.10700035095215 -31.283000946044922
-12.282999992370605 7.4720001220703125 -24.062999725341797
-10.916999816894531 8.60200023651123 -29.58300018310547
-6.736999988555908 8.319999694824219 -25.559999465942383
-12.47700023651123 14.272000312805176 -21.893999099731445
-5.120999813079834 31.520000457763672 -29.552000045776367
-2.111999988555908 33.86399841308594 -24.542999267578125
-19.170000076293945 14.97599983215332 -2.2639999389648438
-7.568999767303467 19.009000778198242 -4.14300012588501
-4.166999816894531 19.777999877929688 -5.73199987411499
-3.571000099182129 32.4900016784668 -12.651000022888184