30.757999420166016 27.54199981689453 53.28499984741211
15.552000045776367 23.993000030517578 48.53300094604492
2.23799991607666 15.677000045776367 19.534000396728516
5.513999938964844 18.351999282836914 15.404999732971191
8.456000328063965 25.96299934387207 54.112998962402344
3.6519999504089355 21.555999755859375 49.86800003051758
11.774999618530273 18.016000747680664 18.867000579833984
11.723999977111816 16.070999145507812 22.10099983215332
17.469999313354492 37.0629997253418 44.44599914550781
19.368000030517578 24.01300048828125 45.83700180053711
12.045999526977539 11.310999870300293 32.39099884033203
18.000999450683594 10.656999588012695 30.283000946044922
36.244998931884766 19.4689998626709 23.195999145507812
24.697999954223633 22.638999938964844 21.297000885009766
24.409000396728516 28.74799919128418 36.74599838256836
23.249000549316406 23.452999114990234 43.04999923706055
12.62600040435791 8.28600025177002 36.49300003051758
5.214000225067139 8.741000175476074 39.40999984741211
2.565000057220459 11.319999694824219 40.13100051879883
0.6019999980926514 26.562000274658203 22.1200008392334
2.257999897003174 30.43000030517578 38.215999603271484
-0.164000004529953 25.10700035095215 40.23899841308594
-1.4700000286102295 19.865999221801758 40.56100082397461
-8.298999786376953 14.708999633789062 42.196998596191406
-11.138999938964844 10.538999557495117 38.19900131225586
-3.2720000743865967 4.539999961853027 41.10499954223633
2.561000108718872 7.1579999923706055 43.75199890136719
3.5439999103546143 10.541999816894531 45.08599853515625
31.339000701904297 25.51300048828125 16.35300064086914