-37.2599983215332 16.16699981689453 5.260000228881836
-25.090999603271484 -4.184999942779541 6.979000091552734
6.922999858856201 4.459000110626221 -23.344999313354492
5.389999866485596 6.915999889373779 -17.719999313354492
-29.582000732421875 -0.4690000116825104 7.320000171661377
-26.68000030517578 8.935999870300293 9.765000343322754
-6.578000068664551 8.625 6.177000045776367
-8.406000137329102 12.862000465393066 1.965999960899353
-9.430999755859375 13.409000396728516 -3.7090001106262207
-24.291000366210938 12.121000289916992 -4.2270002365112305
-23.759000778198242 14.270999908447266 1.2710000276565552
-23.570999145507812 17.392000198364258 3.5190000534057617
-21.097000122070312 19.395000457763672 1.4190000295639038
-13.081000328063965 16.2549991607666 5.144000053405762
-15.79800033569336 13.842000007629395 6.468999862670898
-28.149999618530273 9.859999656677246 5.741000175476074
-29.724000930786133 0.04600000008940697 -1.3309999704360962
-4.60099983215332 14.562000274658203 -7.110000133514404
2.25 -3.937999963760376 -14.307000160217285
9.375 -6.150000095367432 -38.12699890136719
9.109999656677246 -12.418999671936035 -41.34299850463867
5.4039998054504395 -3.874000072479248 -10.980999946594238
-3.257999897003174 -9.229000091552734 -11.048999786376953
-1.2740000486373901 -4.73799991607666 -35.87099838256836
1.1039999723434448 -8.081999778747559 -40.790000915527344
2.622999906539917 -19.82699966430664 -21.917999267578125
-5.203999996185303 -18.243000030517578 -25.548999786376953
-8.085000038146973 -11.517000198364258 -37.02899932861328
-6.295000076293945 -7.331999778747559 -34.137001037597656
-3.8919999599456787 -14.053000450134277 -13.878999710083008
4.492000102996826 -14.737000465393066 -22.166000366210938
3.7799999713897705 -8.618000030517578 -46.71200180053711
-0.03400000184774399 -2.9539999961853027 -26.44300079345703
-7.5229997634887695 -5.35099983215332 -2.2829999923706055
-10.692999839782715 4.728000164031982 4.748000144958496
-29.06599998474121 8.11299991607666 15.180999755859375
-21.655000686645508 -4.848999977111816 10.052000045776367
4.395999908447266 1.4589999914169312 -26.41699981689453
7.0929999351501465 -0.7450000047683716 -27.964000701904297