26.60300064086914 -37.23500061035156 39.10200119018555
26.13599967956543 -42.86800003051758 30.354999542236328
24.32200050354004 -52.09199905395508 28.90999984741211
16.42799949645996 -53.14099884033203 29.031999588012695
13.543999671936035 -51.36899948120117 24.679000854492188
12.918999671936035 -49.41699981689453 15.105999946594238
14.579999923706055 -46.361000061035156 19.58099937438965
4.019999980926514 -51.018001556396484 26.628999710083008
2.5209999084472656 -52.555999755859375 21.257999420166016
8.307999610900879 -40.944000244140625 17.729999542236328
6.348999977111816 -39.93299865722656 14.642999649047852
7.506999969482422 -41.474998474121094 9.157999992370605
11.005999565124512 -55.52299880981445 10.878999710083008
16.44700050354004 -55.20800018310547 22.58099937438965
17.979999542236328 -59.8390007019043 20.808000564575195
14.46500015258789 -60.94300079345703 21.666000366210938
13.935999870300293 -61.27199935913086 17.913000106811523
-0.375 -38.86000061035156 16.9060001373291
3.575000047683716 -42.74300003051758 17.60300064086914
3.059000015258789 -59.452999114990234 14.913000106811523
5.130000114440918 -64.4219970703125 16.172000885009766
8.809000015258789 -63.74599838256836 15.548999786376953
13.847999572753906 -64.38800048828125 13.187999725341797
14.562000274658203 -66.697998046875 14.835000038146973
6.254000186920166 -64.79100036621094 20.861000061035156
6.935999870300293 -61.09400177001953 21.415000915527344
10.826000213623047 -62.10599899291992 25.014999389648438
3.2880001068115234 -45.55799865722656 32.683998107910156
4.0370001792907715 -43.15800094604492 35.560001373291016
16.052000045776367 -38.81999969482422 39.26300048828125
20.551000595092773 -46.61899948120117 21.145999908447266
23.149999618530273 -47.30500030517578 26.784000396728516
2.869999885559082 -28.70599937438965 28.797000885009766
7.590000152587891 -31.393999099731445 27.233999252319336
19.975000381469727 -33.04499816894531 31.718000411987305
11.822999954223633 -44.12200164794922 27.329999923706055
11.562999725341797 -42.742000579833984 36.97100067138672
7.926000118255615 -44.3129997253418 31.825000762939453
19.575000762939453 -29.128999710083008 22.10300064086914
17.253000259399414 -33.54100036621094 26.174999237060547
2.867000102996826 -38.584999084472656 29.434999465942383
-3.441999912261963 -37.10900115966797 30.474000930786133
-4.080999851226807 -47.755001068115234 20.900999069213867
-6.142000198364258 -52.637001037597656 20.11400032043457