35.81999969482422 30.052000045776367 11.35099983215332
38.73699951171875 27.707000732421875 12.010000228881836
51.540000915527344 18.930999755859375 20.729999542236328
56.37300109863281 37.112998962402344 13.163999557495117
38.62699890136719 19.82200050354004 1.2790000438690186
47.358001708984375 20.465999603271484 -2.490000009536743
56.20000076293945 25.711999893188477 1.899999976158142
57.14799880981445 30.576000213623047 5.605000019073486
49.91999816894531 37.60599899291992 13.22599983215332
42.01300048828125 35.152000427246094 8.121000289916992
45.790000915527344 29.290000915527344 18.797000885009766
51.547000885009766 20.625999450683594 14.336999893188477
35.46200180053711 27.777999877929688 6.281000137329102
35.071998596191406 30.051000595092773 3.2019999027252197
39.32400131225586 31.964000701904297 3.48799991607666
40.672000885009766 32.560001373291016 -6.120999813079834
40.2400016784668 32.270999908447266 -9.909000396728516
40.356998443603516 28.1560001373291 -5.206999778747559
36.7400016784668 27.49799919128418 -6.265999794006348
40.209999084472656 24.700000762939453 3.0209999084472656
60.43899917602539 35.94499969482422 16.195999145507812