12.0600004196167 -10.064000129699707 13.713000297546387
2.065000057220459 -9.241999626159668 13.567000389099121
-24.863000869750977 -1.8569999933242798 1.2039999961853027
-18.815000534057617 5.776000022888184 7.3420000076293945
-6.934999942779541 -8.07800006866455 21.895000457763672
-6.173999786376953 -2.6110000610351562 20.746000289916992
-10.053000450134277 4.067999839782715 9.387999534606934
-13.937999725341797 1.8200000524520874 -0.18400000035762787
1.3569999933242798 -9.956999778747559 18.540000915527344
-10.996999740600586 -13.031000137329102 16.597999572753906
-19.69700050354004 9.678000450134277 11.95300006866455
-24.32200050354004 6.236000061035156 14.845000267028809
-9.218000411987305 -15.911999702453613 12.640999794006348
-9.02400016784668 -19.67799949645996 12.779000282287598
-5.000999927520752 -23.52199935913086 8.52400016784668
-3.941999912261963 -15.946000099182129 5.550000190734863
-26.743999481201172 -5.239999771118164 14.493000030517578
-28.152999877929688 -9.053000450134277 9.609999656677246
3.690000057220459 -13.366999626159668 10.49899959564209