14.968999862670898 13.366999626159668 -14.432000160217285
6.414999961853027 16.753000259399414 -8.029999732971191
10.3100004196167 3.811000108718872 -3.5989999771118164
8.442000389099121 1.5080000162124634 1.9739999771118164
4.064000129699707 4.265999794006348 4.064000129699707
2.2660000324249268 4.0970001220703125 -0.11599999666213989
-1.8040000200271606 0.4269999861717224 -3.4059998989105225
-1.7799999713897705 3.377000093460083 -8.088000297546387
-1.6579999923706055 9.385000228881836 0.4659999907016754
-1.8680000305175781 13.89799976348877 2.632999897003174
11.10200023651123 25.58099937438965 0.6840000152587891
-2.8589999675750732 19.856000900268555 0.5600000023841858
0.12399999797344208 16.055999755859375 -19.243999481201172
-1.2410000562667847 10.984000205993652 -13.529000282287598
-8.625 7.210999965667725 -8.668000221252441
-5.644999980926514 7.88100004196167 -4.335999965667725
0.5149999856948853 6.9720001220703125 -16.19099998474121
3.6080000400543213 5.000999927520752 -17.534000396728516
12.468999862670898 10.467000007629395 -18.41699981689453
13.928000450134277 11.557999610900879 -21.773000717163086