5.920000076293945 10.930000305175781 14.366999626159668
15.868000030517578 27.78499984741211 8.895000457763672
29.75 28.326000213623047 2.9660000801086426
25.488000869750977 30.966999053955078 -0.9929999709129333
23.441999435424805 26.218000411987305 -3.187999963760376
15.548999786376953 30.302000045776367 -5.333000183105469
14.803000450134277 51.071998596191406 -4.296999931335449
24.913000106811523 42.382999420166016 -3.5339999198913574
22.5 41.14500045776367 -13.647000312805176
19.54800033569336 45.99800109863281 -12.982000350952148
9.373000144958496 46.854000091552734 -11.913999557495117
7.98199987411499 45.15800094604492 -1.8270000219345093
17.615999221801758 29.26300048828125 -14.989999771118164
14.182000160217285 29.583999633789062 -10.484999656677246
14.880999565124512 53.83300018310547 -0.4359999895095825
11.902000427246094 45.95399856567383 10.402000427246094
5.809999942779541 26.694000244140625 -6.589000225067139
13.416999816894531 26.139999389648438 -1.100000023841858
22.577999114990234 35.43600082397461 3.447000026702881
25.854999542236328 43.452999114990234 9.024999618530273
22.423999786376953 46.96799850463867 11.13700008392334
19.63800048828125 38.51900100708008 13.456000328063965
4.723999977111816 29.52400016784668 9.314000129699707
12.467000007629395 25.88599967956543 3.812999963760376
31.055999755859375 32.70500183105469 4.831999778747559