4.9770002365112305 10.501999855041504 36.34000015258789
17.93600082397461 0.9580000042915344 18.777999877929688
27.5310001373291 -7.7820000648498535 38.737998962402344
32.47999954223633 2.740999937057495 38.5369987487793
31.570999145507812 13.595999717712402 22.476999282836914
27.76799964904785 7.867000102996826 16.290000915527344
15.45300006866455 5.690000057220459 36.685001373291016
15.644000053405762 8.185999870300293 39.54899978637695
17.08300018310547 -0.6919999718666077 44.430999755859375
21.448999404907227 -1.2269999980926514 48.96799850463867
33.685001373291016 14.48900032043457 35.52299880981445
19.895999908447266 21.541000366210938 32.14099884033203
16.5310001373291 15.63599967956543 52.1349983215332
18.944000244140625 4.50600004196167 51.65399932861328
27.770000457763672 26.402000427246094 42.94300079345703
27.43400001525879 28.67099952697754 45.974998474121094
19.601999282836914 24.607999801635742 54.8849983215332
22.659000396728516 19.17099952697754 57.61000061035156
26.29199981689453 15.23900032043457 57.50600051879883
32.233001708984375 16.655000686645508 58.926998138427734
31.584999084472656 31.363000869750977 49.994998931884766
40.69300079345703 18.996999740600586 50.784000396728516