30.336999893188477 0.8460000157356262 12.154000282287598
26.152999877929688 -0.640999972820282 3.5299999713897705
17.101999282836914 2.1110000610351562 6.36299991607666
7.705999851226807 0.5899999737739563 3.8329999446868896
11.399999618530273 -14.407999992370605 -11.008999824523926
15.852999687194824 -14.086999893188477 -6.335000038146973
11.512999534606934 11.800999641418457 1.2059999704360962
17.150999069213867 12.682999610900879 5.0329999923706055
40.83399963378906 1.4229999780654907 -12.90999984741211
26.481000900268555 9.390999794006348 -13.446999549865723
24.826000213623047 4.626999855041504 -15.789999961853027
21.950000762939453 3.0390000343322754 -13.822999954223633
21.615999221801758 4.339000225067139 -10.338000297546387
14.508000373840332 5.984000205993652 -7.841000080108643
8.395999908447266 7.3470001220703125 -6.539999961853027
-0.23899999260902405 6.002999782562256 -4.2230000495910645
4.034999847412109 9.154999732971191 -3.563999891281128
8.996000289916992 8.314000129699707 -1.4420000314712524
20.070999145507812 -15.005000114440918 -4.473999977111816
13.862000465393066 -11.567000389099121 8.96500015258789
11.461999893188477 -8.635000228881836 15.0600004196167
13.88599967956543 -14.496000289916992 14.001999855041504
10.253000259399414 -14.109999656677246 12.944999694824219
5.326000213623047 -15.36299991607666 7.798999786376953
5.9629998207092285 -9.574000358581543 7.218999862670898
7.118000030517578 -1.0520000457763672 7.85699987411499
21.87700080871582 -7.760000228881836 -18.80299949645996
22.844999313354492 -2.5320000648498535 -18.04199981689453
1.9839999675750732 -3.1710000038146973 10.470999717712402
-1.2519999742507935 -15.821000099182129 -11.920999526977539
0.3779999911785126 -20.913999557495117 -11.229000091552734
-8.71500015258789 -26.264999389648438 -22.55699920654297