-24.277999877929688 8.619999885559082 0.7979999780654907
-9.894000053405762 5.189000129699707 4.440999984741211
2.677999973297119 0.32100000977516174 7.431000232696533
-4.189000129699707 -6.624000072479248 10.684000015258789
-7.394999980926514 -8.631999969482422 10.413999557495117
-7.869999885559082 -7.76200008392334 6.748000144958496
-14.32699966430664 -4.9019999504089355 4.86299991607666
-9.744000434875488 1.9129999876022339 0.7229999899864197
13.736000061035156 6.366000175476074 0.843999981880188
14.331000328063965 -0.21699999272823334 2.6670000553131104
8.437000274658203 -1.434999942779541 4.330999851226807
4.545000076293945 -4.307000160217285 2.2739999294281006
-10.690999984741211 -7.765999794006348 -2.2720000743865967
-5.564000129699707 -0.3580000102519989 -2.0269999504089355
10.494000434875488 10.38599967956543 0.8799999952316284
19.416000366210938 14.82699966430664 -8.345999717712402
2.0460000038146973 -11.336999893188477 -5.9670000076293945
0.3070000112056732 5.789999961853027 -5.585000038146973
6.841000080108643 14.347000122070312 1.6649999618530273
11.079000473022461 21.018999099731445 -2.5959999561309814
0.6039999723434448 5.072999954223633 -15.888999938964844
0.1420000046491623 9.635000228881836 -8.151000022888184
-1.3569999933242798 21.107999801635742 6.545000076293945
6.888999938964844 24.424999237060547 1.2999999523162842
3.2339999675750732 22.209999084472656 -2.2060000896453857
3.191999912261963 20.552000045776367 -7.367000102996826
-4.269000053405762 16.15399932861328 -2.36299991607666
-4.5229997634887695 17.697999954223633 10.251999855041504
-8.28600025177002 12.991000175476074 1.2970000505447388
-11.24899959564209 -3.740000009536743 16.07200050354004
-5.932000160217285 -3.611999988555908 14.322999954223633
-13.079000473022461 11.949999809265137 1.7419999837875366
-17.618999481201172 9.458000183105469 -2.322000026702881
-10.277000427246094 2.953000068664551 -6.484000205993652
-12.319999694824219 5.3480000495910645 -11.489999771118164