42.542999267578125 49.17900085449219 4.645999908447266
42.13199996948242 48.323001861572266 8.369000434875488
42.91299819946289 42.92300033569336 9.185999870300293
44.21900177001953 34.95800018310547 6.324999809265137
49.0369987487793 29.920000076293945 4.322999954223633
45.14799880981445 29.89699935913086 0.43799999356269836
35.308998107910156 46.9379997253418 0.3720000088214874
35.02799987792969 42.375 -2.8480000495910645
49.30400085449219 30.388999938964844 -3.572999954223633
54.35200119018555 29.476999282836914 -6.334000110626221
49.45100021362305 26.357999801635742 -7.568999767303467
46.0099983215332 21.572999954223633 -5.735000133514404
46.987998962402344 19.56999969482422 -2.6500000953674316
44.95399856567383 18.586000442504883 0.4000000059604645
29.23200035095215 34.00899887084961 6.6539998054504395
31.437999725341797 39.31800079345703 -4.679999828338623
48.66400146484375 34.277000427246094 -7.1479997634887695
45.928001403808594 25.756999969482422 -11.048999786376953
47.34299850463867 23.08099937438965 -13.392000198364258
45.67100143432617 18.086000442504883 -8.51099967956543
49.053001403808594 17.500999450683594 -6.921000003814697
50.39099884033203 14.201000213623047 -8.361000061035156
45.28099822998047 8.3149995803833 -3.381999969482422
39.83700180053711 3.1510000228881836 -3.88100004196167
27.117000579833984 26.905000686645508 -2.2929999828338623
32.090999603271484 34.09000015258789 -7.563000202178955
45.90299987792969 33.470001220703125 -16.013999938964844
46.78900146484375 26.96299934387207 -16.809999465942383
42.22100067138672 19.163000106811523 -14.237000465393066
40.97800064086914 19.850000381469727 -10.699000358581543
32.380001068115234 29.507999420166016 -9.890000343322754
31.655000686645508 33.38100051879883 -14.045999526977539
44.87300109863281 35.49300003051758 -23.422000885009766
45.069000244140625 27.222000122070312 -20.899999618530273
41.56399917602539 17.7189998626709 -18.458999633789062
44.15399932861328 12.831000328063965 -17.138999938964844
45.14400100708008 6.795000076293945 -16.827999114990234
30.542999267578125 11.66100025177002 -11.661999702453613
27.486000061035156 20.663999557495117 -22.22100067138672
27.979999542236328 16.89900016784668 -22.736000061035156
42.66400146484375 15.324000358581543 -23.2549991607666
44.02399826049805 28.28499984741211 -25.465999603271484
41.702999114990234 30.941999435424805 -23.98699951171875
33.672000885009766 25.906999588012695 -26.132999420166016
35.31700134277344 36.3390007019043 -21.735000610351562
44.542999267578125 40.720001220703125 -23.26099967956543
46.96099853515625 39.89400100708008 -20.472999572753906
23.976999282836914 45.356998443603516 -7.953999996185303
23.11199951171875 41.91999816894531 -3.072000026702881
16.867000579833984 24.635000228881836 -11.779999732971191
4.360000133514404 26.718000411987305 -4.708000183105469
13.16100025177002 44.49399948120117 1.3600000143051147
14.682999610900879 47.900001525878906 2.122999906539917
18.56999969482422 59.38600158691406 -11.119999885559082
18.204999923706055 43.99599838256836 3.9019999504089355