53.87699890136719 -17.261999130249023 -16.124000549316406
29.200000762939453 -18.738000869750977 -3.3949999809265137
17.117000579833984 -26.256000518798828 17.954999923706055
32.29899978637695 -11.92199993133545 10.354999542236328
9.729999542236328 -12.746000289916992 18.538000106811523
6.419000148773193 -15.902999877929688 15.543000221252441
1.840999960899353 -23.719999313354492 7.264999866485596
7.050000190734863 -26.18199920654297 -0.24799999594688416
8.779999732971191 -7.9670000076293945 2.1480000019073486
17.836999893188477 -5.0269999504089355 7.166999816894531
7.84499979019165 -33.448001861572266 9.880999565124512
15.081000328063965 -33.38600158691406 1.996000051498413
14.567999839782715 -10.32699966430664 -5.710999965667725
19.996000289916992 -8.121000289916992 -4.585000038146973
22.261999130249023 -0.25099998712539673 0.9430000185966492
26.15999984741211 -4.6539998054504395 0.6010000109672546
28.513999938964844 -7.8480000495910645 13.807999610900879
36.08000183105469 -10.232999801635742 18.354999542236328