36.28200149536133 27.132999420166016 23.60300064086914
33.62300109863281 24.964000701904297 21.92300033569336
30.857999801635742 22.739999771118164 9.571999549865723
20.89699935913086 23.308000564575195 7.7820000648498535
24.834999084472656 32.042999267578125 25.35099983215332
32.39799880981445 29.038000106811523 19.974000930786133
34.37799835205078 25.448999404907227 7.5269999504089355
31.652999877929688 20.334999084472656 3.9719998836517334
30.952999114990234 20.28700065612793 0.2759999930858612
36.6510009765625 21.85300064086914 3.0
36.20600128173828 18.19099998474121 2.068000078201294
41.3650016784668 10.729999542236328 7.684000015258789
38.49599838256836 10.003999710083008 12.887999534606934
30.743999481201172 17.78700065612793 14.49899959564209
37.22700119018555 19.89299964904785 25.299999237060547
34.47999954223633 15.34000015258789 23.97599983215332
24.545000076293945 14.159000396728516 14.727999687194824
22.96299934387207 17.56599998474121 14.861000061035156
24.9950008392334 24.714000701904297 29.28700065612793
9.661999702453613 14.097000122070312 31.065000534057617
18.409000396728516 24.240999221801758 -4.947000026702881
10.831999778747559 15.630999565124512 -13.029999732971191
-1.1260000467300415 29.259000778198242 18.3439998626709
11.614999771118164 25.132999420166016 17.299999237060547
13.003999710083008 26.382999420166016 -2.3340001106262207
-1.128000020980835 30.82900047302246 7.61299991607666
11.529999732971191 37.37799835205078 13.972999572753906
18.121999740600586 37.654998779296875 17.229999542236328
17.466999053955078 30.73900032043457 10.347999572753906
17.861000061035156 27.736000061035156 1.996000051498413