33.38399887084961 19.02899932861328 3.312999963760376
32.37200164794922 18.136999130249023 9.598999977111816
29.131999969482422 13.14900016784668 34.492000579833984
33.0629997253418 20.363000869750977 32.26100158691406
44.762001037597656 20.920000076293945 16.799999237060547
40.402000427246094 24.986000061035156 21.43400001525879
35.28099822998047 20.12299919128418 19.79199981689453
35.78799819946289 16.573999404907227 15.104000091552734
33.111000061035156 13.095999717712402 6.836999893188477
27.152000427246094 11.262999534606934 10.491000175476074
41.17599868774414 7.557000160217285 22.200000762939453
23.097999572753906 17.60700035095215 18.183000564575195
32.0629997253418 29.82200050354004 6.894999980926514
31.225000381469727 24.41200065612793 6.039999961853027
34.5369987487793 10.031999588012695 32.88999938964844
50.284000396728516 11.449000358581543 17.628999710083008
45.75199890136719 16.724000930786133 17.570999145507812
46.3380012512207 18.898000717163086 23.204999923706055
31.917999267578125 25.077999114990234 30.92300033569336
31.479000091552734 32.38100051879883 28.545000076293945
38.11000061035156 29.128000259399414 21.156999588012695
36.62900161743164 28.06800079345703 17.85300064086914
31.437000274658203 30.39299964904785 21.263999938964844
19.55699920654297 14.213000297546387 35.97600173950195
18.625 15.60200023651123 39.40599822998047