18.93199920654297 -1.3359999656677246 1.0399999618530273
15.217000007629395 -1.9579999446868896 1.649999976158142
-2.3480000495910645 -15.468999862670898 6.429999828338623
0.4410000145435333 -17.458999633789062 8.048999786376953
10.387999534606934 -20.02400016784668 1.0269999504089355
11.190999984741211 -12.571999549865723 10.208999633789062
-1.0080000162124634 -10.326000213623047 15.770000457763672
0.621999979019165 -12.560999870300293 10.02299976348877
17.187000274658203 -4.9720001220703125 -2.434000015258789
4.929999828338623 -2.325000047683716 0.949999988079071
20.240999221801758 -6.879000186920166 15.5600004196167
7.626999855041504 -7.798999786376953 20.39299964904785
6.248000144958496 14.279000282287598 7.949999809265137
9.925000190734863 18.481000900268555 9.399999618530273
23.68600082397461 7.057000160217285 19.597999572753906
19.92099952697754 2.9730000495910645 21.381999969482422
18.072999954223633 1.4780000448226929 25.906999588012695
15.906999588012695 -2.7219998836517334 22.764999389648438
6.300000190734863 7.189000129699707 -2.8540000915527344
5.841000080108643 8.494000434875488 5.294000148773193
12.765999794006348 -8.187000274658203 24.459999084472656
6.315999984741211 -5.2220001220703125 25.680999755859375
7.326000213623047 5.4120001792907715 25.784000396728516
12.052000045776367 12.079000473022461 25.1299991607666
-0.07500000298023224 16.672000885009766 15.116000175476074
-4.40500020980835 13.597999572753906 8.043999671936035
-3.005000114440918 9.550999641418457 5.706999778747559
-0.17599999904632568 4.949999809265137 13.668999671936035
6.310999870300293 -13.883999824523926 17.179000854492188
4.414000034332275 -17.0310001373291 16.145999908447266