6.9029998779296875 4.073999881744385 7.706999778747559
11.76099967956543 7.961999893188477 9.555999755859375
7.238999843597412 10.543999671936035 13.699999809265137
18.775999069213867 -3.2300000190734863 28.30900001525879
15.645999908447266 -0.5180000066757202 24.12700080871582
3.2060000896453857 14.152999877929688 12.163999557495117
0.9350000023841858 10.307999610900879 20.235000610351562
21.68000030517578 -2.0759999752044678 16.257999420166016
25.358999252319336 -2.8940000534057617 16.73200035095215
26.802000045776367 -4.2210001945495605 13.45199966430664
23.58300018310547 -8.569999694824219 15.637999534606934
19.861000061035156 -7.894000053405762 16.05500030517578
16.371999740600586 -11.50100040435791 19.93199920654297
3.7860000133514404 -10.95199966430664 17.336000442504883
-2.2269999980926514 -6.070000171661377 24.639999389648438
-0.2590000033378601 -3.0350000858306885 23.518999099731445
2.7070000171661377 -2.430999994277954 17.62299919128418
21.454999923706055 3.621000051498413 10.769000053405762
18.652000427246094 1.5390000343322754 14.968999862670898
1.0529999732971191 5.4629998207092285 23.38800048828125
1.7610000371932983 5.086999893188477 32.42499923706055
1.5570000410079956 -0.0010000000474974513 36.87099838256836
2.7709999084472656 7.895999908447266 41.90399932861328
-9.47599983215332 -3.006999969482422 46.03300094604492
-2.381999969482422 -18.483999252319336 21.125
2.440999984741211 -17.757999420166016 23.71299934387207
4.974999904632568 -13.800000190734863 28.131000518798828
4.203000068664551 -4.065999984741211 37.07699966430664
1.74399995803833 -3.5169999599456787 32.49100112915039
-3.8540000915527344 4.836999893188477 30.29199981689453
-4.447000026702881 -1.940999984741211 31.229000091552734
3.549999952316284 -4.816999912261963 27.093000411987305
8.001999855041504 -17.729999542236328 23.60099983215332
5.031000137329102 -23.39900016784668 23.788999557495117
13.58899974822998 -12.480999946594238 39.821998596191406
9.871999740600586 -15.829999923706055 38.999000549316406
9.756999969482422 -21.56999969482422 42.448001861572266
14.586000442504883 -24.81100082397461 41.03499984741211
1.9930000305175781 -21.711000442504883 34.87900161743164
2.2100000381469727 -1.7089999914169312 47.641998291015625
18.238000869750977 -17.1560001373291 43.435001373291016
5.86299991607666 -23.20599937438965 53.06999969482422
5.5320000648498535 -35.555999755859375 43.611000061035156
13.894000053405762 -30.565000534057617 39.54399871826172
-1.6449999809265137 -15.342000007629395 53.63999938964844
-3.499000072479248 -2.053999900817871 53.69200134277344
-12.34000015258789 -14.70300006866455 51.60300064086914
0.2879999876022339 -18.80500030517578 44.03200149536133
2.765000104904175 -25.3439998626709 38.832000732421875
-2.1429998874664307 -23.025999069213867 39.52899932861328
-5.933000087738037 -17.57200050354004 33.1349983215332
-14.373000144958496 -17.075000762939453 36.09600067138672
-16.20400047302246 -15.774999618530273 42.152000427246094
-20.711000442504883 -10.531000137329102 34.54899978637695