2.7990000247955322 44.54499816894531 32.78300094604492
4.535999774932861 43.35200119018555 29.615999221801758
4.853000164031982 35.8489990234375 28.854999542236328
2.9670000076293945 33.0359992980957 30.54800033569336
25.69499969482422 32.165000915527344 48.42599868774414
17.44700050354004 35.154998779296875 44.486000061035156
14.765999794006348 28.398000717163086 28.547000885009766
14.420000076293945 22.86199951171875 27.451000213623047
14.746999740600586 19.08099937438965 27.31800079345703
16.011999130249023 18.024999618530273 35.96699905395508
28.25200080871582 19.233999252319336 32.30699920654297
28.820999145507812 15.777999877929688 33.76100158691406
23.429000854492188 9.928000450134277 35.95000076293945
25.040000915527344 13.265999794006348 25.860000610351562
25.28499984741211 16.575000762939453 30.76799964904785
19.47800064086914 15.17199993133545 38.83000183105469
15.505999565124512 21.426000595092773 40.202999114990234
29.30900001525879 34.22100067138672 46.257999420166016
23.86400032043457 41.229000091552734 38.06999969482422
34.88100051879883 30.57900047302246 37.40299987792969
27.454999923706055 37.67100143432617 27.690000534057617
5.826000213623047 40.090999603271484 41.034000396728516
3.4660000801086426 38.5 38.479000091552734