28.003000259399414 16.65399932861328 50.73500061035156
31.1560001373291 17.849000930786133 52.499000549316406
33.07699966430664 16.517000198364258 66.2760009765625
38.17100143432617 12.72599983215332 76.87200164794922
42.900001525878906 22.908000946044922 74.09300231933594
43.617000579833984 26.229999542236328 75.80899810791016
43.05400085449219 29.87299919128418 74.87699890136719
46.79999923706055 26.922000885009766 72.0459976196289
43.452999114990234 26.322999954223633 70.3499984741211
36.64400100708008 21.295000076293945 70.5009994506836
32.645999908447266 23.535999298095703 82.76399993896484
37.29499816894531 16.635000228881836 82.70899963378906
32.005001068115234 15.82699966430664 83.06400299072266
32.91899871826172 14.076000213623047 79.80599975585938
31.802000045776367 2.802000045776367 72.3239974975586
26.951000213623047 6.1020002365112305 71.02200317382812
30.05500030517578 8.41100025177002 71.99700164794922
27.04800033569336 16.95599937438965 88.87200164794922
28.865999221801758 25.49799919128418 87.52899932861328
30.844999313354492 27.82900047302246 85.26300048828125
24.631000518798828 23.94099998474121 85.5999984741211
37.09000015258789 24.702999114990234 67.29499816894531
23.143999099731445 26.742000579833984 54.14500045776367
19.21500015258789 9.628999710083008 78.0270004272461
17.381000518798828 22.083999633789062 80.0510025024414
24.704999923706055 31.4950008392334 72.04199981689453
17.549999237060547 27.43199920654297 67.91200256347656
11.92199993133545 19.562999725341797 81.34600067138672
2.632999897003174 16.038000106811523 80.86499786376953
8.972000122070312 16.07900047302246 76.26699829101562
13.437999725341797 31.81999969482422 68.96299743652344
9.041000366210938 28.89699935913086 70.6780014038086
11.682999610900879 11.637999534606934 75.65299987792969
17.391000747680664 10.859999656677246 68.73899841308594
22.2810001373291 31.868000030517578 57.64099884033203
15.687999725341797 30.277999877929688 58.564998626708984
17.410999298095703 4.752999782562256 66.16500091552734
13.456000328063965 13.123000144958496 57.49800109863281
14.229999542236328 33.861000061035156 63.124000549316406
27.283000946044922 26.384000778198242 69.0739974975586
18.277000427246094 26.090999603271484 84.9209976196289
22.40999984741211 13.802000045776367 85.2300033569336
25.91200065612793 21.13800048828125 50.3129997253418
18.7450008392334 1.4249999523162842 56.67599868774414