50.57899856567383 22.538000106811523 4.090000152587891
46.8380012512207 18.839000701904297 2.555999994277954
45.90599822998047 10.319999694824219 -0.843999981880188
44.803001403808594 6.947000026702881 8.0649995803833
48.60499954223633 12.869000434875488 8.657999992370605
51.86800003051758 17.759000778198242 16.562000274658203
52.22200012207031 27.336999893188477 25.10700035095215
42.50400161743164 28.875 22.297000885009766
46.983001708984375 25.29599952697754 12.95199966430664
37.78300094604492 24.95800018310547 18.29800033569336
43.130001068115234 18.711000442504883 25.04800033569336
51.36899948120117 21.44300079345703 26.142000198364258
45.07899856567383 16.655000686645508 16.035999298095703
42.83300018310547 11.571000099182129 10.96500015258789
39.22600173950195 9.63700008392334 6.085999965667725
34.387001037597656 16.45599937438965 -4.495999813079834
29.475000381469727 18.01300048828125 10.812000274658203
35.516998291015625 19.131000518798828 8.96399974822998
40.323001861572266 18.003000259399414 -6.060999870300293
45.35499954223633 14.861000061035156 -2.499000072479248
34.224998474121094 24.50200080871582 9.571000099182129
31.506000518798828 25.982999801635742 11.760000228881836
24.375999450683594 26.492000579833984 11.986000061035156
22.385000228881836 14.97700023651123 1.6649999618530273
28.165000915527344 23.517000198364258 -6.139999866485596
27.60300064086914 28.790000915527344 -8.392999649047852
31.87299919128418 39.27299880981445 -2.63700008392334
23.47800064086914 38.36800003051758 2.128999948501587
19.690000534057617 38.104000091552734 1.8980000019073486
11.88599967956543 37.257999420166016 6.579999923706055
15.02299976348877 48.632999420166016 16.378999710083008
23.097999572753906 43.21200180053711 2.871000051498413
25.825000762939453 44.39699935913086 0.4959999918937683
33.47600173950195 34.36399841308594 -0.7409999966621399
18.076000213623047 24.413999557495117 -1.3289999961853027
22.493999481201172 26.698999404907227 1.4119999408721924
33.15599822998047 32.8380012512207 5.14900016784668
27.670000076293945 25.121999740600586 16.295000076293945
26.20400047302246 28.577999114990234 15.937000274658203
28.799999237060547 26.145999908447266 6.718999862670898
35.178001403808594 28.854000091552734 7.10699987411499
39.17300033569336 33.79600143432617 5.7210001945495605
36.50400161743164 24.378000259399414 -6.381999969482422
29.798999786376953 17.06399917602539 -5.7820000648498535
27.166000366210938 12.760000228881836 10.239999771118164
33.082000732421875 7.630000114440918 14.885000228881836
44.5260009765625 -0.6420000195503235 6.943999767303467
43.16699981689453 -1.1380000114440918 12.855999946594238
34.45600128173828 12.6850004196167 18.336999893188477
28.812000274658203 21.624000549316406 27.281999588012695
30.79199981689453 14.741000175476074 31.756999969482422
27.802000045776367 -1.4620000123977661 11.364999771118164
34.40299987792969 -6.21999979019165 16.409000396728516
38.12099838256836 -3.6500000953674316 23.48900032043457
36.17900085449219 11.321999549865723 22.618000030517578
44.02199935913086 5.304999828338623 18.256000518798828
43.14899826049805 -0.9789999723434448 18.2189998626709
45.36600112915039 -3.9590001106262207 17.56399917602539