15.340999603271484 15.972999572753906 -5.065999984741211
11.786999702453613 16.31399917602539 -3.859999895095825
1.6069999933242798 -9.57699966430664 2.4779999256134033
-0.5320000052452087 -6.72599983215332 -2.8320000171661377
-5.129000186920166 -3.6089999675750732 -5.395999908447266
-7.873000144958496 1.1200000047683716 -9.074000358581543
2.197999954223633 6.888999938964844 -11.303000450134277
9.230999946594238 -3.5510001182556152 -11.404999732971191
-11.416999816894531 -13.095999717712402 -10.99899959564209
-16.694000244140625 -18.00200080871582 -5.973999977111816
-16.329999923706055 -20.125999450683594 -10.859999656677246
-11.357000350952148 -22.240999221801758 -12.786999702453613
14.779999732971191 -16.033000946044922 -1.5740000009536743
10.36299991607666 -6.089000225067139 -7.625
-12.043999671936035 -7.908999919891357 -11.715999603271484
-13.123000144958496 -3.184000015258789 -12.840999603271484
-6.453000068664551 -2.2090001106262207 -20.166000366210938
-3.4560000896453857 -12.312000274658203 -17.236000061035156
8.612000465393066 -1.75600004196167 -15.8100004196167
4.875 -6.966000080108643 -25.98900032043457
2.365999937057495 -9.958000183105469 -21.104999542236328
3.065999984741211 -13.588000297546387 -20.170000076293945
-0.3160000145435333 -18.06399917602539 -20.7450008392334
0.5329999923706055 -22.6200008392334 -18.982999801635742
5.241000175476074 -21.076000213623047 -11.086000442504883
16.743999481201172 -9.887999534606934 -14.640999794006348
6.947999954223633 -27.867000579833984 0.19099999964237213