-5.614999771118164 -34.707000732421875 -0.6290000081062317
-8.935999870300293 -32.58100128173828 3.371000051498413
-3.5869998931884766 -22.44099998474121 14.258000373840332
-6.901000022888184 -14.571999549865723 13.310999870300293
-13.041999816894531 -24.75200080871582 -3.752000093460083
-13.229999542236328 -30.47100067138672 4.183000087738037
-5.400000095367432 -25.618999481201172 17.791000366210938
-15.515000343322754 -24.444000244140625 15.901000022888184
-15.512999534606934 -19.091999053955078 11.979000091552734
-14.664999961853027 -24.542999267578125 10.628000259399414
-4.86899995803833 -30.094999313354492 19.361000061035156
-0.925000011920929 -33.60499954223633 19.082000732421875
-3.5969998836517334 -39.29999923706055 14.392000198364258
-4.814000129699707 -34.48400115966797 5.080999851226807
-1.3029999732971191 -20.709999084472656 10.093999862670898
8.074999809265137 -17.19099998474121 12.11400032043457
6.065999984741211 -36.749000549316406 9.145999908447266
-2.0329999923706055 -21.69099998474121 -0.8360000252723694
-5.8520002365112305 -16.67300033569336 -2.75
-1.6440000534057617 -12.303999900817871 -8.555000305175781
3.697999954223633 -14.550999641418457 -11.798999786376953
8.920000076293945 -20.05900001525879 -7.578999996185303
8.173999786376953 -23.194000244140625 -1.5679999589920044
0.6050000190734863 -18.583999633789062 1.8259999752044678
-3.1730000972747803 -13.607000350952148 0.6570000052452087
1.2890000343322754 -9.812000274658203 -5.820000171661377
6.189000129699707 -10.656000137329102 -9.711000442504883
11.847999572753906 -16.957000732421875 -5.419000148773193
11.416999816894531 -20.496000289916992 0.02500000037252903
3.635999917984009 -15.487000465393066 4.204999923706055
0.04899999871850014 -11.109999656677246 3.5959999561309814
3.7239999771118164 -7.000999927520752 -3.003999948501587
8.336999893188477 -7.241000175476074 -7.091000080108643
14.406999588012695 -13.593999862670898 -2.9140000343322754
14.14900016784668 -17.000999450683594 2.3529999256134033
6.617000102996826 -12.854000091552734 6.741000175476074
3.003000020980835 -8.192000389099121 6.452000141143799
5.883999824523926 -3.3610000610351562 -0.753000020980835
10.937000274658203 -3.125999927520752 -4.791999816894531
16.430999755859375 -10.07800006866455 -0.6740000247955322
16.743999481201172 -13.407999992370605 4.99399995803833
9.39799976348877 -10.130000114440918 9.611000061035156
6.007999897003174 -5.007999897003174 9.145999908447266
8.694999694824219 -0.9020000100135803 1.9819999933242798
14.166999816894531 0.40400001406669617 -2.127000093460083
19.309999465942383 -6.88100004196167 1.2640000581741333
19.5 -10.319999694824219 6.675000190734863
12.381999969482422 -7.341000080108643 12.439000129699707
8.487000465393066 -2.4079999923706055 12.185999870300293
11.317999839782715 2.3580000400543213 4.919000148773193
16.77400016784668 2.1689999103546143 2.1519999504089355
20.101999282836914 -4.557000160217285 7.178999900817871
22.48200035095215 -6.925000190734863 9.027999877929688
15.348999977111816 -4.632999897003174 14.62600040435791
11.288000106811523 4.558000087738037 10.861000061035156
17.131999969482422 2.75 11.565999984741211
15.946999549865723 0.4440000057220459 17.541000366210938