-24.4060001373291 -9.57800006866455 -3.4839999675750732
-24.910999298095703 -9.611000061035156 0.30399999022483826
-21.958999633789062 -10.821000099182129 4.992000102996826
-10.956999778747559 -10.786999702453613 5.254000186920166
-3.4119999408721924 -4.767000198364258 12.616999626159668
-16.777000427246094 -3.4730000495910645 7.573999881744385
-22.548999786376953 -4.117000102996826 -4.502999782562256
-8.211000442504883 -0.9739999771118164 0.04100000113248825
-3.0179998874664307 -5.120999813079834 3.4709999561309814
-4.573999881744385 -3.250999927520752 6.433000087738037
-7.271999835968018 20.20199966430664 11.779999732971191
-5.85699987411499 18.238000869750977 8.862000465393066
-7.323999881744385 8.098999977111816 6.839000225067139
-9.029999732971191 4.703000068664551 6.781000137329102
-9.54699993133545 4.330999851226807 1.1449999809265137
-18.832000732421875 12.138999938964844 4.571000099182129
-14.383000373840332 19.000999450683594 9.694000244140625
-9.22599983215332 12.071000099182129 13.529999732971191
-12.36299991607666 10.090999603271484 14.373000144958496
-16.038999557495117 7.781000137329102 -0.8069999814033508
-16.572999954223633 4.750999927520752 -3.0220000743865967
-20.615999221801758 5.01800012588501 -11.157999992370605
-17.444000244140625 3.888000011444092 -12.932000160217285
-11.91100025177002 2.750999927520752 -10.92300033569336
-2.7079999446868896 5.646999835968018 -15.210000038146973
-7.099999904632568 -12.569000244140625 -7.085000038146973
-14.454000473022461 -8.329999923706055 -16.74799919128418