-25.375 -32.35200119018555 22.155000686645508
-23.996000289916992 -23.256000518798828 22.660999298095703
-26.81399917602539 -22.215999603271484 17.240999221801758
-19.079999923706055 -32.02000045776367 13.699999809265137
-15.980999946594238 -17.09000015258789 10.8149995803833
-11.229000091552734 -19.740999221801758 11.317000389099121
-14.043000221252441 -34.974998474121094 3.8959999084472656
-19.695999145507812 -30.993999481201172 9.432999610900879
-20.643999099731445 -16.423999786376953 14.890000343322754
-19.014999389648438 -10.626999855041504 16.21500015258789
-21.216999053955078 -9.597999572753906 20.136999130249023
-22.48200035095215 -13.185999870300293 19.773000717163086
-23.073999404907227 -14.565999984741211 24.785999298095703
-23.299999237060547 -17.115999221801758 27.599000930786133
-14.963000297546387 -21.34600067138672 24.55299949645996
-14.501999855041504 -23.916000366210938 18.089000701904297
-20.4060001373291 -35.60599899291992 18.549999237060547
-13.017000198364258 -40.22800064086914 21.81100082397461
-18.863000869750977 -39.17100143432617 23.579999923706055
-15.956000328063965 -33.50199890136719 22.5939998626709
-7.85099983215332 -23.416000366210938 19.85700035095215
-7.183000087738037 -23.871999740600586 16.148000717163086
-5.0879998207092285 -40.27899932861328 10.003999710083008
7.9029998779296875 -39.27000045776367 13.708000183105469
3.632999897003174 -19.409000396728516 13.074999809265137
0.2529999911785126 0.8659999966621399 12.866000175476074
12.932000160217285 -22.839000701904297 -1.2009999752044678
4.877999782562256 -27.889999389648438 0.8149999976158142
6.176000118255615 -26.731000900268555 4.2230000495910645
6.9670000076293945 -30.427000045776367 4.926000118255615
6.376999855041504 -33.638999938964844 -0.5540000200271606
3.7330000400543213 -33.97999954223633 2.1419999599456787
0.7699999809265137 -31.60300064086914 2.2769999504089355
-1.7719999551773071 -29.308000564575195 8.690999984741211
-2.377000093460083 -9.770000457763672 0.30399999022483826
-1.2259999513626099 -5.084000110626221 0.1679999977350235
4.84499979019165 -6.359000205993652 1.5549999475479126
4.986000061035156 -10.038000106811523 -2.3340001106262207
9.262999534606934 -13.343999862670898 -3.490999937057495
8.677000045776367 -19.601999282836914 -3.253000020980835
-5.6579999923706055 -24.732999801635742 -6.581999778747559
-10.76099967956543 -27.47100067138672 -4.189000129699707
-11.895000457763672 -20.19099998474121 2.6459999084472656
-20.117000579833984 -14.322999954223633 6.890999794006348