-13.361000061035156 98.6709976196289 20.290000915527344
-12.812999725341797 95.29199981689453 18.631999969482422
6.736000061035156 95.8479995727539 18.292999267578125
10.409000396728516 101.52999877929688 3.9730000495910645
15.460000038146973 109.36900329589844 -0.13099999725818634
19.16699981689453 109.51499938964844 -1.0920000076293945
18.604000091552734 108.13700103759766 8.803000450134277
15.303999900817871 95.29299926757812 20.31999969482422
9.795999526977539 99.39199829101562 19.36400032043457
20.018999099731445 113.86900329589844 12.375
8.0600004196167 114.9520034790039 4.604000091552734
11.32699966430664 109.43099975585938 4.9019999504089355
3.944999933242798 100.7300033569336 10.119999885559082
-15.673999786376953 102.70800018310547 9.583000183105469
12.666999816894531 112.79900360107422 21.450000762939453
6.900000095367432 116.56700134277344 16.195999145507812
-3.3469998836517334 100.62699890136719 -0.6119999885559082
-7.4770002365112305 107.81300354003906 4.185999870300293
5.711999893188477 114.44100189208984 22.275999069213867
0.5080000162124634 108.08200073242188 24.202999114990234
-11.888999938964844 102.68199920654297 4.409999847412109
-1.1299999952316284 99.44599914550781 4.685999870300293
8.208999633789062 111.9209976196289 8.98900032043457
15.319999694824219 113.1240005493164 16.299999237060547
-16.892000198364258 99.4000015258789 17.18400001525879