12.234000205993652 13.829000473022461 0.8370000123977661
17.072999954223633 11.029000282287598 1.9329999685287476
29.868999481201172 -10.670999526977539 16.783000946044922
29.180999755859375 -10.175000190734863 11.225000381469727
15.15999984741211 10.095999717712402 7.218999862670898
14.677000045776367 1.1740000247955322 9.095999717712402
29.384000778198242 -10.857999801635742 3.507999897003174
33.73099899291992 -1.559999942779541 -1.222000002861023
13.369000434875488 2.816999912261963 -3.2309999465942383
20.33300018310547 11.697999954223633 -1.3660000562667847
33.73099899291992 9.064000129699707 4.431000232696533
35.07500076293945 5.76800012588501 -7.177000045776367
20.98699951171875 10.61299991607666 -9.770000457763672
23.381000518798828 13.26099967956543 -4.127999782562256
33.691001892089844 11.503000259399414 9.456999778747559
23.68899917602539 11.291999816894531 13.583000183105469
15.41100025177002 -17.04199981689453 17.475000381469727
21.371000289916992 -13.911999702453613 13.642000198364258
6.650000095367432 -1.3639999628067017 15.020999908447266
3.318000078201294 0.21299999952316284 14.824999809265137