49.2140007019043 -10.484000205993652 0.01600000075995922
47.63199996948242 -13.175000190734863 2.128999948501587
41.915000915527344 -15.619000434875488 4.775000095367432
34.22200012207031 -14.795999526977539 11.208000183105469
34.48899841308594 -25.072999954223633 23.079999923706055
40.29899978637695 -25.35700035095215 14.92199993133545
43.00299835205078 -21.034000396728516 6.548999786376953
46.81999969482422 -18.60700035095215 1.277999997138977
49.944000244140625 -14.920999526977539 -3.5480000972747803
58.24599838256836 -15.652000427246094 5.2820000648498535
42.862998962402344 -10.67199993133545 22.13800048828125
48.71900177001953 -8.354000091552734 18.190000534057617
61.244998931884766 -19.23699951171875 7.385000228881836
54.957000732421875 -27.934999465942383 10.34000015258789
53.74700164794922 -22.117000579833984 18.457000732421875
52.75600051879883 -21.042999267578125 21.80299949645996
48.9900016784668 -23.67799949645996 18.018999099731445
54.41600036621094 -25.233999252319336 -1.0509999990463257
48.972999572753906 -22.118000030517578 2.0490000247955322
43.65700149536133 -29.496000289916992 18.57900047302246
36.638999938964844 -20.05900001525879 25.38800048828125
38.18000030517578 -16.243000030517578 21.246000289916992
40.22100067138672 -13.597999572753906 19.450000762939453
58.42900085449219 -11.163000106811523 0.8209999799728394
51.823001861572266 -7.3429999351501465 5.547999858856201
45.611000061035156 -10.458999633789062 5.958000183105469
39.474998474121094 -14.130999565124512 11.140000343322754
31.05699920654297 -22.24799919128418 25.750999450683594
14.654999732971191 -16.631000518798828 31.437999725341797
18.575000762939453 2.062999963760376 40.875
13.47700023651123 -0.44999998807907104 33.167999267578125
21.02199935913086 -18.378000259399414 30.895999908447266
17.240999221801758 -1.5260000228881836 21.506999969482422
22.152999877929688 -6.0920000076293945 22.191999435424805
27.489999771118164 -11.574000358581543 25.679000854492188
35.09299850463867 -17.260000228881836 37.86600112915039
33.37300109863281 -21.55900001525879 37.49700164794922
30.13599967956543 -20.590999603271484 35.84000015258789
12.9399995803833 1.059999942779541 25.12700080871582
9.73900032043457 -7.821000099182129 28.729999542236328
10.984999656677246 -7.788000106811523 24.017000198364258
10.87600040435791 -18.28499984741211 32.44300079345703
8.666999816894531 -15.142000198364258 32.46200180053711