-13.418000221252441 11.321999549865723 -2.9519999027252197
-4.064000129699707 -2.6659998893737793 1.4010000228881836
-4.941999912261963 -2.0429999828338623 6.4029998779296875
-15.354000091552734 -17.197999954223633 11.439000129699707
-21.03700065612793 -14.954000473022461 13.5649995803833
-24.138999938964844 -13.270999908447266 14.845000267028809
-14.449999809265137 8.623000144958496 1.649999976158142
-29.648000717163086 5.99399995803833 12.178999900817871
-27.87700080871582 2.9679999351501465 13.746999740600586
-27.860000610351562 -3.9700000286102295 12.597999572753906
-23.04599952697754 -21.48900032043457 6.788000106811523
-21.871999740600586 -15.869999885559082 5.458000183105469
-36.34000015258789 4.25600004196167 7.190000057220459
-38.347999572753906 -1.3980000019073486 8.470999717712402
-11.39900016784668 -14.354999542236328 0.02500000037252903
-11.16100025177002 -11.45199966430664 4.085999965667725
-21.538000106811523 -12.604000091552734 -3.999000072479248
-21.958999633789062 -4.241000175476074 -7.059999942779541
-12.553999900817871 -9.460000038146973 19.940000534057617
-16.46500015258789 -4.874000072479248 18.74799919128418
-22.461000442504883 1.3339999914169312 -11.093000411987305
-18.39299964904785 4.168000221252441 -8.90999984741211
-22.427000045776367 -6.385000228881836 20.0310001373291
-15.20300006866455 7.671000003814697 24.29199981689453
-6.2170000076293945 5.6529998779296875 6.244999885559082
-12.75100040435791 13.71500015258789 11.27299976348877
-16.55699920654297 10.055999755859375 10.477999687194824
-21.38599967956543 7.695000171661377 14.890000343322754
-27.724000930786133 7.645999908447266 16.316999435424805
-28.952999114990234 4.751999855041504 18.538000106811523
-33.77399826049805 -4.270999908447266 18.636999130249023