-23.083999633789062 0.7749999761581421 15.793000221252441
-20.604000091552734 3.6449999809265137 16.281999588012695
-14.303000450134277 7.263000011444092 22.62700080871582
-13.112000465393066 7.468999862670898 29.54800033569336
-6.119999885559082 16.177000045776367 26.156999588012695
-5.460000038146973 5.999000072479248 26.979999542236328
-4.10099983215332 2.513000011444092 26.093000411987305
-21.21500015258789 -6.815999984741211 21.156999588012695
-18.87700080871582 -1.809999942779541 15.161999702453613
-13.628999710083008 12.668000221252441 16.73900032043457
-8.133000373840332 16.33799934387207 19.74799919128418
0.6000000238418579 2.744999885559082 23.649999618530273
-3.7190001010894775 -1.1510000228881836 20.780000686645508
-7.585999965667725 -4.432000160217285 17.158000946044922
-13.975000381469727 -3.63700008392334 14.95199966430664
-11.517000198364258 11.529000282287598 12.156999588012695
-7.993000030517578 13.842000007629395 15.569999694824219
3.6730000972747803 7.751999855041504 24.076000213623047
9.369999885559082 1.5260000228881836 24.937000274658203
4.357999801635742 -0.9869999885559082 23.18199920654297
2.687999963760376 -1.3739999532699585 16.483999252319336
-5.353000164031982 -13.569000244140625 13.539999961853027
-11.090999603271484 -10.907999992370605 10.729999542236328
-10.821999549865723 8.458999633789062 8.994999885559082
-3.3589999675750732 11.119000434875488 11.86299991607666
4.729000091552734 7.745999813079834 15.713000297546387
9.902999877929688 8.357000350952148 16.101999282836914
20.97599983215332 -3.555000066757202 29.43199920654297
16.30699920654297 -0.47200000286102295 18.35700035095215
10.519000053405762 0.2930000126361847 17.92099952697754
5.317999839782715 0.22100000083446503 13.491999626159668
-2.628000020980835 -13.645999908447266 9.892000198364258
-8.520999908447266 -11.753999710083008 6.914999961853027
-7.861999988555908 7.767000198364258 4.464000225067139
-2.244999885559082 9.880999565124512 7.565999984741211
6.743000030517578 9.685999870300293 11.581000328063965
2.6700000762939453 -0.5059999823570251 7.817999839782715
0.2980000078678131 -13.645000457763672 6.10699987411499
-5.834000110626221 -12.348999977111816 3.186000108718872
-6.236000061035156 6.934999942779541 0.052000001072883606
-0.8629999756813049 9.116999626159668 3.2130000591278076
8.16100025177002 10.031000137329102 6.7210001945495605
5.385000228881836 -0.7639999985694885 3.9509999752044678
3.128999948501587 -14.053000450134277 2.5859999656677246
-2.8589999675750732 -13.244999885559082 -0.5419999957084656
-4.460000038146973 6.158999919891357 -4.308000087738037
0.8389999866485596 8.732000350952148 -1.2860000133514404
5.9730000495910645 11.699999809265137 0.9089999794960022
8.00100040435791 -0.8619999885559082 -0.21199999749660492
9.770000457763672 -10.751999855041504 1.0369999408721924
0.27799999713897705 -13.069999694824219 -4.454999923706055
-2.01200008392334 5.136000156402588 -8.52400016784668
3.127000093460083 7.230000019073486 -5.940000057220459
6.184000015258789 9.017999649047852 -4.4079999923706055
4.60099983215332 4.36299991607666 -9.439000129699707
4.9710001945495605 2.313999891281128 -6.2170000076293945
4.435999870300293 -1.4539999961853027 -6.855999946594238