35.15700149536133 -20.042999267578125 39.22600173950195
29.983999252319336 -20.445999145507812 42.61000061035156
21.70400047302246 -24.746000289916992 51.779998779296875
13.906000137329102 -28.167999267578125 54.02799987792969
5.505000114440918 -27.222999572753906 59.053001403808594
12.428999900817871 -21.041000366210938 57.231998443603516
35.1879997253418 -17.027000427246094 43.41999816894531
30.97800064086914 -10.6850004196167 47.064998626708984
27.195999145507812 -7.807000160217285 42.92399978637695
22.12299919128418 -11.145999908447266 45.38600158691406
7.059000015258789 -23.673999786376953 41.76599884033203
10.142999649047852 -18.378999710083008 37.54499816894531
22.64699935913086 -5.120999813079834 48.07600021362305
16.496999740600586 -4.49399995803833 49.9119987487793
8.66100025177002 -7.795000076293945 44.53099822998047
5.355999946594238 -6.578000068664551 45.97999954223633
6.2129998207092285 -8.333999633789062 50.4900016784668
5.625 -9.70300006866455 53.95600128173828
10.137999534606934 -12.848999977111816 52.14400100708008
29.308000564575195 -9.789999961853027 54.3390007019043
30.016000747680664 -13.972000122070312 51.77399826049805
26.554000854492188 -15.418000221252441 52.57899856567383
7.6479997634887695 -16.565000534057617 56.75299835205078
1.5160000324249268 -25.08099937438965 50.82699966430664
6.4710001945495605 -25.16900062561035 48.474998474121094
8.975000381469727 -24.628999710083008 45.6609992980957
24.37700080871582 -10.743000030517578 37.20100021362305
25.184999465942383 -17.402999877929688 37.61800003051758
22.805999755859375 -21.413000106811523 42.74599838256836
16.961999893188477 -25.117000579833984 47.65299987792969
4.116000175476074 -30.257999420166016 55.3120002746582
5.171000003814697 -42.935001373291016 57.441001892089844
5.605999946594238 -46.30799865722656 55.76100158691406
1.0789999961853027 -49.722999572753906 52.19200134277344
-4.105000019073486 -57.92900085449219 39.5260009765625
-5.4039998054504395 -57.62900161743164 28.232999801635742
-4.013000011444092 -58.119998931884766 22.139999389648438
-0.4189999997615814 -57.983001708984375 26.391000747680664
8.718000411987305 -38.349998474121094 52.922000885009766
12.076000213623047 -47.31399917602539 45.042999267578125
11.097999572753906 -59.194000244140625 39.808998107910156
14.859999656677246 -58.28900146484375 36.053001403808594
11.543999671936035 -57.0359992980957 34.59000015258789
12.371999740600586 -53.54399871826172 33.356998443603516
7.171999931335449 -50.70199966430664 32.986000061035156
4.610000133514404 -42.70800018310547 37.84299850463867
1.7059999704360962 -37.05799865722656 44.21900177001953
-4.067999839782715 -35.47999954223633 52.06700134277344
1.0169999599456787 -38.25699996948242 52.21500015258789
-0.4339999854564667 -62.88600158691406 28.48200035095215
1.309000015258789 -65.00900268554688 33.42499923706055
6.448999881744385 -59.40800094604492 42.058998107910156
14.286999702453613 -45.875 53.310001373291016
13.225000381469727 -48.78300094604492 56.935001373291016
10.562999725341797 -50.73099899291992 55.051998138427734
0.6909999847412109 -60.33000183105469 41.97200012207031
-9.623000144958496 -66.56300354003906 41.303001403808594