15.824000358581543 6.343999862670898 66.8010025024414
10.11299991607666 4.827000141143799 63.16899871826172
8.142000198364258 -9.333000183105469 65.13899993896484
10.404999732971191 -12.418999671936035 78.16100311279297
14.675000190734863 6.502999782562256 73.27799987792969
12.244999885559082 8.192999839782715 75.66100311279297
-2.371000051498413 -6.385000228881836 64.84200286865234
-6.610000133514404 -10.109999656677246 67.88600158691406
8.98799991607666 5.875999927520752 85.67500305175781
7.656000137329102 10.6899995803833 79.41799926757812
-10.776000022888184 -10.256999969482422 71.60299682617188
-14.51200008392334 -12.496999740600586 76.46399688720703
0.9710000157356262 -0.4480000138282776 91.91600036621094
-8.135000228881836 7.626999855041504 89.7020034790039
-18.382999420166016 -1.4140000343322754 80.79499816894531
-21.920000076293945 -1.8320000171661377 79.49600219726562
-25.333999633789062 -3.369999885559082 73.24299621582031
-24.961999893188477 -12.468999862670898 70.54000091552734