18.69300079345703 17.889999389648438 -31.759000778198242
24.58799934387207 10.630000114440918 -41.59400177001953
-17.70800018310547 6.708000183105469 -49.64899826049805
-9.21399974822998 11.67199993133545 -49.1349983215332
-6.284999847412109 24.694000244140625 -17.195999145507812
-3.306999921798706 26.155000686645508 -11.390999794006348
26.757999420166016 43.016998291015625 -17.427000045776367
26.014999389648438 41.1150016784668 -12.302000045776367
-7.146999835968018 30.874000549316406 -17.3799991607666
-7.451000213623047 35.314998626708984 -17.961000442504883
-5.669000148773193 36.00400161743164 -14.722999572753906
17.150999069213867 35.28900146484375 -3.6050000190734863
11.73799991607666 44.78499984741211 -11.449999809265137
7.934000015258789 41.50699996948242 -16.01099967956543
1.0180000066757202 33.10599899291992 -21.858999252319336
-4.570000171661377 33.82099914550781 -21.45199966430664
-8.329999923706055 33.81399917602539 -21.77899932861328
-9.237000465393066 32.96099853515625 -25.386999130249023
-14.996999740600586 30.885000228881836 -27.426000595092773
-4.420000076293945 29.05500030517578 -28.41200065612793
-0.9620000123977661 27.58300018310547 -29.12299919128418
1.6230000257492065 22.48699951171875 -26.136999130249023
7.173999786376953 24.968000411987305 -24.84000015258789
16.409000396728516 51.694000244140625 -26.739999771118164
19.673999786376953 43.93899917602539 -24.457000732421875
3.372999906539917 17.2549991607666 -11.9350004196167
2.4260001182556152 22.677000045776367 -11.081999778747559
26.045000076293945 46.23699951171875 -23.238000869750977
12.359000205993652 53.26100158691406 -13.994000434875488
9.01200008392334 53.80699920654297 -12.237000465393066
0.24400000274181366 46.40399932861328 -24.089000701904297
4.741000175476074 26.67799949645996 -39.14400100708008
5.63100004196167 24.104000091552734 -35.277000427246094
5.2230000495910645 27.142000198364258 -33.04499816894531
11.428999900817871 58.46500015258789 -13.159000396728516
9.369000434875488 56.41699981689453 -21.594999313354492
8.979999542236328 20.58799934387207 -26.301000595092773
-4.182000160217285 37.6879997253418 -33.36000061035156
4.730000019073486 45.19900131225586 -2.7869999408721924
10.60200023651123 41.47800064086914 -4.436999797821045
-8.0649995803833 40.494998931884766 -32.94900131225586
-13.798999786376953 39.04999923706055 -35.5260009765625