26.472999572753906 -19.569000244140625 -10.305000305175781
17.65399932861328 -17.195999145507812 -8.029999732971191
18.847000122070312 -6.889999866485596 -7.565000057220459
21.274999618530273 0.2770000100135803 -3.2100000381469727
13.524999618530273 11.878000259399414 -4.255000114440918
12.0649995803833 4.806000232696533 -8.777000427246094
17.57200050354004 -20.361000061035156 -13.718999862670898
10.571999549865723 -24.704999923706055 -16.30500030517578
7.193999767303467 -26.614999771118164 -16.31399917602539
3.996000051498413 -15.822999954223633 -8.927000045776367
11.598999977111816 -4.613999843597412 5.730000019073486
6.5269999504089355 -8.251999855041504 4.683000087738037
-1.0809999704360962 -13.829000473022461 -8.588000297546387
-2.8559999465942383 -9.413999557495117 -8.093000411987305
-0.949999988079071 -3.2039999961853027 0.07999999821186066
-3.0999999046325684 -0.2849999964237213 1.2389999628067017
-2.428999900817871 1.6230000257492065 -3.8959999084472656
2.9119999408721924 0.4970000088214874 -8.277000427246094
7.423999786376953 -7.943999767303467 -16.329999923706055
14.055999755859375 -9.781999588012695 -15.878999710083008
5.711999893188477 6.446000099182129 -7.758999824523926
9.79699993133545 9.015000343322754 3.2899999618530273
12.581999778747559 4.136000156402588 2.6740000247955322
13.368000030517578 0.4830000102519989 3.3589999675750732
10.072999954223633 -29.358999252319336 -14.762999534606934
7.2220001220703125 -25.864999771118164 -7.124000072479248
16.72100067138672 -11.67199993133545 -3.2880001068115234
17.70199966430664 -3.311000108718872 -2.5989999771118164
15.456000328063965 12.230999946594238 -0.3610000014305115