34.999000549316406 21.327999114990234 24.36400032043457
30.19099998474121 16.643999099731445 25.363000869750977
16.290000915527344 16.531999588012695 26.76099967956543
12.840999603271484 15.571000099182129 27.933000564575195
-0.6000000238418579 7.4120001792907715 32.00699996948242
16.760000228881836 8.237000465393066 21.9689998626709
18.055999755859375 13.375 23.45599937438965
19.827999114990234 16.58799934387207 22.466999053955078
29.642000198364258 20.452999114990234 22.892000198364258
17.222999572753906 2.8480000495910645 23.802000045776367
20.297000885009766 4.61899995803833 28.39299964904785
16.849000930786133 5.622000217437744 37.0890007019043
5.673999786376953 10.348999977111816 38.12699890136719
24.979999542236328 3.882999897003174 30.600000381469727
28.371000289916992 2.2190001010894775 30.05699920654297
30.92300033569336 6.031000137329102 16.531999588012695
30.219999313354492 12.595000267028809 28.815000534057617
20.545000076293945 14.937999725341797 32.29100036621094
13.798999786376953 13.866999626159668 32.27000045776367
-1.7790000438690186 11.309000015258789 35.45600128173828
-13.845000267028809 13.678000450134277 33.80400085449219