26.408000946044922 22.863000869750977 19.691999435424805
23.5049991607666 24.922000885009766 14.309000015258789
18.733999252319336 28.02899932861328 5.5920000076293945
15.668999671936035 33.76599884033203 -0.4740000069141388
13.64799976348877 28.80699920654297 0.6710000038146973
25.114999771118164 12.876999855041504 14.847000122070312
17.18400001525879 4.5920000076293945 13.744000434875488
3.8340001106262207 24.743000030517578 23.91900062561035
4.228000164031982 16.51099967956543 11.484000205993652
18.49799919128418 6.322000026702881 7.960000038146973
17.520000457763672 12.373000144958496 11.265000343322754
6.7230000495910645 22.80900001525879 12.052000045776367
10.404999732971191 27.920000076293945 12.875
18.68400001525879 21.41699981689453 22.246000289916992
21.148000717163086 16.827999114990234 16.950000762939453
19.22100067138672 22.045000076293945 -15.175000190734863