33.02399826049805 -35.15299987792969 114.47699737548828
42.51100158691406 -30.790000915527344 111.25599670410156
46.50899887084961 -33.59400177001953 109.78600311279297
32.74300003051758 -38.98099899291992 126.01100158691406
29.506999969482422 -40.23400115966797 127.58200073242188
32.54899978637695 -42.16699981689453 122.16500091552734
36.35300064086914 -42.54600143432617 122.07499694824219
38.48099899291992 -39.58700180053711 120.99299621582031
39.05400085449219 -37.67100143432617 114.99800109863281
37.87099838256836 -35.45100021362305 104.72799682617188
33.61800003051758 -33.180999755859375 100.54499816894531
28.32900047302246 -48.53900146484375 89.5989990234375
52.125999450683594 -44.3380012512207 118.13099670410156
50.224998474121094 -54.19900131225586 119.0770034790039
25.242000579833984 -46.970001220703125 108.21800231933594
30.43000030517578 -34.176998138427734 109.61599731445312
19.88599967956543 -44.959999084472656 97.84300231933594
19.92300033569336 -50.308998107910156 100.49299621582031
48.85200119018555 -50.03799819946289 106.15399932861328
50.26900100708008 -47.9900016784668 103.26200103759766
57.595001220703125 -45.21699905395508 104.45800018310547
44.14400100708008 -58.82600021362305 108.08999633789062
36.202999114990234 -59.816001892089844 110.64199829101562
30.694000244140625 -51.44200134277344 116.85900115966797
51.05400085449219 -45.09400177001953 151.281005859375
50.20800018310547 -43.81999969482422 158.0260009765625
50.78300094604492 -40.303001403808594 159.36599731445312
46.30400085449219 -43.637001037597656 157.43099975585938
47.74599838256836 -40.58599853515625 155.67999267578125
45.05699920654297 -35.78300094604492 157.64100646972656
46.198001861572266 -32.7760009765625 152.1999969482422
20.02899932861328 -58.24800109863281 117.05599975585938
29.826000213623047 -57.59299850463867 127.9260025024414
42.50699996948242 -58.50199890136719 127.83699798583984
35.30099868774414 -59.78300094604492 136.61500549316406
33.215999603271484 -49.430999755859375 142.72500610351562
41.81399917602539 -53.6870002746582 148.80799865722656
39.525001525878906 -44.770999908447266 153.28799438476562
38.25400161743164 -45.84400177001953 158.6649932861328