32.606998443603516 5.421999931335449 36.39799880981445
34.26300048828125 8.267000198364258 38.29899978637695
42.29999923706055 18.895999908447266 40.33700180053711
43.01599884033203 27.840999603271484 42.064998626708984
46.78900146484375 36.020999908447266 37.59700012207031
46.10200119018555 27.000999450683594 34.04499816894531
36.3650016784668 2.246999979019165 37.22999954223633
36.59600067138672 1.5420000553131104 28.878999710083008
34.641998291015625 7.368000030517578 24.788000106811523
35.138999938964844 11.067999839782715 24.305999755859375
30.729999542236328 30.9950008392334 35.16600036621094
30.01799964904785 26.929000854492188 27.39299964904785
41.65299987792969 9.73799991607666 23.538000106811523
42.23400115966797 14.321999549865723 17.854999542236328
35.125999450683594 26.19700050354004 20.243000030517578
43.279998779296875 26.083999633789062 24.756999969482422
45.88100051879883 6.7829999923706055 28.232999801635742
43.507999420166016 7.583000183105469 32.32699966430664
43.856998443603516 11.368000030517578 32.891998291015625
46.41899871826172 30.253999710083008 28.461999893188477
38.83399963378906 37.86399841308594 34.130001068115234
36.64500045776367 32.73699951171875 35.939998626708984
34.38199996948242 29.659000396728516 36.00600051879883
29.927000045776367 8.218999862670898 23.882999420166016
30.708999633789062 8.907999992370605 20.231000900268555
28.808000564575195 8.760000228881836 7.676000118255615
34.42499923706055 10.675000190734863 11.333999633789062
27.566999435424805 13.593999862670898 21.53499984741211
29.16900062561035 11.470000267028809 33.29600143432617
33.37300109863281 15.401000022888184 36.96799850463867
37.27899932861328 22.868999481201172 39.29199981689453
42.29399871826172 37.73899841308594 39.637001037597656
43.7859992980957 34.45600128173828 51.68000030517578
42.691001892089844 31.84600067138672 54.25299835205078
39.340999603271484 32.89500045776367 59.95800018310547
27.94700050354004 29.6200008392334 70.03700256347656
17.46500015258789 27.39900016784668 71.45700073242188
11.850000381469727 23.599000930786133 72.45700073242188
16.500999450683594 22.177000045776367 69.64099884033203
38.84400177001953 33.48400115966797 46.29199981689453
34.29100036621094 23.35099983215332 51.80400085449219
32.64799880981445 16.71299934387207 62.84000015258789
29.799999237060547 12.786999702453613 60.63399887084961
27.253999710083008 15.522000312805176 61.150001525878906
25.18000030517578 16.315000534057617 58.097999572753906
23.27899932861328 21.672000885009766 58.33000183105469
24.986000061035156 29.729999542236328 53.231998443603516
29.020000457763672 37.15599822998047 49.90399932861328
32.494998931884766 41.96500015258789 51.00699996948242
34.31100082397461 36.540000915527344 51.04600143432617
19.7549991607666 20.926000595092773 72.9520034790039
25.256000518798828 20.378999710083008 74.21900177001953
30.882999420166016 20.08300018310547 67.58999633789062
42.33300018310547 24.881999969482422 48.63399887084961
46.36399841308594 25.670000076293945 50.88100051879883
44.81399917602539 26.076000213623047 54.36199951171875
31.145000457763672 25.349000930786133 72.60099792480469
27.95800018310547 32.757999420166016 81.85099792480469