-42.207000732421875 11.208000183105469 38.23899841308594
-38.292999267578125 6.139999866485596 36.305999755859375
-27.3700008392334 15.10099983215332 41.91999816894531
-14.968999862670898 15.085000038146973 40.025001525878906
-5.757999897003174 5.804999828338623 23.155000686645508
-10.03499984741211 7.0320000648498535 25.857999801635742
-4.271999835968018 12.892999649047852 39.249000549316406
-5.8420000076293945 7.264999866485596 38.11399841308594
-14.675999641418457 10.069000244140625 24.784000396728516
-1.0759999752044678 18.29800033569336 31.827999114990234
-6.380000114440918 -2.2860000133514404 42.479000091552734
-7.53000020980835 4.001999855041504 43.1510009765625
-15.661999702453613 13.475000381469727 28.964000701904297
-10.875 16.905000686645508 29.902999877929688
-6.236999988555908 22.249000549316406 29.01099967956543
-6.623000144958496 29.81399917602539 33.84600067138672
-21.81800079345703 32.137001037597656 34.21500015258789
-31.267000198364258 33.06800079345703 33.20000076293945
-43.49399948120117 27.415000915527344 33.56100082397461
-42.180999755859375 32.77299880981445 34.31700134277344
-37.111000061035156 33.33599853515625 37.95500183105469
-18.062000274658203 30.490999221801758 39.007999420166016
-10.418000221252441 29.424999237060547 30.243000030517578
-12.02299976348877 26.336999893188477 28.722000122070312
-16.21299934387207 20.94700050354004 28.054000854492188
-19.854999542236328 21.298999786376953 26.986000061035156
-36.854000091552734 21.740999221801758 41.25400161743164
-38.375999450683594 18.959999084472656 30.47800064086914
-20.440000534057617 36.49100112915039 21.72800064086914
-24.986000061035156 28.392000198364258 20.135000228881836
-33.58599853515625 18.615999221801758 29.65399932861328
-22.308000564575195 12.623000144958496 25.0310001373291
-20.5310001373291 16.33099937438965 22.14900016784668
-15.390999794006348 26.231000900268555 24.65399932861328
-16.107999801635742 30.461000442504883 28.71299934387207
-20.10700035095215 33.06399917602539 26.468000411987305
-43.72700119018555 19.86199951171875 32.202999114990234