29.733999252319336 30.420000076293945 -15.288000106811523
27.399999618530273 33.2599983215332 -10.081000328063965
25.948999404907227 35.025001525878906 -4.2170000076293945
20.263999938964844 37.20100021362305 0.9620000123977661
15.435999870300293 31.98699951171875 -12.930999755859375
18.76099967956543 26.437999725341797 -10.050999641418457
33.86899948120117 26.799999237060547 2.4709999561309814
39.00400161743164 20.075000762939453 0.8820000290870667
23.93000030517578 22.641000747680664 -18.913999557495117
21.4060001373291 28.257999420166016 -13.369000434875488
29.236000061035156 29.940000534057617 3.881999969482422
26.915000915527344 33.55699920654297 6.744999885559082
20.44700050354004 25.20599937438965 7.296999931335449
28.375999450683594 20.319000244140625 5.736999988555908
30.257999420166016 21.31599998474121 2.7230000495910645
25.965999603271484 21.05699920654297 0.10199999809265137
10.166999816894531 28.284000396728516 -9.300999641418457
10.90999984741211 26.180999755859375 -4.145999908447266
29.18600082397461 15.635000228881836 -0.22599999606609344
30.051000595092773 14.178999900817871 -8.984000205993652
15.753999710083008 19.691999435424805 -14.86400032043457