25.790000915527344 -7.02400016784668 -10.378999710083008
20.72100067138672 -11.4350004196167 -3.7219998836517334
8.904000282287598 -6.39900016784668 2.5329999923706055
13.267999649047852 -2.36899995803833 4.7170000076293945
22.729999542236328 -2.0850000381469727 3.890000104904175
21.09000015258789 1.6890000104904175 -0.06499999761581421
3.4760000705718994 7.494999885559082 -8.32699966430664
6.933000087738037 11.821999549865723 -8.272000312805176
19.891000747680664 6.702000141143799 3.0179998874664307
1.2120000123977661 -2.6500000953674316 1.4299999475479126
4.089000225067139 -7.921999931335449 0.8709999918937683
26.00200080871582 -1.0080000162124634 -17.702999114990234
22.9060001373291 -2.2739999294281006 -13.12399959564209
-2.3919999599456787 -7.296000003814697 0.004999999888241291
-2.315000057220459 -5.651000022888184 -5.409999847412109
34.012001037597656 0.4090000092983246 -3.6110000610351562
29.808000564575195 -3.234999895095825 -3.8959999084472656
0.09200000017881393 -1.8380000591278076 -11.769000053405762