1.4980000257492065 19.604000091552734 -24.895999908447266
1.8919999599456787 16.985000610351562 -22.163999557495117
3.50600004196167 13.628999710083008 -23.089000701904297
5.940000057220459 9.524999618530273 -17.541000366210938
29.0310001373291 6.699999809265137 -8.090999603271484
28.854999542236328 5.184999942779541 -11.58899974822998
14.008999824523926 -5.539000034332275 -15.565999984741211
12.737000465393066 2.371999979019165 -21.672000885009766
30.785999298095703 15.407999992370605 -8.062000274658203
26.85700035095215 11.87399959564209 -9.335000038146973
3.375 4.577000141143799 -18.304000854492188
3.38100004196167 6.0 -14.777000427246094
25.429000854492188 -1.6100000143051147 -4.502999782562256
24.652000427246094 6.171000003814697 -2.427999973297119
3.428999900817871 11.366999626159668 -14.666000366210938
4.978000164031982 19.025999069213867 -20.356000900268555
6.431000232696533 18.98900032043457 -23.849000930786133
16.15399932861328 18.48699951171875 -21.104999542236328
17.024999618530273 6.644000053405762 -32.242000579833984
10.722000122070312 -0.026000000536441803 -27.408000946044922