0.38999998569488525 11.470000267028809 -1.9539999961853027
5.881999969482422 8.35099983215332 -2.934999942779541
26.214000701904297 10.963000297546387 11.215999603271484
23.177000045776367 12.614999771118164 12.600000381469727
9.21500015258789 20.775999069213867 -1.7419999837875366
6.072000026702881 15.270000457763672 5.046000003814697
27.690000534057617 1.9550000429153442 12.302000045776367
24.131000518798828 5.454999923706055 9.833999633789062
3.7070000171661377 13.189000129699707 -4.355000019073486
6.47599983215332 11.866999626159668 -6.689000129699707
28.417999267578125 19.3439998626709 2.255000114440918
25.81100082397461 10.484000205993652 1.9980000257492065
7.084000110626221 6.35099983215332 -6.409999847412109
1.3040000200271606 -2.0280001163482666 0.6079999804496765
4.059999942779541 -1.819000005722046 7.270999908447266
7.729000091552734 -1.0160000324249268 8.005000114440918