-11.706000328063965 6.418000221252441 -25.23699951171875
-15.279000282287598 21.37700080871582 -28.062000274658203
-11.925000190734863 26.649999618530273 -25.788999557495117
-10.062000274658203 22.099000930786133 -29.399999618530273
-12.675999641418457 15.769000053405762 -27.45199966430664
-14.96500015258789 14.319999694824219 -24.804000854492188
-27.05500030517578 10.866000175476074 -22.3439998626709
-32.106998443603516 16.155000686645508 -19.038000106811523
-11.0649995803833 13.892999649047852 -14.623000144958496
-7.2230000495910645 11.119999885559082 -18.386999130249023
-10.586999893188477 9.979999542236328 -19.708999633789062
-12.243000030517578 3.447000026702881 -17.19700050354004
-29.378000259399414 8.164999961853027 -12.619000434875488
-26.503000259399414 13.390000343322754 -19.358999252319336
-10.265000343322754 15.583000183105469 -22.500999450683594
-6.135000228881836 7.192999839782715 -20.68199920654297
-3.9030001163482666 5.642000198364258 -18.02400016784668
3.3359999656677246 1.5269999504089355 -12.322999954223633
-0.9879999756813049 20.76300048828125 -16.099000930786133
-4.920000076293945 24.895000457763672 -13.958999633789062
-27.351999282836914 23.684999465942383 -25.56999969482422
-29.964000701904297 19.45800018310547 -22.513999938964844
-8.916999816894531 14.595999717712402 -7.336999893188477
-7.373000144958496 17.05500030517578 -9.890000343322754
-19.892000198364258 30.604000091552734 -11.03600025177002
-24.0310001373291 23.18600082397461 -8.815999984741211
-10.977999687194824 14.614999771118164 -2.6630001068115234
-8.088000297546387 23.20199966430664 -1.4509999752044678
-18.836000442504883 31.025999069213867 -4.3460001945495605
-21.04800033569336 23.302000045776367 -4.059000015258789
-10.375 11.539999961853027 6.872000217437744
-5.2179999351501465 21.437000274658203 6.107999801635742
-17.840999603271484 26.839000701904297 7.1529998779296875
-20.336999893188477 25.315000534057617 0.4959999918937683
-13.380999565124512 9.248000144958496 8.678999900817871
-17.52199935913086 0.871999979019165 -0.36000001430511475
-33.70600128173828 17.56599998474121 -12.866000175476074
-36.915000915527344 18.54199981689453 -14.644000053405762