2.0209999084472656 39.459999084472656 -44.0620002746582
7.315000057220459 22.60099983215332 -50.16999816894531
13.59000015258789 18.027999877929688 -55.762001037597656
20.547000885009766 15.95199966430664 -59.176998138427734
19.170000076293945 14.131999969482422 -64.08999633789062
18.273000717163086 13.0649995803833 -67.64299774169922
19.44300079345703 14.581999778747559 -70.8489990234375
11.63599967956543 9.26200008392334 -72.60800170898438
-5.046999931335449 13.928000450134277 -52.125
0.039000000804662704 21.795000076293945 -55.965999603271484
15.972000122070312 21.89900016784668 -64.16999816894531
10.378999710083008 24.197999954223633 -64.677001953125
-4.428999900817871 21.099000930786133 -61.22100067138672
-2.8970000743865967 25.524999618530273 -65.60600280761719
6.550000190734863 27.784000396728516 -67.77799987792969
0.753000020980835 30.459999084472656 -66.41100311279297
-6.309999942779541 20.70199966430664 -68.82499694824219
-3.4549999237060547 10.800999641418457 -60.630001068115234
13.869999885559082 14.274999618530273 -75.01000213623047
7.958000183105469 17.479999542236328 -75.66000366210938
-6.440999984741211 9.32800006866455 -64.71099853515625
-6.373000144958496 10.414999961853027 -70.21600341796875
-4.752999782562256 16.52899932861328 -70.95500183105469
-4.296000003814697 22.259000778198242 -74.37999725341797
-6.935999870300293 24.89699935913086 -74.99299621582031
5.020999908447266 21.93000030517578 -74.00700378417969
10.359999656677246 22.496999740600586 -78.66999816894531
15.479999542236328 17.406999588012695 -66.27899932861328
1.25 24.55299949645996 -51.0369987487793
0.07900000363588333 14.668999671936035 -52.70100021362305
8.60200023651123 7.5970001220703125 -59.67499923706055
6.306000232696533 -0.24400000274181366 -62.19300079345703
1.902999997138977 3.003000020980835 -61.40599822998047
9.890999794006348 4.46999979019165 -69.21199798583984
11.720999717712402 7.494999885559082 -64.25599670410156
17.643999099731445 5.945000171661377 -59.70600128173828
30.441999435424805 -21.253999710083008 -51.79399871826172
25.66200065612793 -19.08099937438965 -51.119998931884766
24.719999313354492 -22.757999420166016 -50.91699981689453