-22.077999114990234 28.56100082397461 29.038000106811523
-19.263999938964844 26.058000564575195 29.823999404907227
-10.67199993133545 5.119999885559082 25.593000411987305
-9.506999969482422 9.270000457763672 30.54199981689453
-16.211999893188477 28.81800079345703 27.84000015258789
-16.302000045776367 26.094999313354492 40.49700164794922
2.2260000705718994 11.831999778747559 40.41299819946289
-0.04699999839067459 17.726999282836914 27.56100082397461
-7.5879998207092285 33.06100082397461 25.74799919128418
-11.531999588012695 30.238000869750977 27.236000061035156
-10.067000389099121 26.920000076293945 26.02199935913086
-3.1050000190734863 12.237000465393066 29.190000534057617
-3.325000047683716 4.771999835968018 38.09400177001953
-26.2549991607666 23.881999969482422 37.62900161743164
-22.17300033569336 23.573999404907227 32.55699920654297
-16.91699981689453 11.614999771118164 23.424999237060547