36.22200012207031 18.150999069213867 19.42799949645996
35.80400085449219 15.095000267028809 21.62299919128418
28.490999221801758 11.565999984741211 27.538000106811523
23.14299964904785 15.069000244140625 28.783000946044922
23.641000747680664 14.96399974822998 34.891998291015625
27.753999710083008 14.928999900817871 40.986000061035156
18.041000366210938 27.719999313354492 37.29999923706055
9.772000312805176 20.214000701904297 34.28300094604492
16.836000442504883 17.29400062561035 30.988000869750977
27.915000915527344 15.670000076293945 23.54599952697754
38.65299987792969 31.187000274658203 21.33099937438965
37.96500015258789 28.57200050354004 26.32699966430664
11.255999565124512 16.67300033569336 25.261999130249023
11.170000076293945 21.09000015258789 22.00200080871582
35.0880012512207 22.785999298095703 30.847000122070312
26.402999877929688 26.33300018310547 32.529998779296875
8.411999702453613 25.312000274658203 17.61199951171875
3.5369999408721924 22.61199951171875 7.877999782562256
10.980999946594238 23.364999771118164 6.390999794006348
12.067999839782715 26.12299919128418 11.767999649047852
9.149999618530273 30.131999969482422 13.60099983215332
10.914999961853027 30.844999313354492 20.158000946044922
22.483999252319336 31.30299949645996 32.65700149536133
26.731000900268555 36.736000061035156 22.638999938964844
24.17300033569336 21.058000564575195 13.336999893188477
17.201000213623047 25.89699935913086 8.531000137329102