-11.678999900817871 -3.5789999961853027 16.73200035095215
-13.151000022888184 -0.2639999985694885 15.605999946594238
-20.334999084472656 5.324999809265137 14.468999862670898
-12.371999740600586 18.808000564575195 19.030000686645508
-0.20600000023841858 4.499000072479248 1.4859999418258667
0.9789999723434448 10.793999671936035 2.5269999504089355
-18.983999252319336 13.809000015258789 24.003999710083008
-4.535999774932861 -1.2660000324249268 31.950000762939453
-8.21399974822998 -11.487000465393066 20.96299934387207
-13.560999870300293 1.1299999952316284 20.665000915527344
-15.980999946594238 7.664999961853027 13.680000305175781
-10.307999610900879 15.21399974822998 2.680000066757202
0.9049999713897705 20.113000869750977 4.460999965667725
-1.11899995803833 17.57699966430664 -1.1690000295639038
-13.850000381469727 12.918999671936035 25.14299964904785
-2.2179999351501465 9.847000122070312 30.375
1.2339999675750732 5.855999946594238 26.069000244140625
-9.295000076293945 -0.7300000190734863 1.13100004196167
4.88100004196167 9.303000450134277 13.62399959564209
3.2119998931884766 15.35099983215332 14.369000434875488
-9.0600004196167 23.31399917602539 9.144000053405762