2.450000047683716 22.756000518798828 -19.58300018310547
9.625 25.652000427246094 -9.663999557495117
-0.40400001406669617 41.361000061035156 -9.76200008392334
6.329999923706055 43.27399826049805 -14.82800006866455
20.6560001373291 30.84600067138672 -13.406000137329102
21.1200008392334 27.517000198364258 -11.602999687194824
24.60300064086914 24.20800018310547 -9.156000137329102
18.100000381469727 16.048999786376953 -8.01200008392334
16.256999969482422 19.381000518798828 -8.03600025177002
19.233999252319336 29.795000076293945 -8.211000442504883
3.944999933242798 45.915000915527344 -8.855999946594238
1.8320000171661377 48.66299819946289 -7.232999801635742
3.8410000801086426 51.46799850463867 -2.7079999446868896
12.89799976348877 47.775001525878906 0.8479999899864197
8.35099983215332 31.988000869750977 -1.6339999437332153
9.005999565124512 30.304000854492188 1.7259999513626099
12.13599967956543 22.628000259399414 -1.0180000066757202
19.48699951171875 31.437999725341797 -3.757999897003174
6.797999858856201 50.17900085449219 -8.302000045776367
10.17300033569336 52.867000579833984 -17.084999084472656