-16.202999114990234 -21.57200050354004 24.326000213623047
-9.097999572753906 -17.708999633789062 18.89699935913086
-25.19099998474121 -8.878999710083008 10.37600040435791
-28.94099998474121 -16.14900016784668 13.595999717712402
-15.767000198364258 -29.736000061035156 15.178000450134277
-12.008000373840332 -30.229999542236328 14.845999717712402
-10.986000061035156 -35.013999938964844 12.38700008392334
-12.916000366210938 -27.709999084472656 11.152000427246094
-28.698999404907227 -13.395999908447266 6.820000171661377
-30.42300033569336 -10.96399974822998 4.459000110626221
-31.121999740600586 -13.109999656677246 -0.847000002861023
-26.4689998626709 -22.298999786376953 -2.6589999198913574
-12.85099983215332 -16.308000564575195 5.578000068664551
-10.07800006866455 -16.89900016784668 3.063999891281128
-4.769999980926514 -19.91699981689453 4.077000141143799
-12.819000244140625 -27.1560001373291 6.193999767303467
-32.25199890136719 -16.17099952697754 4.416999816894531
-34.75899887084961 -15.336000442504883 7.15500020980835
-36.17900085449219 -20.884000778198242 7.877999782562256