39.060001373291016 99.51399993896484 19.764999389648438
40.641998291015625 100.45500183105469 27.367000579833984
24.322999954223633 94.3499984741211 42.50899887084961
29.982999801635742 97.96700286865234 43.374000549316406
36.48699951171875 96.94100189208984 24.009000778198242
33.8650016784668 89.45600128173828 25.402999877929688
31.107999801635742 89.69599914550781 28.025999069213867
34.87900161743164 86.19499969482422 45.180999755859375
32.025001525878906 83.77799987792969 36.244998931884766
27.091999053955078 86.02300262451172 36.909000396728516
17.33300018310547 97.56099700927734 31.5310001373291
19.38800048828125 93.86199951171875 27.5049991607666
24.395000457763672 90.66600036621094 27.67099952697754
32.46500015258789 91.86199951171875 22.61199951171875
31.961999893188477 95.00299835205078 24.683000564575195
26.924999237060547 101.16600036621094 34.85599899291992
22.374000549316406 82.61199951171875 39.32600021362305