-3.4719998836517334 9.251999855041504 -6.894000053405762
-9.418999671936035 5.4029998779296875 -12.194000244140625
-22.472999572753906 8.003999710083008 -25.788000106811523
-25.066999435424805 10.677000045776367 -26.464000701904297
-26.027999877929688 12.36299991607666 -29.753000259399414
-20.676000595092773 11.843000411987305 -28.62299919128418
-18.98900032043457 11.45199966430664 -25.246999740600586
-14.163000106811523 15.178000450134277 -24.81999969482422
1.4420000314712524 15.597999572753906 -25.81399917602539
-3.1010000705718994 10.175999641418457 -25.452999114990234
-17.534000396728516 19.381999969482422 -22.131000518798828
-21.381000518798828 11.87399959564209 -20.44099998474121
-18.099000930786133 9.8100004196167 -15.626999855041504
-3.9019999504089355 10.07699966430664 -19.78499984741211
-12.333000183105469 -1.3289999961853027 -22.409000396728516
-7.083000183105469 -3.2009999752044678 -23.292999267578125
-3.046999931335449 1.4470000267028809 -25.007999420166016
-3.4860000610351562 8.390000343322754 -31.594999313354492
-16.91900062561035 -0.25 -28.45400047302246
-20.215999603271484 2.861999988555908 -24.493999481201172
-3.4200000762939453 12.041999816894531 -13.991000175476074
15.685999870300293 17.211000442504883 -6.322999954223633