-7.426000118255615 -36.763999938964844 42.71799850463867
-10.685999870300293 -25.3700008392334 34.428001403808594
3.0490000247955322 4.986999988555908 27.3799991607666
-2.186000108718872 5.504000186920166 29.518999099731445
-4.974999904632568 -27.91699981689453 31.099000930786133
-5.6519999504089355 -25.06100082397461 25.275999069213867
-9.449000358581543 3.36899995803833 29.929000854492188
-1.5240000486373901 -7.574999809265137 20.756000518798828
0.3070000112056732 -13.112000465393066 25.961999893188477
0.20999999344348907 -30.31999969482422 27.069000244140625
3.191999912261963 -32.19900131225586 28.554000854492188
6.913000106811523 -27.336999893188477 36.590999603271484
3.196000099182129 -26.15399932861328 41.77199935913086
3.247999906539917 -19.927000045776367 40.9109992980957
12.961999893188477 -3.9240000247955322 18.09000015258789
9.484000205993652 -2.367000102996826 26.371000289916992
-11.82800006866455 -24.797000885009766 43.3849983215332
-10.815999984741211 -21.722999572753906 38.58300018310547
9.069000244140625 3.9830000400543213 25.184999465942383
-0.06700000166893005 -5.083000183105469 14.173999786376953
3.50600004196167 -15.414999961853027 14.868000030517578
6.322999954223633 -19.367000579833984 18.548999786376953
18.98699951171875 -20.23900032043457 39.917999267578125
13.47700023651123 -21.479000091552734 39.00899887084961
-0.3019999861717224 -4.72599983215332 8.454999923706055
7.809000015258789 -8.486000061035156 11.13700008392334
5.565000057220459 -21.551000595092773 45.29499816894531
12.756999969482422 -28.32200050354004 26.680999755859375
-15.508999824523926 -5.36299991607666 18.888999938964844
-14.430000305175781 -6.833000183105469 24.238000869750977
15.190999984741211 -30.979000091552734 23.459999084472656
14.765000343322754 -35.231998443603516 19.413000106811523