12.342000007629395 37.387001037597656 -10.890000343322754
14.996000289916992 28.39699935913086 -11.859999656677246
7.0279998779296875 16.999000549316406 -15.288999557495117
8.664999961853027 23.211000442504883 -21.899999618530273
9.708999633789062 33.2239990234375 -19.68899917602539
7.38100004196167 36.185001373291016 -20.05299949645996
8.019000053405762 37.92300033569336 -24.996000289916992
5.058000087738037 33.22700119018555 -19.500999450683594
3.5369999408721924 19.864999771118164 -23.020999908447266
4.5289998054504395 17.797000885009766 -26.038000106811523
-1.4229999780654907 19.804000854492188 -26.670000076293945
-1.8289999961853027 21.833999633789062 -23.493999481201172
-6.995999813079834 42.970001220703125 -13.564000129699707
-4.010000228881836 39.582000732421875 -10.140999794006348
-5.067999839782715 21.83099937438965 -28.55699920654297
-9.913000106811523 29.1560001373291 -20.363000869750977
-2.0139999389648438 37.680999755859375 -5.124000072479248
4.138999938964844 35.05500030517578 -7.738999843597412
8.934000015258789 8.0600004196167 -12.071999549865723
-1.3589999675750732 9.734999656677246 -4.559000015258789
-3.8380000591278076 15.04800033569336 -2.128999948501587
-13.748000144958496 20.94499969482422 2.7820000648498535
-8.704999923706055 23.033000946044922 4.65500020980835
-11.244999885559082 30.152999877929688 5.071000099182129
-12.86400032043457 36.369998931884766 -14.847000122070312
-18.24799919128418 34.301998138427734 -13.104999542236328
-5.788000106811523 33.875999450683594 4.818999767303467
-7.826000213623047 36.733001708984375 -0.5139999985694885
-10.097000122070312 28.851999282836914 -8.1850004196167
-12.585000038146973 25.29800033569336 -3.5160000324249268
4.831999778747559 23.996999740600586 4.074999809265137
8.807000160217285 24.031999588012695 -1.4140000343322754
8.498000144958496 9.909000396728516 -1.819000005722046
-1.434000015258789 9.144000053405762 0.9800000190734863
-4.784999847412109 5.736000061035156 -3.431999921798706
-7.48799991607666 4.431000232696533 0.7599999904632568
-13.013999938964844 4.886000156402588 2.5439999103546143