12.63599967956543 17.934999465942383 44.39400100708008
18.73200035095215 15.022000312805176 50.59700012207031
25.150999069213867 10.37600040435791 73.89399719238281
21.033000946044922 9.708000183105469 82.5
11.276000022888184 9.192999839782715 88.25199890136719
12.055000305175781 15.107999801635742 82.26799774169922
19.490999221801758 14.88599967956543 75.15899658203125
21.104999542236328 16.599000930786133 66.94999694824219
21.520000457763672 18.642000198364258 63.78799819946289
11.579999923706055 20.773000717163086 54.78499984741211
23.367000579833984 0.8700000047683716 78.91400146484375
8.236000061035156 7.808000087738037 77.80899810791016
11.78600025177002 19.775999069213867 66.94300079345703
7.000999927520752 16.354999542236328 69.31900024414062
8.519000053405762 6.980000019073486 70.19000244140625
14.156000137329102 2.2339999675750732 66.55699920654297
6.209000110626221 11.13700008392334 59.095001220703125
12.230999946594238 23.173999786376953 58.36000061035156
15.163999557495117 20.812999725341797 57.76100158691406
15.96399974822998 17.35300064086914 67.03399658203125
9.652000427246094 7.951000213623047 83.69000244140625
14.810999870300293 6.561999797821045 92.56999969482422
13.260000228881836 21.69300079345703 48.750999450683594