30.990999221801758 72.22599792480469 95.91799926757812
27.915000915527344 72.78299713134766 98.10199737548828
16.840999603271484 97.18699645996094 101.71600341796875
-2.315000057220459 90.81600189208984 96.30899810791016
0.9990000128746033 88.42500305175781 91.9800033569336
14.055999755859375 87.80000305175781 102.08300018310547
16.643999099731445 74.06600189208984 103.40299987792969
22.82900047302246 80.41999816894531 91.12100219726562
2.440000057220459 99.00199890136719 93.8270034790039
7.578000068664551 104.21299743652344 98.89800262451172
33.51599884033203 77.76699829101562 92.02799987792969
27.902000427246094 74.95899963378906 85.2979965209961