31.042999267578125 1.3070000410079956 29.39699935913086
25.964000701904297 4.0320000648498535 26.45400047302246
16.677000045776367 7.510000228881836 18.179000854492188
11.961999893188477 13.574999809265137 13.868000030517578
3.0230000019073486 17.548999786376953 12.401000022888184
5.75600004196167 10.786999702453613 18.365999221801758
26.586999893188477 -1.6579999923706055 29.358999252319336
18.04400062561035 -0.6050000190734863 33.117000579833984
18.04400062561035 2.5450000762939453 38.060001373291016
15.621000289916992 6.607999801635742 33.61399841308594
17.33300018310547 27.41699981689453 23.371999740600586
16.41200065612793 26.006000518798828 28.766000747680664
11.569000244140625 2.875 37.2869987487793
6.441999912261963 6.807000160217285 36.82400131225586
6.609000205993652 17.076000213623047 36.47200012207031
3.0889999866485596 18.584999084472656 36.5359992980957
1.5299999713897705 15.107000350952148 33.00699996948242
4.474999904632568 12.795000076293945 28.08300018310547
14.032999992370605 -4.295000076293945 30.60700035095215
15.105999946594238 0.4449999928474426 26.090999603271484
1.0479999780654907 13.54699993133545 22.40399932861328
5.071000099182129 24.30299949645996 18.360000610351562
9.927000045776367 21.374000549316406 19.336000442504883
13.079000473022461 20.709999084472656 21.386999130249023
23.125999450683594 6.34499979019165 36.8380012512207
25.097999572753906 9.456999778747559 32.03900146484375
22.07200050354004 10.083000183105469 25.71500015258789
16.868000030517578 13.524999618530273 19.819000244140625
6.1570000648498535 21.648000717163086 10.892999649047852
3.703000068664551 24.42799949645996 10.02400016784668