0.24300000071525574 24.347000122070312 21.46299934387207
8.112000465393066 19.302000045776367 20.24799919128418
12.253999710083008 11.892999649047852 22.974000930786133
13.034000396728516 5.75 36.41400146484375
16.378000259399414 9.63599967956543 34.257999420166016
26.756999969482422 11.442000389099121 34.284000396728516
19.444000244140625 12.38700008392334 2.055999994277954
16.486000061035156 5.51800012588501 7.565000057220459
23.791000366210938 -5.078000068664551 13.295000076293945
26.677000045776367 -4.676000118255615 15.687999725341797
33.36800003051758 3.5409998893737793 14.848999977111816
34.88399887084961 0.00800000037997961 19.329999923706055
25.95199966430664 -14.866000175476074 23.881000518798828
21.41900062561035 -8.281000137329102 15.123000144958496
20.319000244140625 -6.579999923706055 18.37700080871582
22.624000549316406 -10.291999816894531 25.64900016784668
37.89799880981445 2.6530001163482666 24.73699951171875
37.46500015258789 -1.871999979019165 27.975000381469727
8.401000022888184 1.277999997138977 13.218000411987305
11.263999938964844 5.578999996185303 14.031999588012695
31.60099983215332 -3.9040000438690186 33.75600051879883
33.82600021362305 -1.1859999895095825 44.60200119018555
31.97100067138672 -0.5540000200271606 39.11399841308594
26.62700080871582 0.7570000290870667 35.058998107910156
10.329999923706055 16.070999145507812 6.894999980926514
16.315000534057617 14.093999862670898 6.584000110626221
28.93899917602539 4.673999786376953 39.72800064086914
32.08700180053711 6.317999839782715 40.99700164794922
36.67499923706055 14.923999786376953 32.49399948120117
35.56100082397461 11.875 26.652000427246094
25.73200035095215 7.455999851226807 2.989000082015991