19.361000061035156 9.234000205993652 26.58799934387207
20.084999084472656 8.298999786376953 22.965999603271484
26.3799991607666 -4.090000152587891 4.007999897003174
23.142000198364258 -0.23000000417232513 -1.1139999628067017
6.894000053405762 6.51200008392334 18.218000411987305
13.49899959564209 12.63700008392334 17.06599998474121
32.30099868774414 8.187000274658203 4.1020002365112305
29.05500030517578 4.943999767303467 7.839000225067139
12.854000091552734 11.597000122070312 22.767000198364258
14.062999725341797 3.569000005722046 27.408000946044922
21.209999084472656 -9.407999992370605 5.090000152587891
25.025999069213867 -5.723999977111816 9.727999687194824
23.413000106811523 8.968999862670898 28.31100082397461
18.857999801635742 -3.4489998817443848 38.645999908447266