-13.432999610900879 7.374000072479248 -25.881999969482422
-14.942000389099121 3.997999906539917 -25.003000259399414
-31.200000762939453 2.1029999256134033 -35.71200180053711
-26.319000244140625 3.7309999465942383 -25.29400062561035
4.416999816894531 -24.607999801635742 -21.4060001373291
4.5980000495910645 -26.006999969482422 -24.933000564575195
14.458000183105469 -28.702999114990234 -29.19099998474121
9.57800006866455 -18.764999389648438 -33.77799987792969
-11.532999992370605 -20.34000015258789 -32.564998626708984
-24.871999740600586 -24.086000442504883 -25.829999923706055
-24.086999893188477 -26.225000381469727 -20.783000946044922