-10.109999656677246 -1.7580000162124634 -2.0160000324249268
-11.484000205993652 -3.5360000133514404 6.313000202178955
-15.440999984741211 -30.110000610351562 10.486000061035156
-3.740999937057495 -26.577999114990234 11.357000350952148
-6.589000225067139 -24.409000396728516 -2.3310000896453857
4.460999965667725 -26.406999588012695 -22.67099952697754
23.070999145507812 -16.11199951171875 -13.282999992370605
20.249000549316406 -11.975000381469727 -7.428999900817871
12.638999938964844 -23.472999572753906 -0.921999990940094
16.906999588012695 -23.86199951171875 2.36899995803833
25.172000885009766 -20.885000228881836 -1.097000002861023
23.32900047302246 -24.288000106811523 -4.866000175476074
19.76799964904785 -24.280000686645508 -10.142000198364258
14.559000015258789 -32.534000396728516 -9.89799976348877
10.937999725341797 -32.35200119018555 -11.041999816894531
5.822999954223633 -27.308000564575195 -8.848999977111816
8.317999839782715 -22.31800079345703 -4.870999813079834
22.979999542236328 -10.744999885559082 -2.8450000286102295
7.308000087738037 -6.465000152587891 7.605000019073486
-1.7940000295639038 -12.338000297546387 -9.206000328063965
-1.2100000381469727 -12.362000465393066 -12.977999687194824
-2.3359999656677246 -14.781000137329102 -15.70199966430664
0.32499998807907104 -17.525999069213867 -15.845000267028809
14.041999816894531 -0.8090000152587891 -3.3510000705718994
11.819000244140625 -5.4120001792907715 -0.5669999718666077
6.86299991607666 -23.468000411987305 -10.45199966430664
5.201000213623047 -23.222999572753906 -13.86299991607666
1.315000057220459 -21.136999130249023 -11.559000015258789
3.9860000610351562 -14.697999954223633 -6.624000072479248
7.252999782562256 -1.5130000114440918 6.127999782562256
0.34200000762939453 -0.902999997138977 4.4039998054504395
4.460999965667725 -3.634000062942505 -18.51300048828125
-4.629000186920166 -4.682000160217285 -16.900999069213867
-3.739000082015991 -9.194000244140625 -13.701000213623047
-6.105000019073486 -11.564000129699707 -11.87399959564209
-6.118000030517578 -6.88700008392334 2.381999969482422
-6.4679999351501465 -5.447000026702881 -8.99899959564209
-2.5799999237060547 -7.113999843597412 -5.382999897003174
3.302000045776367 -10.055999755859375 9.887999534606934
6.196000099182129 -20.163000106811523 6.7789998054504395
0.22499999403953552 -19.79400062561035 7.676000118255615
-0.04899999871850014 -17.097999572753906 10.390000343322754
-11.864999771118164 -23.979999542236328 20.618000030517578
-17.101999282836914 -13.029000282287598 14.805000305175781
-1.9229999780654907 -12.751999855041504 18.802000045776367
-3.4820001125335693 -8.362000465393066 15.104000091552734
-9.357999801635742 -7.1620001792907715 15.621000289916992
-8.722999572753906 -6.071000099182129 10.138999938964844
-2.553999900817871 -3.9670000076293945 16.08799934387207
-2.5989999771118164 -0.11500000208616257 15.727999687194824