16.141000747680664 28.69499969482422 -10.029999732971191
10.611000061035156 25.757999420166016 -6.864999771118164
3.1710000038146973 21.16900062561035 -2.7269999980926514
1.069000005722046 21.5939998626709 0.47699999809265137
11.22599983215332 23.56399917602539 10.350000381469727
12.609999656677246 28.135000228881836 -2.380000114440918
15.843000411987305 27.10099983215332 -4.038000106811523
16.31100082397461 23.268999099731445 -3.996999979019165
11.555999755859375 16.274999618530273 15.131999969482422
17.256999969482422 10.093999862670898 13.064000129699707
18.500999450683594 6.993000030517578 14.934000015258789
19.246000289916992 6.353000164031982 9.42300033569336
10.104000091552734 8.57699966430664 9.498000144958496
4.03000020980835 13.050999641418457 8.081000328063965
5.929999828338623 6.315999984741211 1.2300000190734863
12.932000160217285 4.743000030517578 6.929999828338623
21.1560001373291 9.680999755859375 4.206999778747559
16.906999588012695 8.253999710083008 -3.7760000228881836
7.72599983215332 20.400999069213867 -6.263000011444092
8.456999778747559 23.836999893188477 -11.03499984741211