1.625 53.314998626708984 56.73099899291992
3.2060000896453857 50.3380012512207 55.02199935913086
5.125 47.97999954223633 57.2869987487793
5.1579999923706055 61.31999969482422 55.948001861572266
21.749000549316406 52.84299850463867 55.54999923706055
16.18600082397461 48.053001403808594 52.16400146484375
3.5199999809265137 58.3489990234375 52.097999572753906
6.519000053405762 68.39800262451172 50.70000076293945
8.822999954223633 71.3740005493164 51.31700134277344
13.039999961853027 73.34400177001953 54.90299987792969
35.34199905395508 73.125 47.90700149536133
38.32500076293945 80.83100128173828 52.483001708984375
31.663999557495117 87.39299774169922 53.41600036621094
26.68600082397461 92.12699890136719 53.00600051879883
20.84600067138672 89.23300170898438 55.29899978637695
36.98899841308594 85.68599700927734 56.36899948120117
34.507999420166016 76.18399810791016 54.10900115966797
23.115999221801758 75.37300109863281 64.05500030517578
21.12299919128418 80.40399932861328 56.847999572753906
30.07900047302246 77.96099853515625 44.9739990234375
22.707000732421875 81.6729965209961 44.779998779296875
21.625999450683594 60.38999938964844 43.30500030517578
13.847000122070312 70.36699676513672 43.80799865722656
15.76099967956543 73.03700256347656 45.71200180053711
12.628000259399414 81.47200012207031 47.59600067138672
11.324999809265137 83.18099975585938 44.45800018310547
8.781999588012695 78.68800354003906 45.84400177001953
9.206000328063965 76.4489974975586 48.893001556396484
10.223999977111816 69.96499633789062 47.41600036621094
10.14900016784668 63.3129997253418 49.797000885009766
10.96399974822998 61.145999908447266 52.805999755859375
29.323999404907227 58.060001373291016 53.060001373291016
33.87799835205078 60.89899826049805 56.167999267578125
30.29400062561035 66.6449966430664 66.50399780273438
30.37299919128418 71.33699798583984 69.14299774169922
34.986000061035156 89.5009994506836 66.8479995727539
38.3129997253418 85.49700164794922 68.53800201416016
25.034000396728516 70.93099975585938 67.69100189208984
19.00200080871582 63.020999908447266 68.97200012207031
19.408000946044922 58.4640007019043 71.64700317382812
22.575000762939453 58.242000579833984 66.83599853515625
5.546999931335449 77.62200164794922 57.88399887084961
6.118000030517578 72.4280014038086 59.00899887084961
23.43199920654297 45.9630012512207 67.11900329589844
22.722000122070312 47.54800033569336 61.7400016784668
3.3510000705718994 69.48899841308594 63.915000915527344
9.744000434875488 64.96600341796875 66.79100036621094
12.48900032043457 44.426998138427734 63.40599822998047
10.779000282287598 47.66299819946289 49.45199966430664
15.512999534606934 52.76100158691406 47.972999572753906