14.052000045776367 27.45599937438965 22.735000610351562
11.732000350952148 24.048999786376953 18.165000915527344
12.510000228881836 24.277000427246094 -5.072999954223633
15.0600004196167 21.42099952697754 -5.25
14.987000465393066 21.365999221801758 -0.23800000548362732
15.684000015258789 19.799999237060547 3.1459999084472656
6.245999813079834 31.341999053955078 19.358999252319336
1.4789999723434448 18.65999984741211 10.02299976348877
7.0320000648498535 37.37300109863281 0.9810000061988831
-6.439000129699707 45.35300064086914 3.875999927520752
-5.747000217437744 45.124000549316406 -0.7570000290870667
-0.32499998807907104 30.43899917602539 2.315999984741211
11.262999534606934 40.887001037597656 12.494000434875488
5.548999786376953 39.57400131225586 17.320999145507812
-5.197000026702881 38.834999084472656 6.179999828338623
0.8690000176429749 30.41699981689453 9.17300033569336
15.008999824523926 37.12900161743164 12.362000465393066
-3.867000102996826 36.01599884033203 23.297000885009766
-4.401000022888184 34.35200119018555 18.023000717163086
3.614000082015991 31.222999572753906 14.428999900817871
16.910999298095703 32.28200149536133 11.170000076293945
18.070999145507812 35.104000091552734 8.944000244140625
14.442000389099121 33.67300033569336 -8.798999786376953
8.758000373840332 27.738000869750977 -2.072999954223633
4.427999973297119 19.113000869750977 14.824999809265137
-0.5979999899864197 23.208999633789062 29.922000885009766