-22.235000610351562 -16.86400032043457 15.064000129699707
-20.95400047302246 -13.29800033569336 15.21500015258789
-11.583000183105469 -14.838000297546387 26.285999298095703
-5.376999855041504 -16.14299964904785 26.611000061035156
15.079000473022461 -10.621999740600586 37.430999755859375
5.235000133514404 -18.183000564575195 38.17399978637695
-5.183000087738037 -11.055999755859375 25.53499984741211
-0.16200000047683716 -6.388000011444092 32.150001525878906
-0.6190000176429749 -9.286999702453613 37.56100082397461
-1.5839999914169312 -8.84000015258789 41.236000061035156
7.46999979019165 -12.397000312805176 49.37799835205078
7.761000156402588 -3.5369999408721924 35.512001037597656
14.246999740600586 -10.154000282287598 25.860000610351562
13.022000312805176 -4.625 26.1299991607666
7.057000160217285 -3.999000072479248 27.982999801635742
-1.3799999952316284 -7.995999813079834 26.29800033569336
4.289000034332275 -14.949999809265137 18.490999221801758
5.583000183105469 -16.365999221801758 26.80900001525879
11.418999671936035 -4.260000228881836 40.909000396728516
-5.25600004196167 0.9200000166893005 38.71900177001953
-17.805999755859375 12.373000144958496 16.913999557495117
-21.885000228881836 11.319999694824219 20.524999618530273
-23.93000030517578 7.723999977111816 28.413000106811523
-21.170000076293945 8.163000106811523 34.191001892089844
-13.388999938964844 -8.230999946594238 36.435001373291016
-18.093000411987305 -10.33899974822998 29.134000778198242
-20.815000534057617 -0.4399999976158142 17.957000732421875
-7.057000160217285 1.2430000305175781 14.307999610900879
8.484000205993652 -5.089000225067139 14.253000259399414
0.6520000100135803 3.927000045776367 12.07800006866455
-2.694999933242798 5.633999824523926 12.630999565124512
-17.020999908447266 2.878999948501587 3.2200000286102295
-15.722000122070312 3.871000051498413 -0.2150000035762787
-17.341999053955078 -1.569000005722046 2.1989998817443848
-13.5600004196167 -1.1740000247955322 2.3980000019073486
-11.585000038146973 -4.331999778747559 3.2060000896453857
-8.526000022888184 -5.021999835968018 5.349999904632568
0.8299999833106995 0.3529999852180481 5.038000106811523
1.4420000314712524 -0.6949999928474426 1.4270000457763672
1.2400000095367432 -5.800000190734863 0.26899999380111694
2.9519999027252197 -7.568999767303467 -2.6540000438690186
0.03799999877810478 -10.17199993133545 1.7170000076293945
3.821000099182129 -9.836999893188477 1.7280000448226929
2.197000026702881 -11.527999877929688 8.28499984741211
-5.771999835968018 -11.234999656677246 18.141000747680664
-5.181000232696533 -14.79800033569336 13.890999794006348
-4.708000183105469 -13.782999992370605 10.26099967956543
-14.668999671936035 -6.085999965667725 5.48799991607666
-13.093000411987305 -3.446000099182129 7.716000080108643
-12.267999649047852 -7.879000186920166 16.39699935913086
-8.291999816894531 -2.5969998836517334 16.003000259399414
8.013999938964844 -9.729000091552734 8.369000434875488