14.772000312805176 5.224999904632568 41.013999938964844
11.392999649047852 6.820000171661377 41.731998443603516
9.807000160217285 9.567000389099121 39.59299850463867
9.49899959564209 3.6040000915527344 39.46099853515625
11.295999526977539 5.250999927520752 36.52000045776367
13.815999984741211 -7.104000091552734 20.972000122070312
10.331999778747559 -8.637999534606934 21.11199951171875
2.7060000896453857 -11.829000473022461 29.9689998626709
-4.098999977111816 -19.413999557495117 28.634000778198242
0.4050000011920929 -17.6200008392334 33.19300079345703
4.663000106811523 -14.29800033569336 24.253999710083008
7.895999908447266 -19.16699981689453 19.47800064086914
5.560999870300293 -16.01099967956543 15.036999702453613
-11.145000457763672 -7.9670000076293945 20.44700050354004
-14.210000038146973 -3.6489999294281006 13.618000030517578
-9.66100025177002 -9.263999938964844 8.680999755859375
-11.105999946594238 -14.729999542236328 7.771999835968018
1.8109999895095825 -22.5939998626709 8.586000442504883
3.2990000247955322 -19.827999114990234 13.604000091552734
-7.230999946594238 -7.73199987411499 24.59000015258789
-10.206000328063965 -12.85200023651123 33.308998107910156
-15.142000198364258 -18.503999710083008 14.503000259399414
-5.429999828338623 -17.86199951171875 21.240999221801758
-3.507999897003174 -10.13599967956543 31.46299934387207
0.8220000267028809 -6.510000228881836 29.95400047302246
3.5220000743865967 -4.085000038146973 22.035999298095703
-2.2799999713897705 -4.638999938964844 15.843000411987305
14.192999839782715 -15.553000450134277 17.466999053955078
13.411999702453613 -9.939000129699707 17.542999267578125
1.9989999532699585 -3.308000087738037 11.954000473022461
-3.1410000324249268 -2.0899999141693115 4.824999809265137
11.32800006866455 -19.993000030517578 -4.460999965667725
4.561999797821045 -19.93000030517578 -10.008000373840332