30.965999603271484 18.18400001525879 6.3979997634887695
34.29100036621094 19.19300079345703 4.815000057220459
56.433998107910156 18.836000442504883 10.39900016784668
57.20500183105469 19.570999145507812 14.07800006866455
53.354000091552734 21.290000915527344 18.04199981689453
56.965999603271484 21.30699920654297 19.285999298095703
61.15800094604492 24.323999404907227 22.56599998474121
57.665000915527344 18.48699951171875 24.70599937438965
52.07400131225586 21.93600082397461 22.898000717163086
46.13100051879883 19.996000289916992 21.857999801635742
48.25199890136719 23.267000198364258 17.881000518798828
47.35599899291992 25.10300064086914 14.670000076293945
34.71900177001953 20.804000854492188 9.067999839782715
55.79100036621094 14.630999565124512 11.842000007629395
61.06700134277344 17.142000198364258 4.693999767303467
59.2400016784668 17.95800018310547 1.503999948501587
60.36899948120117 11.901000022888184 3.444999933242798
57.14500045776367 13.795000076293945 2.936000108718872
40.21699905395508 10.161999702453613 1.8630000352859497
41.36399841308594 20.36400032043457 1.2719999551773071
56.678001403808594 22.13599967956543 5.019000053405762
63.6619987487793 20.812999725341797 7.495999813079834
69.19300079345703 21.72100067138672 6.841000080108643
64.62799835205078 27.277000427246094 -0.7799999713897705
47.25199890136719 12.072999954223633 -9.173999786376953
41.665000915527344 21.875999450683594 -3.072000026702881
56.314998626708984 28.20199966430664 7.315999984741211
74.86599731445312 25.957000732421875 18.82900047302246
70.19999694824219 24.659000396728516 10.147000312805176
68.69499969482422 28.51799964904785 6.9039998054504395
63.25 33.922000885009766 3.930999994277954
60.17399978637695 30.32200050354004 0.8519999980926514
46.275001525878906 26.635000228881836 -9.048999786376953
45.930999755859375 28.555999755859375 -2.499000072479248
52.69900131225586 31.641000747680664 7.827000141143799
51.106998443603516 36.034000396728516 11.364999771118164
52.32099914550781 28.21299934387207 21.841999053955078
33.13399887084961 27.68600082397461 0.3880000114440918
32.909000396728516 27.724000930786133 4.197000026702881