-24.58099937438965 -1.9290000200271606 29.40399932861328
-20.243999481201172 -3.618000030517578 33.382999420166016
-16.37700080871582 -2.236999988555908 29.695999145507812
3.990999937057495 -5.85699987411499 28.583999633789062
-15.559000015258789 -6.230999946594238 16.124000549316406
-19.608999252319336 -10.210000038146973 18.27899932861328
1.9579999446868896 -15.677000045776367 32.566001892089844
-0.09300000220537186 -9.788000106811523 39.625999450683594
-27.13800048828125 -16.22100067138672 23.898000717163086
-25.05500030517578 -21.28700065612793 16.628999710083008
-21.43199920654297 -25.323999404907227 18.14900016784668
-17.62700080871582 -25.243999481201172 18.02400016784668
-5.406000137329102 -5.249000072479248 -9.53600025177002
-4.1020002365112305 0.5950000286102295 4.109000205993652
-7.394999980926514 -27.13800048828125 17.78499984741211
-2.240999937057495 -27.062000274658203 6.126999855041504
9.640000343322754 3.390000104904175 0.8069999814033508
5.151000022888184 -3.7980000972747803 -4.4679999351501465