4.561999797821045 22.729000091552734 19.41900062561035
7.784999847412109 20.79800033569336 20.0310001373291
13.793000221252441 9.159000396728516 17.816999435424805
19.934999465942383 1.340000033378601 15.744000434875488
6.484000205993652 27.232999801635742 12.769000053405762
10.21399974822998 23.367000579833984 16.895999908447266
17.270000457763672 12.975000381469727 19.599000930786133
13.081999778747559 -0.03200000151991844 19.643999099731445
6.526000022888184 18.01099967956543 28.434999465942383
4.716000080108643 15.031000137329102 19.724000930786133
12.20199966430664 -1.5260000228881836 10.295999526977539
5.466000080108643 -2.184000015258789 14.95300006866455
2.1670000553131104 2.190999984741211 24.073999404907227
1.3609999418258667 6.116000175476074 19.68600082397461
1.1950000524520874 5.204999923706055 9.699999809265137
-0.3619999885559082 10.086000442504883 4.150000095367432
-5.442999839782715 12.633000373840332 18.104000091552734
3.2070000171661377 9.954999923706055 18.88599967956543
11.654000282287598 3.062000036239624 7.939000129699707
10.454000473022461 7.048999786376953 0.4580000042915344
-0.10899999737739563 18.395999908447266 10.654000282287598
-16.45400047302246 16.023000717163086 10.529999732971191
-0.8130000233650208 2.119999885559082 33.91400146484375
5.8460001945495605 6.9710001945495605 35.263999938964844
13.062999725341797 -0.5389999747276306 35.61800003051758
18.729999542236328 1.347000002861023 35.707000732421875
19.10099983215332 8.96500015258789 28.090999603271484
19.683000564575195 14.407999992370605 25.47100067138672
11.284000396728516 19.625 30.684999465942383
10.607999801635742 18.783000946044922 37.77399826049805
25.207000732421875 12.487000465393066 37.757999420166016