-20.11199951171875 23.76099967956543 -49.82099914550781
-20.554000854492188 21.27899932861328 -40.53799819946289
-24.899999618530273 16.739999771118164 -38.2869987487793
-27.90399932861328 17.086999893188477 -35.97700119018555
-31.344999313354492 15.501999855041504 -35.72700119018555
-37.92599868774414 9.0649995803833 -37.50899887084961
-38.630001068115234 5.453000068664551 -36.446998596191406
-38.49599838256836 2.549999952316284 -45.928001403808594
-44.875 8.743000030517578 -51.972999572753906
-39.40399932861328 9.494000434875488 -46.659000396728516
-34.28499984741211 9.416000366210938 -42.321998596191406
-34.474998474121094 6.276000022888184 -40.12699890136719
-33.630001068115234 6.797999858856201 -36.448001861572266
-25.41900062561035 12.73900032043457 -35.63999938964844
-18.114999771118164 16.20199966430664 -38.87799835205078
-16.297000885009766 18.472000122070312 -45.060001373291016
-22.52400016784668 18.045000076293945 -48.652000427246094
-24.83799934387207 -0.11599999666213989 -45.819000244140625
-29.510000228881836 -4.341000080108643 -41.74800109863281
-32.87699890136719 -5.947999954223633 -46.18000030517578
-27.04599952697754 -7.177999973297119 -53.97600173950195
-19.1560001373291 2.568000078201294 -51.74599838256836
-31.121000289916992 3.071000099182129 -57.93899917602539
-34.9119987487793 3.1689999103546143 -57.70899963378906
-37.79600143432617 1.6460000276565552 -63.29399871826172
-37.27799987792969 6.756999969482422 -62.93299865722656
-37.56800079345703 10.038999557495117 -64.80400085449219
-35.81999969482422 9.53600025177002 -68.12200164794922
-32.507999420166016 9.996000289916992 -63.79199981689453
-32.86399841308594 6.836999893188477 -61.70500183105469
-31.16200065612793 7.4039998054504395 -58.33300018310547
-32.78099822998047 7.999000072479248 -54.9630012512207
-32.04100036621094 11.598999977111816 -54.025001525878906
-37.12799835205078 20.160999298095703 -46.74399948120117
-29.90399932861328 18.77400016784668 -40.00400161743164
-30.93000030517578 15.145000457763672 -40.573001861572266
-33.7859992980957 15.706000328063965 -44.95600128173828
-37.321998596191406 9.229999542236328 -56.25
-36.737998962402344 11.267000198364258 -59.428001403808594
-53.26100158691406 28.075000762939453 -60.73699951171875
-56.124000549316406 26.990999221801758 -58.45800018310547