-65.89199829101562 -15.489999771118164 78.90399932861328
-62.45899963378906 -13.916000366210938 79.37000274658203
-51.827999114990234 -21.756000518798828 70.71800231933594
-53.50899887084961 -4.576000213623047 79.50299835205078
-38.44200134277344 -0.5490000247955322 65.00700378417969
-32.564998626708984 -8.538000106811523 63.46900177001953
-35.766998291015625 -15.0600004196167 69.91300201416016
-39.02299880981445 -7.552999973297119 85.50399780273438
-38.590999603271484 -15.800000190734863 79.55799865722656
-49.69200134277344 -12.72599983215332 63.470001220703125
-41.909000396728516 -10.746999740600586 61.518001556396484
-33.16400146484375 -18.584999084472656 58.44599914550781
-33.41600036621094 -13.899999618530273 63.327999114990234
-41.91299819946289 -6.10099983215332 58.87799835205078
-41.71099853515625 -2.5450000762939453 57.5890007019043
-42.654998779296875 -0.5820000171661377 62.801998138427734
-46.854000091552734 1.1069999933242798 67.83100128173828
-62.444000244140625 -20.81999969482422 69.12200164794922
-66.62899780273438 -4.493000030517578 70.88899993896484
-59.055999755859375 -2.4089999198913574 80.8489990234375
-64.60600280761719 -0.26600000262260437 71.30000305175781
-65.6510009765625 -9.885000228881836 58.04199981689453
-70.16999816894531 -3.9189999103546143 53.21900177001953