19.325000762939453 -22.493999481201172 3.928999900817871
18.52199935913086 -19.46500015258789 1.7280000448226929
16.334999084472656 -25.32699966430664 -5.728000164031982
12.472999572753906 -17.941999435424805 -4.591000080108643
21.525999069213867 -9.036999702453613 11.989999771118164
25.965999603271484 -5.4710001945495605 4.770999908447266
12.227999687194824 -11.57800006866455 -8.071000099182129
12.467000007629395 -3.3380000591278076 -7.663000106811523
29.547000885009766 0.5479999780654907 3.8519999980926514
30.732999801635742 3.61899995803833 1.937999963760376
4.934999942779541 -0.875 -24.256999969482422
18.599000930786133 5.995999813079834 -26.4950008392334
23.93400001525879 3.9769999980926514 -29.4950008392334
15.494000434875488 1.2089999914169312 -36.108001708984375
-2.7929999828338623 -0.028999999165534973 -30.211000442504883
-0.41200000047683716 -6.36899995803833 -34.770999908447266
19.101999282836914 -4.443999767303467 -41.43199920654297
31.05699920654297 -12.890999794006348 -37.547000885009766
34.07899856567383 -17.5310001373291 -30.014999389648438
32.104000091552734 -20.594999313354492 -34.404998779296875
26.434999465942383 -15.369000434875488 -41.49700164794922
23.006000518798828 -13.03600025177002 -35.696998596191406
15.437999725341797 -14.5649995803833 -30.60700035095215
19.61199951171875 -5.192999839782715 -31.695999145507812
26.378999710083008 4.738999843597412 -17.63800048828125
21.097000122070312 4.65500020980835 -19.174999237060547
24.367000579833984 -5.002999782562256 -33.69599914550781
29.14900016784668 -3.496000051498413 -32.75199890136719
31.97599983215332 -13.711000442504883 -18.56399917602539
23.256000518798828 -13.420000076293945 -8.289999961853027
19.499000549316406 -9.949999809265137 -14.10099983215332
22.224000930786133 -7.724999904632568 -15.597000122070312
32.77199935913086 -0.5479999780654907 -35.125
34.49399948120117 1.2389999628067017 -26.26099967956543
19.93600082397461 -10.732000350952148 -19.22599983215332
16.27899932861328 -11.75100040435791 -19.107999801635742
13.336999893188477 -10.795000076293945 -21.308000564575195
9.98900032043457 -12.454999923706055 -17.2549991607666
7.642000198364258 -16.05500030517578 -16.06800079345703
10.803999900817871 -18.957000732421875 -10.86400032043457
16.628000259399414 -17.49799919128418 -12.680999755859375
14.706999778747559 -21.64299964904785 -19.292999267578125
4.0329999923706055 -17.143999099731445 -23.69099998474121
9.409000396728516 -14.484999656677246 -24.58300018310547
18.155000686645508 -14.060999870300293 -23.39299964904785
18.795000076293945 -16.194000244140625 -26.45800018310547
21.822999954223633 -18.97800064086914 -39.45100021362305
21.61199951171875 -20.674999237060547 -31.163000106811523
23.617000579833984 -15.305999755859375 -23.259000778198242
28.48900032043457 -16.5049991607666 -24.655000686645508
33.12900161743164 -13.416000366210938 -27.047000885009766
33.452999114990234 -8.86400032043457 -39.284000396728516
31.93600082397461 -6.613999843597412 -42.005001068115234