2.628000020980835 45.042999267578125 52.34199905395508
-1.5429999828338623 41.80799865722656 57.21799850463867
-0.7279999852180481 29.79800033569336 55.2400016784668
-6.205999851226807 30.386999130249023 56.83000183105469
-13.425999641418457 43.98400115966797 54.643001556396484
-1.871999979019165 38.277000427246094 48.665000915527344
3.7760000228881836 29.215999603271484 49.77000045776367
-4.369999885559082 26.20199966430664 48.45899963378906
-13.430999755859375 37.07699966430664 47.14099884033203
-0.01899999938905239 33.20100021362305 40.71500015258789
5.0289998054504395 22.54199981689453 43.72800064086914
-0.6449999809265137 20.665000915527344 42.52899932861328
-10.694999694824219 30.07200050354004 38.37699890136719
5.021999835968018 28.070999145507812 34.82099914550781
12.208000183105469 22.018999099731445 40.44200134277344
6.2230000495910645 16.368000030517578 37.88600158691406
-4.429999828338623 21.933000564575195 30.163999557495117
11.234000205993652 29.702999114990234 25.940000534057617
14.116000175476074 31.722999572753906 24.458999633789062
14.744000434875488 25.82200050354004 26.118000030517578
11.927000045776367 23.301000595092773 26.0049991607666
10.519000053405762 21.511999130249023 29.05900001525879
18.43199920654297 19.577999114990234 36.17900085449219
14.604000091552734 11.649999618530273 35.5359992980957
3.877000093460083 12.065999984741211 26.104999542236328
17.69300079345703 25.42799949645996 23.399999618530273
18.187999725341797 26.361000061035156 19.742000579833984
21.753999710083008 22.71299934387207 22.208999633789062
19.70199966430664 19.506000518798828 22.290000915527344
18.413000106811523 17.8799991607666 25.507999420166016
27.03700065612793 18.249000549316406 30.899999618530273
23.195999145507812 8.184000015258789 33.183998107910156
13.659000396728516 7.704999923706055 22.285999298095703
27.160999298095703 15.340999603271484 23.361000061035156
30.847000122070312 14.713000297546387 28.673999786376953
29.775999069213867 7.426000118255615 33.768001556396484
27.07200050354004 5.718999862670898 19.858999252319336
28.50200080871582 5.561999797821045 8.86299991607666