-10.085000038146973 77.52999877929688 -1.340999960899353
-7.110000133514404 79.052001953125 0.453000009059906
7.955999851226807 59.59199905395508 18.11400032043457
23.117000579833984 53.94300079345703 15.314000129699707
27.21299934387207 60.33399963378906 26.290000915527344
22.746000289916992 55.805999755859375 25.30699920654297
18.51799964904785 56.32500076293945 12.833000183105469
21.05299949645996 56.79999923706055 10.086999893188477
23.27899932861328 66.44300079345703 8.800999641418457
26.211000442504883 65.46399688720703 6.553999900817871
31.562000274658203 54.95600128173828 15.234000205993652
32.21200180053711 51.297000885009766 15.960000038146973
20.881999969482422 42.770999908447266 23.81100082397461
21.735000610351562 42.9739990234375 18.35300064086914
29.514999389648438 61.82899856567383 21.92799949645996
22.354999542236328 63.74700164794922 27.520000457763672
12.779999732971191 70.80999755859375 13.107999801635742
16.94499969482422 78.10099792480469 27.014999389648438
28.08799934387207 69.40799713134766 12.986000061035156
23.642000198364258 76.61299896240234 10.770000457763672
18.635000228881836 84.4729995727539 19.23699951171875