87.4469985961914 3.134999990463257 22.160999298095703
89.50499725341797 8.168000221252441 18.458999633789062
92.7229995727539 13.279000282287598 15.62600040435791
89.03399658203125 15.20300006866455 24.381000518798828
82.51300048828125 6.861000061035156 32.2140007019043
81.93699645996094 7.739999771118164 25.70800018310547
84.12000274658203 18.992000579833984 21.861000061035156
80.83699798583984 25.645000457763672 14.71500015258789
84.197998046875 7.491000175476074 14.97599983215332
79.21900177001953 4.468999862670898 18.792999267578125
78.21700286865234 1.2910000085830688 20.614999771118164
78.0979995727539 8.727999687194824 23.44700050354004
77.33200073242188 22.59600067138672 28.45800018310547
74.35399627685547 19.180999755859375 35.31100082397461
70.90299987792969 11.315999984741211 30.243999481201172
75.51000213623047 10.996000289916992 34.66699981689453
80.95600128173828 19.594999313354492 34.51900100708008
86.03800201416016 23.933000564575195 29.680999755859375
85.31199645996094 29.18400001525879 26.90399932861328
76.77400207519531 23.118000030517578 15.199000358581543
89.60199737548828 12.208999633789062 8.336999893188477
81.65699768066406 4.576000213623047 10.949000358581543
74.927001953125 1.2359999418258667 17.201000213623047
72.38600158691406 6.813000202178955 21.11400032043457
72.73200225830078 23.474000930786133 24.957000732421875
72.73500061035156 22.014999389648438 18.841999053955078
82.56700134277344 10.17199993133545 6.85699987411499
78.26599884033203 5.315999984741211 7.711999893188477
71.66600036621094 0.23199999332427979 13.347999572753906
71.22799682617188 4.598999977111816 16.511999130249023
68.85299682617188 17.003000259399414 22.288999557495117
69.70099639892578 17.773000717163086 18.667999267578125
78.86699676513672 10.095000267028809 3.4560000896453857
83.33499908447266 15.628999710083008 3.1470000743865967
89.25299835205078 30.656999588012695 4.251999855041504
84.72000122070312 28.937000274658203 7.255000114440918
79.56800079345703 13.70300006866455 -2.186000108718872
76.97200012207031 3.871999979019165 1.1979999542236328
69.98300170898438 -1.4700000286102295 9.565999984741211
67.24800109863281 5.263999938964844 13.645000457763672
62.729000091552734 13.793000221252441 17.891000747680664
65.06600189208984 16.909000396728516 11.998000144958496
75.9739990234375 8.779000282287598 -2.930000066757202
73.52899932861328 5.966000080108643 -2.1449999809265137
66.19400024414062 -1.715000033378601 6.117000102996826
62.35900115966797 2.1050000190734863 10.847000122070312
62.275001525878906 11.75100040435791 12.918999671936035
61.237998962402344 15.38700008392334 9.229000091552734
73.8290023803711 11.147000312805176 -5.830999851226807
77.1050033569336 12.942999839782715 -6.372000217437744
75.9010009765625 24.45400047302246 4.789999961853027
72.09400177001953 21.312000274658203 -3.7119998931884766
76.51000213623047 11.949999809265137 -13.34000015258789
69.3030014038086 3.6029999256134033 -3.364000082015991
62.882999420166016 -0.9779999852180481 2.871999979019165
59.39500045776367 2.255000114440918 7.197000026702881
57.698001861572266 11.0600004196167 9.986000061035156
59.65399932861328 12.958000183105469 3.9749999046325684
70.29100036621094 13.668999671936035 -8.730999946594238
64.84100341796875 4.9720001220703125 -5.684999942779541
60.84600067138672 0.8450000286102295 -2.2170000076293945