-13.427000045776367 -6.664000034332275 -5.293000221252441
-13.605999946594238 -2.9170000553131104 -5.8520002365112305
-18.257999420166016 10.220000267028809 -18.57200050354004
-16.139999389648438 12.913999557495117 -13.76200008392334
-17.052000045776367 -3.760999917984009 -2.7920000553131104
-25.87700080871582 -4.374000072479248 -3.953000068664551
-29.53700065612793 -4.873000144958496 -4.90500020980835
-18.08799934387207 5.784999847412109 -16.577999114990234
-13.142999649047852 -8.463000297546387 -9.13700008392334
-18.780000686645508 -7.790999889373779 -11.82699966430664
-32.770999908447266 -2.7880001068115234 -8.843999862670898
-33.21799850463867 -6.85699987411499 -13.281000137329102
-13.512999534606934 -6.876999855041504 -15.229999542236328
-9.973999977111816 -1.7580000162124634 -16.207000732421875
-14.746000289916992 6.026000022888184 -19.858999252319336
-21.058000564575195 3.247999906539917 -21.179000854492188
-21.996999740600586 -2.2239999771118164 -24.336000442504883
-27.709999084472656 -3.0329999923706055 -8.89900016784668
-19.229000091552734 -12.704999923706055 -9.189000129699707
-18.7549991607666 -26.839000701904297 -16.863000869750977
-36.73500061035156 -26.68199920654297 -23.18000030517578
-34.507999420166016 -32.090999603271484 -23.882999420166016
-15.895999908447266 -26.586000442504883 -20.400999069213867
-16.895999908447266 -20.384000778198242 -27.070999145507812
-16.613000869750977 -17.30900001525879 -29.283000946044922
-21.79199981689453 -21.31599998474121 -30.992000579833984
-23.990999221801758 -25.082000732421875 -35.92499923706055
-30.266000747680664 -20.923999786376953 -30.30900001525879
-30.05900001525879 -22.691999435424805 -26.954999923706055
-32.12300109863281 -24.746000289916992 -21.882999420166016
-18.389999389648438 -21.864999771118164 -12.335000038146973
-20.386999130249023 -17.759000778198242 -17.16200065612793
-20.457000732421875 -14.038000106811523 -31.492000579833984
-20.851999282836914 -8.901000022888184 -28.149999618530273
-24.520000457763672 -18.790000915527344 -12.218999862670898
-27.92799949645996 -23.968000411987305 -11.47700023651123
-34.89400100708008 -24.798999786376953 -18.202999114990234
-34.236000061035156 -19.052000045776367 -22.091999053955078
-33.26100158691406 -13.001999855041504 -18.597999572753906
-30.450000762939453 -16.55299949645996 -29.51099967956543
-26.957000732421875 -17.40999984741211 -28.19700050354004
-21.01799964904785 -16.86199951171875 -27.552000045776367
-16.031999588012695 -15.682999610900879 -15.682000160217285
-10.045999526977539 -12.562000274658203 -13.87399959564209