78.302001953125 21.856000900268555 -3.677000045776367
75.40699768066406 23.62700080871582 -5.443999767303467
66.802001953125 21.738000869750977 -22.89299964904785
64.46600341796875 20.867000579833984 -18.05699920654297
75.87799835205078 17.975000381469727 -3.9110000133514404
76.74299621582031 14.156000137329102 0.6110000014305115
73.86199951171875 15.371999740600586 4.298999786376953
73.68499755859375 24.509000778198242 3.4140000343322754
76.5270004272461 26.851999282836914 4.267000198364258
76.3290023803711 30.631000518798828 3.9110000133514404
67.6500015258789 33.612998962402344 -18.714000701904297
60.625 23.4060001373291 -15.609999656677246
72.8479995727539 15.185999870300293 -6.809000015258789
68.98899841308594 18.878999710083008 2.76200008392334
69.66400146484375 18.350000381469727 6.4679999351501465
72.02300262451172 24.32900047302246 8.581000328063965
75.72200012207031 23.506000518798828 8.413999557495117
76.19200134277344 22.64299964904785 12.105999946594238
79.59200286865234 31.586000442504883 14.531000137329102
76.22799682617188 39.02199935913086 15.104999542236328
58.742000579833984 33.34600067138672 -7.333000183105469
59.46099853515625 24.22800064086914 -10.005999565124512
64.38600158691406 11.22700023651123 -1.3899999856948853
65.8479995727539 13.979000091552734 5.107999801635742
64.75299835205078 23.047000885009766 8.67199993133545
66.26300048828125 25.253999710083008 5.9730000495910645
58.98099899291992 25.027999877929688 -4.86899995803833
56.95000076293945 18.360000610351562 -4.03000020980835
60.069000244140625 9.03600025177002 -2.244999885559082
61.323001861572266 12.77400016784668 6.039999961853027
61.1879997253418 22.170000076293945 10.928000450134277
64.14700317382812 25.860000610351562 15.260000228881836
67.55599975585938 25.47100067138672 19.500999450683594
57.51499938964844 34.694000244140625 8.586999893188477
60.31399917602539 20.05900001525879 15.767999649047852
57.112998962402344 13.17300033569336 9.87600040435791
56.56100082397461 10.529999732971191 3.497999906539917
48.55500030517578 16.566999435424805 5.421000003814697
52.77799987792969 13.390000343322754 -4.8379998207092285
56.85499954223633 8.543000221252441 -6.183000087738037
60.361000061035156 11.944000244140625 -14.725000381469727
52.263999938964844 22.308000564575195 -22.000999450683594
54.94499969482422 28.02899932861328 -21.077999114990234
49.32500076293945 37.63199996948242 -1.6319999694824219
41.584999084472656 45.1609992980957 -14.815999984741211
49.571998596191406 34.76100158691406 -28.3439998626709
51.57400131225586 32.28900146484375 -30.416000366210938
44.92399978637695 19.159000396728516 -37.77000045776367
54.79800033569336 24.465999603271484 -27.547000885009766