51.54100036621094 70.16899871826172 9.53499984741211
49.310001373291016 73.2249984741211 9.059000015258789
42.18600082397461 75.07099914550781 3.0480000972747803
44.68899917602539 70.0999984741211 2.8380000591278076
54.388999938964844 71.83599853515625 5.668000221252441
59.875999450683594 77.95500183105469 8.949999809265137
52.64799880981445 89.9749984741211 15.873000144958496
50.65700149536133 88.96299743652344 20.704999923706055
41.98400115966797 72.18099975585938 21.358999252319336
35.47800064086914 78.87799835205078 14.722000122070312
42.474998474121094 90.94599914550781 16.60099983215332
47.417999267578125 88.78700256347656 17.117000579833984
45.07600021362305 66.66100311279297 16.398000717163086
42.5369987487793 68.53299713134766 11.848999977111816
42.24700164794922 81.35199737548828 3.302000045776367
40.323001861572266 89.7040023803711 3.7219998836517334
36.358001708984375 86.82499694824219 5.5229997634887695
45.176998138427734 82.36299896240234 11.878999710083008
49.35200119018555 68.23600006103516 16.51099967956543
49.597999572753906 68.83200073242188 22.86400032043457
54.297000885009766 69.49199676513672 20.785999298095703
59.90399932861328 72.06800079345703 18.551000595092773
58.16999816894531 75.66899871826172 21.93199920654297
52.92399978637695 81.77799987792969 23.099000930786133
52.19300079345703 85.03800201416016 24.93400001525879
48.95600128173828 83.41400146484375 26.099000930786133
36.00600051879883 73.58899688720703 26.18199920654297
39.297000885009766 63.73500061035156 25.202999114990234
46.810001373291016 67.33599853515625 36.06399917602539
52.154998779296875 65.53800201416016 33.433998107910156
54.39799880981445 79.17500305175781 26.541000366210938
56.7859992980957 82.09400177001953 27.03700065612793
48.821998596191406 83.36799621582031 31.174999237060547
30.43600082397461 71.91000366210938 34.03799819946289
25.7549991607666 65.74600219726562 34.297000885009766
33.84000015258789 58.512001037597656 28.9060001373291
33.15299987792969 59.505001068115234 33.880001068115234
37.202999114990234 75.16100311279297 42.834999084472656
42.981998443603516 66.79000091552734 44.54399871826172
45.83300018310547 69.81199645996094 40.92599868774414
55.111000061035156 71.73899841308594 35.992000579833984
51.94900131225586 76.87899780273438 35.981998443603516
28.90399932861328 79.74500274658203 25.12700080871582
34.53499984741211 79.65599822998047 24.44499969482422
24.952999114990234 79.7979965209961 28.31599998474121
56.8380012512207 80.02200317382812 35.64400100708008
60.250999450683594 72.18499755859375 39.566001892089844