20.30299949645996 -41.64400100708008 -19.422000885009766
17.937999725341797 -43.986000061035156 -13.496000289916992
11.984999656677246 -50.27399826049805 -4.568999767303467
7.539000034332275 -48.38199996948242 -2.3010001182556152
9.854999542236328 -49.58399963378906 11.145999908447266
17.19099998474121 -49.680999755859375 4.932000160217285
21.80699920654297 -46.87699890136719 -17.645000457763672
24.027999877929688 -38.02000045776367 -8.64799976348877
6.885000228881836 -34.808998107910156 1.5180000066757202
14.821999549865723 -31.11199951171875 -0.3400000035762787
28.062999725341797 -35.88399887084961 -5.514999866485596
28.256000518798828 -35.834999084472656 0.4020000100135803
23.958999633789062 -31.408000946044922 2.615999937057495
21.913000106811523 -40.792999267578125 6.001999855041504
30.20199966430664 -48.02299880981445 -10.899999618530273
24.926000595092773 -48.37300109863281 -8.9399995803833
21.038999557495117 -46.470001220703125 9.324999809265137
9.6899995803833 -40.731998443603516 12.211000442504883
9.00100040435791 -41.38199996948242 6.252999782562256
8.70300006866455 -39.67300033569336 2.868000030517578
22.735000610351562 -34.45800018310547 -13.611000061035156
16.77199935913086 -37.111000061035156 -14.95300006866455
14.486000061035156 -41.94200134277344 -10.699000358581543
10.692000389099121 -44.63399887084961 -3.4260001182556152
4.7820000648498535 -50.667999267578125 8.637999534606934