-13.404999732971191 -5.455999851226807 19.281999588012695
-10.994999885559082 -2.5989999771118164 18.538000106811523
-3.8010001182556152 -1.7000000476837158 19.23200035095215
1.184999942779541 -5.111000061035156 16.840999603271484
3.371999979019165 -6.175000190734863 13.918999671936035
-1.5950000286102295 -9.031999588012695 9.401000022888184
-8.567999839782715 -9.371999740600586 22.759000778198242
-2.815999984741211 -5.611000061035156 27.816999435424805
2.2880001068115234 -3.38100004196167 29.110000610351562
1.2589999437332153 -9.14799976348877 28.665000915527344
-4.234000205993652 -11.258000373840332 30.135000228881836
-6.204999923706055 -6.025000095367432 36.09000015258789
9.031999588012695 -6.433000087738037 42.14400100708008
7.882999897003174 -6.491000175476074 36.01499938964844
-6.959000110626221 -12.508999824523926 37.332000732421875
-8.850000381469727 -17.97599983215332 38.49599838256836