-15.463000297546387 -4.915999889373779 -12.815999984741211
-11.753000259399414 -1.6770000457763672 -45.39099884033203
-6.541999816894531 0.0729999989271164 -22.05500030517578
-1.475000023841858 2.240999937057495 -25.464000701904297
-0.014999999664723873 0.07199999690055847 -33.87900161743164
-1.375 4.857999801635742 -36.198001861572266
0.8429999947547913 6.2829999923706055 -38.91699981689453
-2.438999891281128 13.32699966430664 -34.40999984741211
-11.425999641418457 18.16900062561035 -28.43000030517578
-0.9729999899864197 15.539999961853027 -29.604999542236328
3.1989998817443848 12.645000457763672 -33.93299865722656
3.006999969482422 8.954999923706055 -33.104000091552734
-9.128999710083008 5.9079999923706055 -16.785999298095703
-13.03600025177002 11.470000267028809 -48.75299835205078
-12.395000457763672 10.317000389099121 -43.28099822998047
-9.519000053405762 4.636000156402588 -11.425999641418457
-18.093000411987305 5.579999923706055 -14.244000434875488
-2.7709999084472656 3.309000015258789 -46.349998474121094
-3.2149999141693115 3.7260000705718994 -40.8390007019043
-17.87299919128418 15.420999526977539 -26.429000854492188
-15.781000137329102 17.301000595092773 -20.79199981689453
-15.656000137329102 13.265000343322754 -9.67199993133545
-8.685999870300293 19.82699966430664 -17.4950008392334