-0.3190000057220459 -6.500999927520752 48.39799880981445
9.38599967956543 5.885000228881836 42.9630012512207
5.247000217437744 0.5139999985694885 34.73500061035156
3.2799999713897705 -1.246000051498413 26.163000106811523
4.745999813079834 -1.1260000467300415 22.70199966430664
6.48199987411499 4.468999862670898 19.4060001373291
11.164999961853027 24.816999435424805 12.64900016784668
14.713000297546387 20.26799964904785 10.871000289916992
4.855000019073486 4.64900016784668 25.173999786376953
-3.4140000343322754 4.435999870300293 22.41699981689453
-12.041000366210938 3.181999921798706 14.295999526977539
-8.208999633789062 8.321000099182129 15.67300033569336
1.1260000467300415 12.20199966430664 25.218000411987305
5.99399995803833 15.645999908447266 27.85300064086914
5.546999931335449 19.368999481201172 28.57699966430664
6.763000011444092 19.910999298095703 23.125999450683594
2.0789999961853027 20.743999481201172 14.312000274658203
0.8069999814033508 16.673999786376953 10.901000022888184
8.727999687194824 -0.3240000009536743 16.570999145507812
9.597999572753906 -3.9539999961853027 16.02899932861328
11.628999710083008 -5.921999931335449 18.51099967956543
15.826000213623047 -0.7990000247955322 20.084999084472656
14.534000396728516 9.512999534606934 20.104999542236328
9.307000160217285 12.595000267028809 3.869999885559082
5.616000175476074 11.756999969482422 3.556999921798706
9.935999870300293 12.979000091552734 8.354999542236328
9.711999893188477 9.270999908447266 8.604000091552734
6.170000076293945 -2.438999891281128 12.098999977111816
-3.0280001163482666 16.90999984741211 31.231000900268555
3.052000045776367 17.364999771118164 33.104000091552734
2.8369998931884766 -1.7660000324249268 7.756999969482422
7.176000118255615 -9.194000244140625 16.93899917602539
6.735000133514404 -5.814000129699707 18.70599937438965
9.293000221252441 -4.13100004196167 20.868999481201172
7.2270002365112305 -3.509999990463257 30.790000915527344
11.114999771118164 -0.8650000095367432 33.24399948120117
11.673999786376953 -7.296999931335449 25.792999267578125
5.550000190734863 -14.442999839782715 23.719999313354492