-6.186999797821045 26.086000442504883 57.507999420166016
-7.008999824523926 28.507999420166016 54.64500045776367
-7.994999885559082 26.649999618530273 41.222999572753906
-10.194000244140625 32.63199996948242 48.47800064086914
-13.937000274658203 32.39699935913086 53.270999908447266
-19.374000549316406 28.93899917602539 51.85900115966797
-14.848999977111816 23.09000015258789 37.45500183105469
-16.902000427246094 10.637999534606934 33.2239990234375
-15.447999954223633 4.691999912261963 35.37099838256836
-18.8799991607666 7.501999855041504 37.58399963378906
-12.071000099182129 18.38599967956543 43.90599822998047
-10.145000457763672 22.562999725341797 42.37900161743164
-9.567999839782715 23.270999908447266 46.09700012207031
-1.3960000276565552 26.209999084472656 57.097999572753906
-4.130000114440918 21.469999313354492 61.07500076293945
-18.148000717163086 14.583000183105469 58.31999969482422
-24.19300079345703 14.390999794006348 50.21799850463867
-27.503000259399414 18.368000030517578 46.32699966430664
-29.70400047302246 19.886999130249023 43.68199920654297
-29.7810001373291 14.831999778747559 45.428001403808594
-22.118999481201172 6.741000175476074 45.284000396728516
-7.202000141143799 10.965999603271484 50.94300079345703
-9.487000465393066 5.690999984741211 50.33000183105469
-23.659000396728516 10.253999710083008 51.34299850463867
-5.961999893188477 15.157999992370605 56.09400177001953
1.5870000123977661 21.059999465942383 57.56800079345703
-1.7660000324249268 21.31599998474121 48.792999267578125
-7.979000091552734 18.90399932861328 49.314998626708984
-11.465999603271484 14.57800006866455 47.50899887084961
-23.38800048828125 4.705999851226807 41.367000579833984
-28.985000610351562 3.7079999446868896 33.6619987487793
-27.280000686645508 2.4110000133514404 30.500999450683594
-27.090999603271484 11.782999992370605 31.80699920654297
-25.62299919128418 24.10700035095215 34.36399841308594
-25.490999221801758 23.048999786376953 43.32699966430664
-2.4830000400543213 19.434999465942383 67.52100372314453
-15.194999694824219 23.44700050354004 64.50499725341797
-18.461999893188477 26.613000869750977 37.474998474121094
-21.677000045776367 19.58799934387207 32.1619987487793
-25.58099937438965 8.102999687194824 35.13999938964844
-24.864999771118164 4.875999927520752 33.314998626708984
-22.156999588012695 2.3949999809265137 32.375
-21.648000717163086 4.058000087738037 28.990999221801758
-19.638999938964844 11.437999725341797 21.926000595092773
-26.76099967956543 17.23200035095215 21.43899917602539
-28.371999740600586 17.46500015258789 5.035999774932861
-25.565000534057617 12.982000350952148 5.591000080108643
-24.617000579833984 11.385000228881836 11.697999954223633
-20.683000564575195 7.045000076293945 19.040000915527344
-16.266000747680664 1.7619999647140503 31.070999145507812
-21.624000549316406 -3.928999900817871 27.959999084472656
-39.944000244140625 11.531000137329102 18.003999710083008
-43.459999084472656 10.628999710083008 12.734000205993652
-45.551998138427734 11.265999794006348 9.60099983215332
-39.83000183105469 12.133999824523926 11.435999870300293
-42.03799819946289 15.095999717712402 10.746999740600586
-41.23500061035156 24.63599967956543 5.7769999504089355
-41.06700134277344 22.283000946044922 2.8329999446868896
-41.03300094604492 15.420000076293945 3.2190001010894775
-26.18000030517578 0.2669999897480011 6.682000160217285
-31.77400016784668 -0.3409999907016754 6.704999923706055
-34.814998626708984 2.5350000858306885 11.579999923706055
-31.284000396728516 -1.534999966621399 17.222000122070312
-16.05500030517578 -1.7280000448226929 25.200000762939453
-18.591999053955078 2.3519999980926514 18.64299964904785
-24.27400016784668 3.990000009536743 16.000999450683594
-26.645000457763672 6.376999855041504 11.524999618530273
-44.630001068115234 11.600000381469727 3.315000057220459
-38.50299835205078 25.110000610351562 1.8559999465942383
-29.391000747680664 -6.078000068664551 26.128999710083008