12.67300033569336 8.704999923706055 22.208999633789062
3.7109999656677246 0.14800000190734863 18.249000549316406
-5.886000156402588 -0.7419999837875366 25.288999557495117
-2.4769999980926514 -4.695000171661377 25.059999465942383
7.498000144958496 -6.520999908447266 23.611000061035156
5.708000183105469 -8.151000022888184 19.023000717163086
-4.546000003814697 -12.07699966430664 26.479000091552734
-7.751999855041504 -4.4720001220703125 22.733999252319336
4.077000141143799 5.848999977111816 16.8439998626709
4.079999923706055 7.428999900817871 13.378999710083008
0.6259999871253967 11.689000129699707 4.952000141143799
3.0199999809265137 4.485000133514404 -1.465000033378601
1.7610000371932983 -16.08300018310547 16.018999099731445
-8.70300006866455 -13.156999588012695 16.570999145507812
-6.383999824523926 8.173999786376953 11.83899974822998
-10.335000038146973 3.1670000553131104 10.430000305175781
-8.592000007629395 -13.248000144958496 10.229999542236328
-13.64900016784668 -9.748000144958496 6.48199987411499
-17.704999923706055 2.2200000286102295 9.904999732971191
-19.604999542236328 -2.683000087738037 8.52299976348877
-12.913000106811523 -9.704000473022461 1.6069999933242798
1.9179999828338623 -13.008000373840332 6.9770002365112305
-2.135999917984009 7.85699987411499 -0.1509999930858612
-6.071000099182129 3.009999990463257 -2.1019999980926514
1.5889999866485596 -14.802000045776367 1.9950000047683716
-0.9580000042915344 -13.267000198364258 -2.8010001182556152
-9.965999603271484 6.710999965667725 1.0449999570846558
-13.51099967956543 12.463000297546387 0.9789999723434448
-8.449000358581543 13.284000396728516 2.8970000743865967
-2.947000026702881 7.1529998779296875 8.531999588012695
-6.545000076293945 -13.284000396728516 22.808000564575195
-3.986999988555908 -13.053000450134277 20.00200080871582
7.747000217437744 -1.7489999532699585 9.244999885559082
8.227999687194824 0.48100000619888306 -0.32199999690055847
6.936999797821045 2.2699999809265137 5.573999881744385
9.305999755859375 6.918000221252441 4.008999824523926
10.713000297546387 12.552000045776367 6.934000015258789
5.539000034332275 11.232000350952148 8.069999694824219
1.4429999589920044 10.383999824523926 16.923999786376953
9.98799991607666 6.84499979019165 29.003999710083008