-15.524999618530273 38.48500061035156 16.75200080871582
-15.760000228881836 41.382999420166016 12.288999557495117
-16.43400001525879 41.957000732421875 5.9629998207092285
-9.00100040435791 50.659000396728516 -3.7929999828338623
3.8440001010894775 61.895999908447266 15.213000297546387
12.468999862670898 63.880001068115234 19.760000228881836
17.770999908447266 58.805999755859375 13.024999618530273
20.82900047302246 58.37900161743164 6.888000011444092
17.708999633789062 29.976999282836914 9.397000312805176
29.54199981689453 38.19599914550781 3.490999937057495
13.187999725341797 52.590999603271484 18.30699920654297
4.751999855041504 53.82899856567383 18.29199981689453
1.4140000343322754 52.58599853515625 17.070999145507812
-4.464000225067139 49.81100082397461 18.481000900268555
-1.5329999923706055 22.415000915527344 11.130999565124512
-4.0929999351501465 21.881999969482422 16.5939998626709
2.1059999465942383 32.676998138427734 23.465999603271484
11.541000366210938 34.733001708984375 15.055999755859375
6.692999839782715 40.9739990234375 12.347999572753906
-3.8340001106262207 48.5359992980957 10.180000305175781
-7.316999912261963 44.07899856567383 6.941999912261963
-0.11500000208616257 38.43199920654297 1.5019999742507935
0.017000000923871994 24.43000030517578 6.394000053405762
-0.11299999803304672 47.8129997253418 23.277999877929688
6.265999794006348 51.12300109863281 15.402000427246094
7.198999881744385 52.7859992980957 9.333000183105469
2.6510000228881836 49.18600082397461 7.960000038146973
11.623000144958496 43.81700134277344 16.01799964904785
8.026000022888184 39.50299835205078 19.288000106811523
-14.197999954223633 26.658000946044922 11.060999870300293
-8.748000144958496 30.10099983215332 11.003999710083008
6.585999965667725 41.349998474121094 26.882999420166016
8.657999992370605 38.17900085449219 26.867000579833984
5.249000072479248 35.58399963378906 30.131000518798828
5.244999885559082 29.406999588012695 24.218000411987305
5.2170000076293945 30.469999313354492 15.163000106811523
7.900000095367432 24.756000518798828 21.95400047302246
11.50100040435791 27.299999237060547 26.809999465942383