7.193999767303467 29.382999420166016 31.88599967956543
7.493000030517578 30.292999267578125 37.119998931884766
6.458000183105469 32.1879997253418 53.066001892089844
7.513000011444092 21.054000854492188 55.35200119018555
2.7290000915527344 19.246999740600586 32.99599838256836
3.1679999828338623 16.430999755859375 35.46900177001953
10.859000205993652 11.017999649047852 59.185001373291016
10.633000373840332 8.704999923706055 53.45600128173828
4.394000053405762 9.269000053405762 52.65700149536133
9.574999809265137 2.640000104904175 47.80799865722656
21.597999572753906 11.64900016784668 46.8129997253418
16.628000259399414 7.170000076293945 39.637001037597656
13.789999961853027 7.843999862670898 33.64099884033203
11.6899995803833 10.409000396728516 37.54999923706055
25.128000259399414 21.05299949645996 48.3390007019043
22.892000198364258 17.045000076293945 51.52299880981445
1.7619999647140503 13.369999885559082 30.93600082397461
7.690000057220459 11.723999977111816 29.10700035095215
13.036999702453613 14.616999626159668 29.118999481201172
17.316999435424805 18.52400016784668 28.0310001373291
13.531000137329102 22.770000457763672 69.15499877929688