16.041000366210938 -10.38599967956543 -10.564000129699707
12.876999855041504 -11.187999725341797 -8.562000274658203
3.377000093460083 0.2619999945163727 -8.109999656677246
-1.319000005722046 -6.660999774932861 -5.546999931335449
8.086000442504883 -17.61400032043457 -6.928999900817871
9.305999755859375 -3.382999897003174 -0.5600000023841858
2.7909998893737793 4.973999977111816 -1.4670000076293945
-2.421999931335449 -1.1130000352859497 2.313999891281128
5.6020002365112305 -13.045999526977539 4.330999851226807
8.376999855041504 2.078000068664551 7.0960001945495605
-0.041999999433755875 10.531999588012695 6.644000053405762
-3.3350000381469727 6.36299991607666 9.144000053405762
2.805999994277954 -5.953999996185303 13.395999908447266
7.776000022888184 8.786999702453613 13.977999687194824
3.75 17.218000411987305 8.869000434875488
-3.0510001182556152 14.935999870300293 14.28600025177002
1.0839999914169312 3.0490000247955322 21.118000030517578
7.940999984741211 16.503000259399414 18.915000915527344
5.75600004196167 24.73900032043457 12.545999526977539
-1.4509999752044678 24.134000778198242 17.183000564575195
-0.6809999942779541 17.822999954223633 28.0939998626709
4.941999912261963 18.163000106811523 29.202999114990234