3.63100004196167 -104.7969970703125 115.20899963378906
-5.682000160217285 -106.20600128173828 107.01200103759766
-13.199000358581543 -106.97200012207031 116.46700286865234
-8.895000457763672 -103.5270004272461 124.54299926757812
3.121999979019165 -95.2040023803711 107.93599700927734
-5.5 -96.52899932861328 102.81300354003906
-12.442000389099121 -102.96099853515625 105.9489974975586
-12.652000427246094 -95.9000015258789 110.72899627685547
-9.977999687194824 -91.5999984741211 120.37000274658203
-3.8410000801086426 -93.35900115966797 126.16500091552734
-3.571000099182129 -87.25900268554688 104.4749984741211
-10.519000053405762 -85.7699966430664 99.35299682617188
-16.83799934387207 -91.20500183105469 110.93800354003906
-13.508000373840332 -87.66000366210938 113.84700012207031
-6.409999847412109 -81.05699920654297 122.0780029296875
1.5950000286102295 -83.85099792480469 124.71700286865234
-6.179999828338623 -78.66000366210938 104.4219970703125
-12.656000137329102 -74.48500061035156 102.40899658203125
-16.849000930786133 -77.5469970703125 115.69100189208984
-9.717000007629395 -72.46700286865234 117.21900177001953
0.11699999868869781 -71.44599914550781 122.26000213623047
7.078999996185303 -69.95999908447266 122.56099700927734
7.348999977111816 -75.51799774169922 123.68099975585938
10.020999908447266 -77.57599639892578 118.4209976196289
-5.824999809265137 -71.11199951171875 103.6240005493164
-13.652999877929688 -62.86199951171875 109.2300033569336
5.926000118255615 -64.72000122070312 112.68900299072266
12.897000312805176 -71.60099792480469 110.13700103759766
-3.505000114440918 -61.11899948120117 102.13800048828125
-8.35200023651123 -54.86899948120117 100.23100280761719
-3.052999973297119 -53.125999450683594 110.81099700927734
4.979000091552734 -55.49300003051758 107.22100067138672
16.034000396728516 -61.16400146484375 103.08000183105469
14.29699993133545 -70.052001953125 100.18199920654297
0.8519999980926514 -54.176998138427734 97.00299835205078
-1.8910000324249268 -46.90299987792969 97.49400329589844
9.38700008392334 -50.54499816894531 105.67400360107422
11.144000053405762 -53.439998626708984 100.88400268554688
15.20199966430664 -59.35100173950195 90.61499786376953
13.138999938964844 -68.4020004272461 88.46600341796875
4.72599983215332 -49.05799865722656 89.22200012207031
3.999000072479248 -40.92300033569336 90.87899780273438
16.301000595092773 -47.2869987487793 94.68699645996094
15.437999725341797 -50.465999603271484 90.20700073242188
17.209999084472656 -61.7400016784668 79.76300048828125
9.744999885559082 -65.65399932861328 79.38300323486328
4.64900016784668 -41.73899841308594 85.33999633789062
7.39900016784668 -37.077999114990234 81.49400329589844
18.224000930786133 -46.534000396728516 81.11100006103516
13.815999984741211 -49.47800064086914 74.10199737548828
7.25 -63.143001556396484 70.86399841308594
-0.44200000166893005 -61.93000030517578 71.6449966430664
9.064000129699707 -32.678001403808594 74.49199676513672
9.241999626159668 -38.05799865722656 68.46900177001953
17.638999938964844 -51.41299819946289 66.71199798583984
12.102999687194824 -52.08700180053711 65.99700164794922
-0.8560000061988831 -60.00400161743164 62.540000915527344
-7.540999889373779 -57.21799850463867 65.89700317382812
5.214000225067139 -42.007999420166016 58.0359992980957