1.2259999513626099 18.14699935913086 2.234999895095825
7.4670000076293945 17.371999740600586 13.258999824523926
5.754000186920166 8.885000228881836 14.189000129699707
10.663999557495117 7.6579999923706055 11.470999717712402
28.722000122070312 -0.06499999761581421 8.673999786376953
21.600000381469727 6.224999904632568 1.8940000534057617
11.772000312805176 -0.7350000143051147 0.9860000014305115
10.682999610900879 5.4019999504089355 2.3259999752044678
23.566999435424805 11.663999557495117 11.170000076293945
27.042999267578125 4.829999923706055 12.133000373840332
5.323999881744385 7.488999843597412 4.271999835968018
5.988999843597412 0.765999972820282 8.519000053405762
11.371999740600586 -5.914999961853027 13.491000175476074
22.756000518798828 -7.8480000495910645 8.265000343322754
26.570999145507812 -4.616000175476074 4.540999889373779
26.613000869750977 -5.7179999351501465 10.062000274658203
21.360000610351562 -3.259000062942505 12.220999717712402
19.604999542236328 -1.8009999990463257 15.25100040435791
12.333000183105469 7.76800012588501 16.694000244140625
9.72700023651123 8.65999984741211 19.257999420166016