24.913999557495117 32.62300109863281 33.19499969482422
21.716999053955078 32.66699981689453 31.22800064086914
6.22599983215332 75.74299621582031 29.909000396728516
5.164999961853027 73.96199798583984 33.10499954223633
1.6119999885559082 69.06300354003906 32.61800003051758
2.1480000019073486 63.90700149536133 30.3799991607666
1.4579999446868896 49.7859992980957 26.2189998626709
5.421000003814697 47.4900016784668 31.731000900268555
8.640000343322754 67.48300170898438 43.23500061035156
2.2860000133514404 64.07599639892578 44.652000427246094
-1.4229999780654907 54.573001861572266 33.33700180053711
-7.24399995803833 53.14099884033203 35.4630012512207
-3.9679999351501465 60.814998626708984 41.819000244140625
1.4529999494552612 61.58399963378906 48.3489990234375
3.5260000228881836 58.67300033569336 46.99599838256836
11.434000015258789 56.20199966430664 49.827999114990234
18.514999389648438 63.470001220703125 40.63399887084961
17.347000122070312 53.89799880981445 41.08100128173828
-2.0940001010894775 41.95800018310547 41.80799865722656
2.6459999084472656 37.80799865722656 45.17599868774414
17.246999740600586 72.8290023803711 32.67300033569336
16.628999710083008 70.6449966430664 37.73500061035156
6.89900016784668 42.558998107910156 34.750999450683594
8.46500015258789 37.79499816894531 36.650001525878906
13.182999610900879 25.698999404907227 30.621000289916992
17.381000518798828 27.187000274658203 34.138999938964844