-37.7239990234375 44.678001403808594 -15.152000427246094
-36.93899917602539 37.430999755859375 -4.216000080108643
-40.75899887084961 33.38800048828125 -5.034999847412109
-37.277000427246094 27.937999725341797 -3.9140000343322754
-24.773000717163086 34.02899932861328 -12.82699966430664
-19.825000762939453 28.878000259399414 -13.989999771118164
-16.785999298095703 26.615999221801758 -13.625
-15.885000228881836 20.86400032043457 -10.303000450134277
-16.481000900268555 5.869999885559082 0.3659999966621399
-15.180000305175781 5.9670000076293945 -6.0980000495910645
-20.93600082397461 24.413000106811523 -10.515999794006348
-17.875999450683594 26.4950008392334 -7.125999927520752
-2.5139999389648438 31.64900016784668 0.5910000205039978
-4.815000057220459 27.871000289916992 -1.8240000009536743
-26.650999069213867 16.554000854492188 1.7330000400543213
-19.82200050354004 13.321999549865723 -1.8919999599456787
-10.65999984741211 14.600000381469727 4.381999969482422
-9.456000328063965 14.189000129699707 0.800000011920929
-11.781999588012695 20.049999237060547 -14.418000221252441
-14.722000122070312 18.24799919128418 -24.266000747680664
-25.16200065612793 14.26200008392334 -12.36299991607666
-20.886999130249023 6.883999824523926 -10.838000297546387
-17.297000885009766 4.7829999923706055 -17.93199920654297
-9.388999938964844 6.302000045776367 -12.692999839782715
-4.072000026702881 7.2769999504089355 -8.741000175476074
-8.458999633789062 11.454999923706055 -10.498000144958496
-8.012999534606934 9.39799976348877 -16.285999298095703
-6.50600004196167 19.20599937438965 -15.154999732971191
-29.518999099731445 20.98200035095215 7.329999923706055
-26.709999084472656 22.033000946044922 2.188999891281128
-2.140000104904175 16.891000747680664 -19.239999771118164
1.378000020980835 17.660999298095703 -20.46500015258789
1.1410000324249268 23.184999465942383 -18.81100082397461
6.2779998779296875 23.44099998474121 -16.621000289916992
1.906000018119812 28.66200065612793 -16.38599967956543
-1.2710000276565552 27.152999877929688 -21.461999893188477
-16.875999450683594 23.992000579833984 -20.381999969482422
-25.118999481201172 28.349000930786133 -17.93199920654297
-22.884000778198242 24.73900032043457 -21.47599983215332
-14.515999794006348 28.43000030517578 -24.261999130249023
-15.215999603271484 62.512001037597656 -15.47700023651123