26.233999252319336 10.904000282287598 26.05699920654297
25.670000076293945 12.557000160217285 9.831000328063965
20.694000244140625 5.956999778747559 0.19599999487400055
13.755000114440918 -1.9190000295639038 -1.9179999828338623
11.340999603271484 15.359000205993652 14.505000114440918
15.680999755859375 21.18400001525879 2.1019999980926514
22.097999572753906 21.648000717163086 -4.960000038146973
23.33099937438965 16.933000564575195 -4.497000217437744
20.517000198364258 16.06999969482422 -2.1010000705718994
18.163000106811523 13.920999526977539 22.856000900268555
22.493000030517578 15.970000267028809 20.05500030517578
19.136999130249023 13.133000373840332 -5.216000080108643
22.325000762939453 5.869999885559082 -6.491000175476074
30.569000244140625 20.42099952697754 7.7210001945495605
33.96099853515625 9.032999992370605 7.553999900817871
28.899999618530273 9.109999656677246 9.178999900817871
20.73200035095215 -8.24899959564209 0.7110000252723694
18.23900032043457 -4.414000034332275 10.755999565124512
33.047000885009766 -0.9070000052452087 8.08899974822998
26.200000762939453 0.6489999890327454 -6.175000190734863
35.340999603271484 9.1899995803833 0.9120000004768372
28.985000610351562 3.2049999237060547 10.092000007629395
15.630999565124512 -6.864999771118164 2.1740000247955322
23.131999969482422 -13.069000244140625 -8.543000221252441
14.840999603271484 -2.0220000743865967 -8.022000312805176
2.747999906539917 -6.348999977111816 0.7279999852180481
24.924999237060547 5.599999904632568 23.023000717163086
25.885000228881836 3.00600004196167 20.395000457763672
20.033000946044922 -6.6020002365112305 17.073999404907227
7.945000171661377 -11.593999862670898 11.680000305175781