19.194000244140625 -18.298999786376953 -17.885000228881836
18.77199935913086 -14.633000373840332 -13.234000205993652
15.01099967956543 -18.655000686645508 45.05400085449219
14.086999893188477 -25.347000122070312 40.090999603271484
21.98699951171875 -10.180999755859375 0.878000020980835
15.319999694824219 -1.1299999952316284 -4.422999858856201
23.365999221801758 -10.680999755859375 35.0369987487793
14.836999893188477 -8.388999938964844 38.678001403808594
11.975000381469727 -2.046999931335449 31.382999420166016
10.034000396728516 -4.568999767303467 26.625999450683594
4.8379998207092285 -13.59000015258789 -13.04800033569336
27.8799991607666 4.4070000648498535 -4.827000141143799