-3.4539999961853027 -4.339000225067139 32.540000915527344
8.118000030517578 -15.520999908447266 27.965999603271484
20.07200050354004 -11.609000205993652 18.37299919128418
21.5049991607666 -3.128999948501587 19.881000518798828
6.609000205993652 -4.72599983215332 31.1299991607666
10.829000473022461 -13.121999740600586 31.049999237060547
25.780000686645508 -16.993999481201172 17.15999984741211
29.156999588012695 -17.716999053955078 23.29400062561035
20.20599937438965 -3.7679998874664307 34.73400115966797
18.312000274658203 -16.575000762939453 29.534000396728516
22.409000396728516 -20.648000717163086 18.139999389648438
17.038000106811523 -25.198999404907227 11.770999908447266
12.12600040435791 -21.336000442504883 31.256000518798828
6.297999858856201 -14.04699993133545 22.125
15.295000076293945 -9.28600025177002 15.345999717712402
23.98699951171875 -4.406000137329102 -6.952000141143799
27.406999588012695 -7.811999797821045 -5.127999782562256
25.464000701904297 -13.854999542236328 -5.35699987411499
-3.6589999198913574 -21.26799964904785 22.889999389648438
1.1699999570846558 -16.635000228881836 20.51300048828125
10.892999649047852 -4.9629998207092285 9.244000434875488
11.515999794006348 1.343999981880188 5.686999797821045
8.336000442504883 -0.4090000092983246 1.281999945640564
18.9950008392334 -4.454999923706055 -2.99399995803833
-4.890999794006348 -17.323999404907227 18.031999588012695
-1.468999981880188 -16.385000228881836 16.70599937438965
12.508000373840332 4.5980000495910645 10.58899974822998
16.92799949645996 5.27400016784668 14.640000343322754
19.94099998474121 7.151000022888184 16.024999618530273
26.23900032043457 5.181000232696533 18.29599952697754
28.010000228881836 15.902999877929688 14.133000373840332
24.356000900268555 16.948999404907227 5.4029998779296875
10.788000106811523 13.253000259399414 8.640000343322754
14.015000343322754 8.104999542236328 16.138999938964844
15.267000198364258 6.565000057220459 19.378999710083008
12.663000106811523 4.23199987411499 23.374000549316406
0.5770000219345093 -7.684999942779541 24.548999786376953
-3.0339999198913574 -8.79699993133545 24.80699920654297
-5.057000160217285 -9.368000030517578 19.95800018310547
3.24399995803833 -3.747999906539917 9.661999702453613
9.135000228881836 6.440999984741211 11.583999633789062
8.541999816894531 9.362000465393066 6.754000186920166
5.374000072479248 12.430000305175781 3.617000102996826
12.758000373840332 24.364999771118164 -0.7210000157356262