12.956999778747559 24.458999633789062 7.874000072479248
19.709999084472656 3.4189999103546143 20.784000396728516
23.422000885009766 2.371999979019165 17.231000900268555
25.04800033569336 -3.305999994277954 19.847999572753906
28.104000091552734 -2.187000036239624 25.226999282836914
33.944000244140625 -5.086999893188477 24.07900047302246
23.650999069213867 -22.770999908447266 28.900999069213867
22.780000686645508 -22.687000274658203 23.395999908447266
20.764999389648438 -3.430999994277954 8.78499984741211
20.148000717163086 -10.515000343322754 22.422000885009766
22.45599937438965 -25.268999099731445 19.079999923706055
18.893999099731445 -25.01099967956543 11.538000106811523
19.68199920654297 -21.549999237060547 10.177000045776367
8.66100025177002 -9.010000228881836 13.282999992370605
16.87299919128418 -11.699000358581543 4.506999969482422
28.878999710083008 -12.225000381469727 7.425000190734863
25.500999450683594 -14.276000022888184 3.4539999961853027
20.740999221801758 -17.756999969482422 5.958000183105469
22.902999877929688 -26.336999893188477 12.428999900817871
23.579999923706055 -23.0310001373291 14.21500015258789
31.298999786376953 -16.031999588012695 15.795000076293945
27.14299964904785 -14.539999961853027 16.663999557495117
15.083000183105469 -6.372000217437744 2.368000030517578
20.947999954223633 -4.965000152587891 -4.1529998779296875