36.75299835205078 74.89299774169922 1.906000018119812
32.465999603271484 79.46499633789062 0.4129999876022339
17.875 82.6520004272461 -0.7400000095367432
13.024999618530273 77.56600189208984 3.890000104904175
26.277999877929688 65.89800262451172 -5.377999782562256
30.606000900268555 76.0469970703125 2.8399999141693115
18.049999237060547 86.56500244140625 3.0940001010894775
20.256999969482422 92.21399688720703 -0.9789999723434448
31.917999267578125 94.11499786376953 1.2999999523162842
28.31599998474121 94.74299621582031 9.946000099182129
32.81999969482422 92.65599822998047 9.482999801635742
31.121000289916992 82.06800079345703 -6.089000225067139
15.975000381469727 85.93499755859375 -8.72700023651123
19.235000610351562 91.6449966430664 -8.473999977111816
33.000999450683594 98.86799621582031 -8.47599983215332
27.79800033569336 85.74600219726562 -9.743000030517578
12.307000160217285 79.41100311279297 -12.369000434875488
14.569000244140625 84.3740005493164 -23.180999755859375
26.219999313354492 91.44400024414062 -15.576000213623047
25.69300079345703 82.7959976196289 -16.06800079345703
16.02400016784668 75.84700012207031 -11.4399995803833
16.275999069213867 67.16000366210938 -6.551000118255615
37.92599868774414 77.19599914550781 -15.095999717712402
40.150001525878906 88.64199829101562 -3.9660000801086426