13.159000396728516 -30.674999237060547 17.46500015258789
0.48500001430511475 -29.086999893188477 18.4950008392334
-22.858999252319336 -25.843000411987305 30.464000701904297
-22.395999908447266 -28.452999114990234 25.733999252319336
6.76200008392334 -22.291000366210938 18.03700065612793
11.086999893188477 -23.239999771118164 23.368000030517578
-1.2070000171661377 -31.510000228881836 32.97100067138672
-11.993000030517578 -20.73900032043457 31.655000686645508
-15.03600025177002 -9.112000465393066 20.579999923706055
-8.934000015258789 -11.414999961853027 21.658000946044922
-5.508999824523926 -19.71500015258789 31.63800048828125
4.086999893188477 -21.45599937438965 35.340999603271484
6.002999782562256 -24.702999114990234 35.349998474121094
7.658999919891357 -20.785999298095703 39.2599983215332
5.2870001792907715 -17.94099998474121 39.88600158691406
9.312000274658203 -16.333999633789062 34.215999603271484
11.07699966430664 -13.791000366210938 32.047000885009766
-1.8580000400543213 -15.541000366210938 17.135000228881836
-0.718999981880188 -12.317999839782715 28.9689998626709
1.3839999437332153 -10.649999618530273 31.63599967956543
1.4980000257492065 -7.998000144958496 34.38100051879883
4.757999897003174 -14.687999725341797 32.33000183105469
2.7079999446868896 -17.2450008392334 34.25600051879883
-2.5880000591278076 -16.422000885009766 27.454999923706055
-9.024999618530273 -12.29699993133545 16.58300018310547
0.8560000061988831 -5.27400016784668 16.8439998626709
4.808000087738037 -6.419000148773193 19.972000122070312
4.15500020980835 -14.550000190734863 20.958999633789062
-10.652999877929688 -24.125999450683594 15.043999671936035
-10.772000312805176 -20.45400047302246 14.368000030517578
-19.89299964904785 -14.425000190734863 20.6560001373291
-14.496999740600586 -24.006999969482422 30.14299964904785
-1.7380000352859497 -33.75400161743164 19.58300018310547
1.8539999723434448 -33.92599868774414 18.20199966430664