22.860000610351562 -4.446000099182129 4.334000110626221
19.381999969482422 -8.557000160217285 6.224999904632568
18.29199981689453 -18.895000457763672 9.404999732971191
9.920000076293945 -8.602999687194824 2.2119998931884766
26.768999099731445 21.889999389648438 16.333999633789062
21.354999542236328 24.711000442504883 18.916000366210938
16.496000289916992 -9.755999565124512 13.3149995803833
8.020999908447266 -7.888000011444092 17.808000564575195
13.284000396728516 22.586999893188477 11.003000259399414
19.19499969482422 20.35700035095215 5.454999923706055
2.8459999561309814 -5.061999797821045 11.605999946594238
0.1940000057220459 -5.984000205993652 9.032999992370605