48.779998779296875 16.44700050354004 46.30400085449219
50.13399887084961 10.729000091552734 44.79899978637695
57.470001220703125 0.20200000703334808 41.917999267578125
59.78200149536133 -6.179999828338623 35.79999923706055
59.4630012512207 -16.187999725341797 34.441001892089844
54.63199996948242 -10.88599967956543 40.47700119018555
48.763999938964844 13.4399995803833 50.08599853515625
45.39099884033203 6.677000045776367 53.78799819946289
40.10900115966797 5.388000011444092 50.55699920654297
42.507999420166016 1.2730000019073486 46.3390007019043
47.08000183105469 -6.026000022888184 28.61400032043457
41.89400100708008 -2.0480000972747803 30.70800018310547
39.90700149536133 -1.5549999475479126 51.9010009765625
39.275001525878906 -7.171999931335449 49.279998779296875
37.59199905395508 -9.883999824523926 39.72600173950195
36.5099983215332 -13.390999794006348 38.69900131225586
40.236000061035156 -15.237000465393066 42.0
45.66699981689453 -12.52299976348877 43.301998138427734
49.05099868774414 1.0509999990463257 57.20899963378906
50.849998474121094 3.8259999752044678 53.62799835205078
51.875 1.090999960899353 51.1879997253418
50.641998291015625 -15.956000328063965 41.4119987487793
52.191001892089844 -15.005000114440918 28.993000030517578
52.279998779296875 -9.46500015258789 30.30500030517578
50.70100021362305 -6.043000221252441 30.84000015258789
37.03099822998047 8.75100040435791 43.96699905395508
29.875999450683594 5.47599983215332 53.595001220703125
29.172000885009766 1.9079999923706055 54.777000427246094
26.825000762939453 5.181000232696533 49.821998596191406
29.322999954223633 3.1419999599456787 47.75400161743164
29.354000091552734 5.357999801635742 44.65700149536133
35.45899963378906 5.429999828338623 39.987998962402344
39.25299835205078 5.517000198364258 39.47999954223633
49.88399887084961 5.275000095367432 39.71500015258789
54.474998474121094 -1.1460000276565552 36.301998138427734
59.2599983215332 -14.529999732971191 29.625
68.70600128173828 -16.398000717163086 22.589000701904297
69.8489990234375 -15.793000221252441 19.014999389648438
66.6760025024414 -18.00200080871582 13.336000442504883
60.75400161743164 -14.972999572753906 -1.1150000095367432
58.27799987792969 -6.609000205993652 -5.964000225067139
66.2020034790039 -9.83899974822998 24.336000442504883
69.5979995727539 -4.790999889373779 13.494000434875488
73.50800323486328 -6.223999977111816 0.734000027179718
74.58000183105469 -0.9169999957084656 -0.027000000700354576
70.79900360107422 -1.2510000467300415 -0.2849999964237213
68.73699951171875 1.2680000066757202 1.7009999752044678
63.86199951171875 -1.0460000038146973 3.013000011444092
59.25299835205078 -3.5409998893737793 11.1899995803833
56.244998931884766 -8.666000366210938 17.933000564575195
55.073001861572266 -14.088000297546387 20.861000061035156
60.62699890136719 -11.668999671936035 19.753999710083008
62.292999267578125 -2.8459999561309814 -8.99899959564209
71.10900115966797 -10.711000442504883 1.1339999437332153
74.53800201416016 -8.541999816894531 19.816999435424805
76.7020034790039 -12.496000289916992 19.441999435424805
74.93000030517578 -13.779000282287598 16.30900001525879
66.7699966430664 -14.401000022888184 -0.46700000762939453
66.21499633789062 -16.392000198364258 -3.6679999828338623