9.871000289916992 35.941001892089844 4.9730000495910645
20.297000885009766 37.84400177001953 3.063999891281128
33.51599884033203 46.6510009765625 -0.12099999934434891
25.325000762939453 46.83399963378906 4.710999965667725
15.090999603271484 38.79399871826172 -0.01600000075995922
19.856000900268555 41.882999420166016 -6.2210001945495605
17.65999984741211 45.50199890136719 -1.3009999990463257
17.503999710083008 48.10499954223633 1.5
25.7549991607666 53.34199905395508 5.859000205993652
30.749000549316406 47.78799819946289 7.809000015258789
34.79899978637695 44.03099822998047 11.029999732971191
33.689998626708984 38.86600112915039 11.869000434875488
22.405000686645508 35.06800079345703 16.756000518798828
23.923999786376953 40.95000076293945 15.505999565124512
39.87699890136719 45.29800033569336 16.260000228881836
37.00899887084961 43.0890007019043 20.406999588012695
20.32200050354004 45.097999572753906 17.47599983215332
23.490999221801758 53.36899948120117 11.102999687194824
27.268999099731445 53.65800094604492 10.602999687194824
29.485000610351562 50.854000091552734 11.96500015258789
26.73200035095215 47.8849983215332 21.30699920654297
27.475000381469727 45.808998107910156 24.46500015258789
41.446998596191406 40.26499938964844 23.13599967956543
35.28099822998047 30.565000534057617 12.378000259399414
23.93199920654297 26.985000610351562 16.20400047302246
28.426000595092773 29.98200035095215 20.11199951171875
44.314998626708984 27.246000289916992 17.02400016784668
40.44300079345703 23.305999755859375 17.621000289916992
26.9689998626709 30.108999252319336 25.54800033569336
35.00899887084961 32.50400161743164 27.07200050354004
34.13100051879883 26.4950008392334 26.690000534057617
33.44499969482422 22.8439998626709 25.665000915527344
41.29100036621094 18.722000122070312 19.39299964904785
39.58100128173828 22.270000457763672 12.288000106811523
38.32500076293945 23.94700050354004 6.880000114440918
33.75299835205078 26.81599998474121 5.547999858856201
21.643999099731445 24.548999786376953 8.732999801635742
26.992000579833984 20.937999725341797 10.802000045776367
39.99700164794922 19.88599967956543 0.44699999690055847
34.61800003051758 18.724000930786133 -0.5479999780654907
25.474000930786133 16.113000869750977 13.524999618530273
33.29899978637695 14.071000099182129 12.892999649047852
30.077999114990234 12.62600040435791 7.984000205993652
28.038000106811523 12.461000442504883 4.697000026702881
28.219999313354492 15.85200023651123 -1.1180000305175781
33.22700119018555 23.756999969482422 -2.9749999046325684
32.82699966430664 29.832000732421875 -3.4110000133514404
30.285999298095703 32.46900177001953 0.5860000252723694
19.010000228881836 30.969999313354492 4.538000106811523
21.735000610351562 26.33799934387207 0.46799999475479126
31.509000778198242 33.939998626708984 -5.926000118255615
25.01300048828125 33.38600158691406 -6.71999979019165
15.781000137329102 25.110000610351562 -2.3369998931884766
23.517000198364258 26.323999404907227 -14.35099983215332
21.999000549316406 30.12700080871582 -10.713000297546387
24.5310001373291 35.941001892089844 -12.789999961853027
28.54199981689453 39.42499923706055 -6.390999794006348
30.347999572753906 41.8489990234375 -1.3079999685287476
21.591999053955078 35.03499984741211 6.994999885559082
15.430999755859375 29.961000442504883 17.006000518798828