-174.4040069580078 0.2720000147819519 79.93599700927734
-172.29800415039062 -1.215999960899353 82.71700286865234
-164.80299377441406 -8.086000442504883 82.12899780273438
-170.2030029296875 -16.916000366210938 80.17400360107422
-168.7760009765625 -19.80699920654297 82.18900299072266
-171.0229949951172 -21.430999755859375 75.89800262451172
-175.94000244140625 -18.902999877929688 74.60099792480469
-178.17100524902344 -16.082000732421875 70.16699981689453
-176.66299438476562 -18.900999069213867 68.11499786376953
-174.36399841308594 -14.180999755859375 72.88899993896484
-168.28700256347656 -14.121999740600586 96.06700134277344
-167.9980010986328 -20.73200035095215 94.77100372314453
-170.17999267578125 -26.305999755859375 92.86499786376953
-175.80599975585938 -29.038999557495117 93.64800262451172
-191.53799438476562 -20.417999267578125 89.06500244140625
-181.36000061035156 -15.536999702453613 85.87200164794922
-166.44700622558594 -16.597000122070312 92.41100311279297
-166.8990020751953 -19.599000930786133 90.1449966430664
-168.4980010986328 -25.61400032043457 88.39600372314453
-169.03599548339844 -29.316999435424805 88.99299621582031
-183.99000549316406 -28.62299919128418 78.18599700927734
-179.94700622558594 -19.02400016784668 83.16200256347656
-167.0449981689453 -12.288999557495117 89.51599884033203
-159.58599853515625 -10.51099967956543 96.48100280761719
-180.43499755859375 -3.7260000705718994 93.78399658203125
-174.36199951171875 -9.197999954223633 97.97899627685547
-170.8939971923828 -12.184000015258789 100.77799987792969
-168.8280029296875 -14.916999816894531 102.42400360107422
-171.76100158691406 -15.204999923706055 106.60199737548828
-176.04800415039062 -19.176000595092773 98.54000091552734
-180.79200744628906 -17.336999893188477 98.9540023803711
-185.76499938964844 -14.28600025177002 95.21600341796875
-181.84800720214844 -11.055999755859375 93.77100372314453
-181.23199462890625 -7.854000091552734 91.85900115966797
-170.4010009765625 -12.666999816894531 75.42400360107422
-170.87600708007812 -8.928000450134277 80.13999938964844
-180.02499389648438 -1.534999966621399 85.09200286865234
-179.7899932861328 6.96999979019165 93.48999786376953
-154.62100219726562 6.808000087738037 95.70999908447266
-151.91600036621094 4.734000205993652 88.04299926757812
-172.77099609375 7.440000057220459 87.4530029296875