-4.982999801635742 -18.12299919128418 -19.382999420166016
5.578000068664551 -16.26799964904785 -9.3149995803833
13.225000381469727 -16.993000030517578 -18.764999389648438
8.852999687194824 -13.567000389099121 -26.788999557495117
-3.1700000762939453 -5.311999797821045 -10.331000328063965
5.359000205993652 -6.686999797821045 -5.043000221252441
12.401000022888184 -13.045000076293945 -8.27400016784668
12.506999969482422 -5.960999965667725 -12.88700008392334
9.807999610900879 -1.6130000352859497 -22.503000259399414
3.631999969482422 -3.315000057220459 -28.29599952697754
3.3970000743865967 2.6019999980926514 -6.710000038146973
10.241999626159668 4.01200008392334 -1.4900000095367432
16.579999923706055 -1.2929999828338623 -13.026000022888184
13.258000373840332 2.308000087738037 -15.887999534606934
6.283999919891357 8.805000305175781 -24.132999420166016
-1.8960000276565552 6.138999938964844 -26.68400001525879
5.960000038146973 11.086000442504883 -6.500999927520752
12.473999977111816 15.355999946594238 -4.326000213623047
16.621000289916992 12.411999702453613 -17.704999923706055
9.47599983215332 17.459999084472656 -19.187000274658203
1.7430000305175781 15.428000450134277 -25.44700050354004
-7.2779998779296875 20.066999435424805 -24.71299934387207
-7.571000099182129 14.467000007629395 -25.857999801635742
-10.123000144958496 12.522000312805176 -20.625999450683594
5.53000020980835 18.611000061035156 -5.638999938964844
13.309000015258789 26.97599983215332 -11.074000358581543
-6.191999912261963 25.145999908447266 -14.727999687194824
-13.208000183105469 18.281999588012695 -12.39799976348877
3.0959999561309814 28.493000030517578 -4.0269999504089355
7.939000129699707 34.888999938964844 -1.972000002861023
2.8589999675750732 36.71099853515625 -12.381999969482422
-5.22599983215332 34.33399963378906 -9.189000129699707
-16.365999221801758 28.7810001373291 -5.498000144958496
-14.791999816894531 19.750999450683594 -2.5480000972747803
-1.3339999914169312 35.40599822998047 1.1239999532699585
1.49399995803833 42.69599914550781 0.8790000081062317
-9.583000183105469 39.159000396728516 -7.591000080108643
-11.53600025177002 36.244998931884766 -2.8940000534057617
-15.824000358581543 30.31399917602539 7.164999961853027
-13.84000015258789 21.267000198364258 9.251999855041504
-5.38700008392334 40.507999420166016 8.890999794006348
-4.480000019073486 48.678001403808594 7.303999900817871
-16.746000289916992 42.5099983215332 3.2019999027252197
-16.038999557495117 39.26499938964844 7.563000202178955
-17.913999557495117 27.892000198364258 17.924999237060547
-10.562000274658203 23.895000457763672 18.3799991607666
-5.263000011444092 47.766998291015625 12.791999816894531
-7.951000213623047 52.435001373291016 16.663000106811523
-18.89699935913086 43.07699966430664 16.743000030517578
-14.571999549865723 40.06999969482422 23.788999557495117
-8.385000228881836 26.17099952697754 26.832000732421875
-0.4869999885559082 27.628999710083008 26.243999481201172
-9.75 56.847999572753906 27.511999130249023
-10.031999588012695 51.30699920654297 29.54400062561035
-18.42799949645996 37.86800003051758 30.827999114990234
-11.404000282287598 38.77000045776367 34.77000045776367
-1.465000033378601 34.922000885009766 37.13999938964844
6.205999851226807 32.62900161743164 32.0989990234375
-5.941999912261963 47.42100143432617 40.15999984741211