8.336999893188477 -17.958999633789062 -34.95899963378906
-3.703000068664551 -8.390999794006348 -18.16900062561035
-10.027000427246094 -5.089000225067139 -20.808000564575195
-12.454999923706055 8.138999938964844 -12.40999984741211
-7.47599983215332 27.18199920654297 -5.136000156402588
-6.435999870300293 33.33100128173828 -5.853000164031982
-18.57200050354004 31.743999481201172 0.5059999823570251
-7.216000080108643 23.051000595092773 -1.715000033378601
-19.819000244140625 8.25 -18.134000778198242
-34.388999938964844 9.215999603271484 -18.82699966430664
-6.50600004196167 14.036999702453613 10.718000411987305
-13.119000434875488 19.364999771118164 4.586999893188477
-23.663999557495117 18.69099998474121 -7.553999900817871
-24.49799919128418 23.32200050354004 -2.003000020980835
-22.74799919128418 18.770000457763672 2.196000099182129
-17.891000747680664 28.010000228881836 -15.885000228881836
-9.612000465393066 24.134000778198242 -12.803999900817871
-13.03600025177002 23.253999710083008 -20.844999313354492
-23.913000106811523 27.972000122070312 -25.202999114990234
-22.841999053955078 25.268999099731445 -20.256999969482422
-9.291999816894531 16.273000717163086 -22.113000869750977
-14.904999732971191 14.732000350952148 -23.735000610351562
-18.500999450683594 15.35099983215332 -22.73699951171875
-18.10300064086914 13.168999671936035 -17.667999267578125
-7.4679999351501465 23.198999404907227 4.258999824523926
0.9160000085830688 13.291000366210938 4.4029998779296875
-2.5429999828338623 12.274999618530273 -4.71999979019165
1.8899999856948853 9.479000091552734 -3.2279999256134033