25.739999771118164 20.305999755859375 65.86599731445312
30.944000244140625 19.95599937438965 52.08100128173828
23.104000091552734 2.049999952316284 43.784000396728516
15.812999725341797 14.670999526977539 39.80799865722656
6.038000106811523 16.756000518798828 48.45600128173828
1.465000033378601 9.189000129699707 46.18000030517578
5.248000144958496 4.585000038146973 41.689998626708984
10.116000175476074 1.440000057220459 40.4640007019043
16.94700050354004 9.300000190734863 57.7130012512207
22.145000457763672 8.286999702453613 57.106998443603516
12.854999542236328 8.157999992370605 54.606998443603516
8.906000137329102 7.9120001792907715 34.08300018310547
14.246000289916992 8.798999786376953 35.040000915527344
8.824000358581543 13.093000411987305 55.54399871826172
11.161999702453613 25.392000198364258 59.75699996948242
12.206000328063965 24.341999053955078 64.96199798583984
19.190000534057617 26.427000045776367 58.90999984741211
23.784000396728516 14.50100040435791 41.08700180053711
16.20800018310547 19.579999923706055 38.98099899291992
-4.964000225067139 35.47600173950195 48.42100143432617
-2.7990000247955322 24.801000595092773 41.292999267578125
9.270000457763672 37.465999603271484 55.305999755859375
13.654000282287598 39.547000885009766 59.007999420166016
11.831000328063965 29.514999389648438 39.672000885009766
12.866000175476074 28.15999984741211 36.266998291015625
10.802000045776367 29.656999588012695 33.45399856567383
-4.705999851226807 16.94700050354004 29.441999435424805
-5.315999984741211 24.055999755859375 32.36899948120117
-3.609999895095825 26.177000045776367 36.654998779296875
4.625999927520752 32.9109992980957 56.465999603271484
-7.547999858856201 37.638999938964844 58.59299850463867
1.3200000524520874 43.80099868774414 48.928001403808594
-0.6470000147819519 32.724998474121094 47.62900161743164
4.5960001945495605 27.96500015258789 55.52899932861328
10.982000350952148 29.0310001373291 50.08700180053711
23.93400001525879 25.35099983215332 44.69900131225586
16.72800064086914 24.283000946044922 38.981998443603516
-8.161999702453613 33.24800109863281 52.77899932861328
-15.833000183105469 34.63800048828125 58.93899917602539
-5.705999851226807 21.226999282836914 58.638999938964844
12.253000259399414 16.791000366210938 31.249000549316406
20.530000686645508 17.56800079345703 30.091999053955078