7.688000202178955 30.840999603271484 4.173999786376953
4.107999801635742 30.448999404907227 10.029000282287598
-8.08899974822998 9.987000465393066 17.600000381469727
-9.699999809265137 11.28499984741211 14.442999839782715
-8.409000396728516 32.75600051879883 12.001999855041504
-5.020999908447266 27.39699935913086 5.34499979019165
-0.8679999709129333 4.585000038146973 17.30299949645996
-1.9800000190734863 9.855999946594238 16.121000289916992
0.6209999918937683 34.888999938964844 9.331999778747559
2.010999917984009 34.24800109863281 12.847999572753906
-10.782999992370605 13.949999809265137 22.333999633789062
-7.1479997634887695 13.755999565124512 23.340999603271484
6.826000213623047 31.238000869750977 13.076000213623047
13.699000358581543 26.393999099731445 4.093999862670898
6.197999954223633 18.89900016784668 5.390999794006348
-3.819000005722046 18.364999771118164 3.5450000762939453