-5.822999954223633 -4.019999980926514 11.607999801635742
-1.4889999628067017 0.8180000185966492 10.35200023651123
-5.051000118255615 5.734000205993652 11.782999992370605
-4.546000003814697 10.269000053405762 7.035999774932861
14.413999557495117 12.484999656677246 15.59000015258789
15.779000282287598 8.923999786376953 11.58899974822998
2.436000108718872 -9.22599983215332 3.7769999504089355
6.309000015258789 1.559999942779541 13.416000366210938
19.014999389648438 7.755000114440918 7.9670000076293945
21.149999618530273 0.9810000061988831 3.372999906539917
18.46299934387207 -1.621999979019165 2.615999937057495
11.456000328063965 -11.270999908447266 13.79800033569336
11.892000198364258 -10.487000465393066 1.434000015258789
5.96999979019165 0.9319999814033508 -1.6069999933242798
7.784999847412109 -3.249000072479248 -5.258999824523926
13.993000030517578 -3.140000104904175 -3.697000026702881
20.68400001525879 4.309999942779541 0.9620000123977661
17.40999984741211 4.599999904632568 3.0339999198913574
7.48799991607666 7.75 0.7720000147819519
7.724999904632568 4.894000053405762 4.104000091552734
8.678000450134277 -15.607999801635742 2.9000000953674316
9.66100025177002 -17.3700008392334 -0.257999986410141
7.01200008392334 -15.48799991607666 -5.366000175476074
13.718999862670898 -10.696000099182129 -10.722000122070312