58.48899841308594 7.823999881744385 24.746999740600586
57.26599884033203 8.062999725341797 21.163999557495117
58.52799987792969 15.857000350952148 14.130999565124512
56.525001525878906 16.17099952697754 19.30500030517578
54.367000579833984 10.130999565124512 27.02199935913086
50.941001892089844 13.982000350952148 27.354000091552734
58.064998626708984 23.402999877929688 22.601999282836914
52.6619987487793 23.45400047302246 23.940000534057617
45.04899978637695 12.54800033569336 25.555999755859375
43.763999938964844 6.368000030517578 26.94700050354004
54.02000045776367 3.4619998931884766 11.673999786376953
49.000999450683594 3.9730000495910645 5.247000217437744
40.94200134277344 1.1820000410079956 9.644000053405762
46.83100128173828 -3.3440001010894775 22.96299934387207
34.77000045776367 1.0 14.336000442504883
50.709999084472656 21.937000274658203 15.559000015258789
47.45199966430664 12.746999740600586 10.40999984741211
39.303001403808594 8.321999549865723 1.9420000314712524
42.47100067138672 4.750999927520752 6.489999771118164
53.27799987792969 12.17300033569336 7.320000171661377
58.74300003051758 18.676000595092773 4.072000026702881