-6.817999839782715 8.1850004196167 15.810999870300293
-2.552000045776367 6.252999782562256 12.33899974822998
6.236999988555908 -8.168999671936035 11.744000434875488
15.862000465393066 -11.260000228881836 12.274999618530273
17.996000289916992 -16.082000732421875 7.723999977111816
8.722999572753906 -12.29800033569336 6.497000217437744
-8.795000076293945 7.11299991607666 11.609000205993652
-8.236000061035156 3.4590001106262207 4.111000061035156
-5.934999942779541 5.857999801635742 -0.871999979019165
-0.6039999723434448 2.8989999294281006 0.09000000357627869
19.031999588012695 0.9010000228881836 5.429999828338623
14.07699966430664 4.039999961853027 -1.1009999513626099
-3.950000047683716 0.8920000195503235 -5.771999835968018
0.7609999775886536 -2.8970000743865967 -7.678999900817871
11.222000122070312 -1.2690000534057617 -7.184000015258789
8.076000213623047 -9.107999801635742 -2.5239999294281006
-9.517000198364258 -3.186000108718872 2.882999897003174
-7.9120001792907715 -1.6820000410079956 7.044000148773193
-4.579999923706055 -3.5169999599456787 6.5960001945495605
10.638999938964844 -13.84000015258789 0.23199999332427979
21.483999252319336 -8.815999984741211 3.2170000076293945
18.176000595092773 -5.130000114440918 5.877999782562256
16.410999298095703 -1.8450000286102295 6.60099983215332
1.093999981880188 9.890999794006348 0.4959999918937683
0.5540000200271606 9.413000106811523 7.35699987411499
3.9820001125335693 4.116000175476074 10.272000312805176
9.913999557495117 -1.9470000267028809 11.720000267028809
21.514999389648438 -12.550000190734863 8.814000129699707
22.31800079345703 -12.762999534606934 21.886999130249023
21.16900062561035 -10.576000213623047 24.79400062561035
25.341999053955078 -7.854000091552734 29.482999801635742
29.20400047302246 4.386000156402588 38.702999114990234
34.23099899291992 12.437000274658203 42.334999084472656
31.55900001525879 15.135000228881836 39.09000015258789
30.520999908447266 21.743999481201172 40.18600082397461
26.461000442504883 17.618000030517578 38.83700180053711
20.768999099731445 -7.73799991607666 16.542999267578125
16.166000366210938 0.45399999618530273 24.231000900268555
14.062000274658203 5.014999866485596 36.540000915527344
10.567000389099121 8.777000427246094 34.941001892089844
14.07699966430664 10.258999824523926 34.25899887084961
14.54800033569336 11.6899995803833 30.73900032043457
20.024999618530273 11.388999938964844 29.229000091552734
24.826000213623047 6.629000186920166 22.42099952697754
28.906999588012695 0.3659999966621399 17.76799964904785
32.53200149536133 -4.473999977111816 17.770999908447266
26.990999221801758 -4.361999988555908 19.323999404907227
25.802000045776367 15.560999870300293 42.62900161743164
23.676000595092773 10.812000274658203 44.83599853515625
18.242000579833984 2.385999917984009 37.57400131225586
13.340999603271484 -7.429999828338623 22.38599967956543
13.286999702453613 -10.907999992370605 25.23699951171875
16.020999908447266 -9.710000038146973 27.583999633789062
23.85300064086914 2.184999942779541 39.4640007019043
34.005001068115234 15.920999526977539 55.159000396728516