-8.621999740600586 -5.673999786376953 77.31600189208984
-11.006999969482422 -10.812999725341797 76.3759994506836
-23.902000427246094 -28.61400032043457 89.48400115966797
-23.937000274658203 -36.108001708984375 82.56400299072266
-21.216999053955078 -31.687000274658203 81.4739990234375
-10.875 -20.586999893188477 77.29100036621094
-15.973999977111816 -9.406000137329102 77.69599914550781
-26.11199951171875 -15.196000099182129 78.7770004272461
-22.50200080871582 -30.944000244140625 70.88400268554688
-28.577999114990234 -21.902000427246094 80.1989974975586
-19.533000946044922 -17.099000930786133 92.70899963378906
-24.37700080871582 -14.270000457763672 91.56999969482422
-25.03700065612793 -13.031000137329102 85.39199829101562
-18.833999633789062 -10.251999855041504 81.58699798583984
-13.229999542236328 -3.9260001182556152 90.52999877929688
-9.692999839782715 -15.734999656677246 85.5469970703125
-32.27199935913086 -21.64299964904785 82.66799926757812
-34.01900100708008 -20.34000015258789 85.80500030517578