-7.885000228881836 11.416000366210938 41.428001403808594
-11.23900032043457 12.371999740600586 39.93199920654297
-14.218999862670898 10.381999969482422 34.55099868774414
-25.819000244140625 15.116999626159668 23.898000717163086
-22.469999313354492 16.89699935913086 23.364999771118164
-16.35099983215332 17.631999969482422 37.60599899291992
-11.098999977111816 20.6200008392334 30.493999481201172
-18.617000579833984 8.486000061035156 12.640999794006348
-24.351999282836914 12.293999671936035 20.975000381469727
-9.420999526977539 8.838000297546387 28.893999099731445
-9.38700008392334 7.948999881744385 37.65800094604492
-5.906000137329102 14.253000259399414 37.85499954223633
-8.217000007629395 17.50200080871582 29.518999099731445
-21.4689998626709 12.41100025177002 13.331999778747559
-20.590999603271484 8.675000190734863 4.97599983215332
-19.695999145507812 9.619000434875488 -4.185999870300293
-19.496000289916992 -0.7829999923706055 -14.991999626159668
-14.133999824523926 5.1519999504089355 -1.9290000200271606
-24.20199966430664 -1.8029999732971191 -6.211999893188477
-27.42099952697754 7.767000198364258 -24.079999923706055
-23.858999252319336 6.166999816894531 -29.158000946044922
-23.66900062561035 3.25600004196167 -24.7810001373291
-22.29800033569336 0.675000011920929 -22.354000091552734
-21.448999404907227 4.867000102996826 -17.013999938964844
-26.93199920654297 8.918999671936035 -5.521999835968018
-22.347000122070312 12.567999839782715 0.4320000112056732
-21.503999710083008 3.811000108718872 2.7880001068115234
-25.288000106811523 3.0190000534057617 -5.269999980926514
-29.562000274658203 2.694000005722046 -27.08099937438965