24.179000854492188 70.21399688720703 -15.940999984741211
26.920000076293945 72.76399993896484 -16.749000549316406
41.84000015258789 67.72699737548828 -6.697000026702881
33.500999450683594 62.064998626708984 -5.776000022888184
26.591999053955078 69.51599884033203 2.515000104904175
22.96500015258789 74.29199981689453 1.3860000371932983
18.39699935913086 74.01000213623047 -7.935999870300293
22.927000045776367 66.90499877929688 0.4230000078678131
34.2400016784668 62.71099853515625 -10.972999572753906
22.38599967956543 61.893001556396484 -6.374000072479248
13.925999641418457 64.13200378417969 3.884000062942505
10.197999954223633 63.44300079345703 3.4189999103546143
15.581000328063965 68.80599975585938 -9.480999946594238
17.802000045776367 60.75299835205078 -8.597999572753906
16.38800048828125 59.63399887084961 3.9779999256134033
21.143999099731445 62.69599914550781 4.146999835968018
29.92300033569336 52.80799865722656 -5.7230000495910645
38.520999908447266 59.36399841308594 -2.239000082015991
32.874000549316406 70.04199981689453 3.2669999599456787
30.28700065612793 68.5999984741211 12.359000205993652
32.650001525878906 66.3030014038086 14.251999855041504
31.959999084472656 53.66899871826172 5.039999961853027
38.79999923706055 57.803001403808594 2.390000104904175
37.42399978637695 69.52200317382812 0.24500000476837158
33.25699996948242 77.98200225830078 -4.410999774932861
32.007999420166016 81.1449966430664 -8.86299991607666
33.255001068115234 84.55400085449219 -10.081000328063965