43.97100067138672 -26.885000228881836 -6.71999979019165
43.73500061035156 -21.583999633789062 -5.302000045776367
51.76300048828125 -17.086999893188477 -1.0859999656677246
53.4640007019043 -19.5310001373291 7.206999778747559
55.6870002746582 -10.52400016784668 11.3149995803833
52.51100158691406 -8.019000053405762 5.458000183105469
43.367000579833984 -20.323999404907227 -11.32699966430664
37.24300003051758 -13.574999809265137 -4.15500020980835
41.22600173950195 -15.71399974822998 15.217000007629395
35.26300048828125 -12.840999603271484 9.932000160217285
35.97600173950195 -8.42199993133545 -8.22700023651123
33.194000244140625 -4.191999912261963 -0.9330000281333923
33.17599868774414 -5.188000202178955 5.673999786376953
43.805999755859375 -3.7990000247955322 6.283999919891357
44.37900161743164 -10.043999671936035 -13.104999542236328
45.60900115966797 -12.460000038146973 -8.270000457763672
49.79199981689453 -2.2920000553131104 6.626999855041504
49.082000732421875 -7.822000026702881 17.881000518798828
47.68199920654297 -12.420000076293945 14.340999603271484
45.680999755859375 -15.347999572753906 13.01200008392334
27.882999420166016 -23.47599983215332 -8.836999893188477
29.698999404907227 -24.57900047302246 -3.7049999237060547
42.06999969482422 -21.476999282836914 0.04100000113248825
47.95000076293945 -18.336000442504883 5.552000045776367
54.448001861572266 -12.626999855041504 15.942000389099121
57.685001373291016 -16.2189998626709 19.909000396728516