-2.4860000610351562 -5.052000045776367 6.64300012588501
-4.672999858856201 -7.999000072479248 1.4930000305175781
-7.015999794006348 -8.005000114440918 -17.8700008392334
-9.092000007629395 -5.618000030517578 -19.80500030517578
-8.57699966430664 -4.093999862670898 -23.30699920654297
-3.9210000038146973 -4.822000026702881 -19.757999420166016
-4.1519999504089355 -4.763000011444092 -16.02899932861328
-0.996999979019165 -0.4230000078678131 -13.442999839782715
16.614999771118164 -4.566999912261963 -10.517999649047852
13.053000450134277 -1.0499999523162842 5.169000148773193
3.8450000286102295 0.6949999928474426 7.966000080108643
6.584000110626221 -3.9019999504089355 9.638999938964844
13.380999565124512 -6.705999851226807 2.5280001163482666
5.48799991607666 -1.253000020980835 -5.671999931335449
-4.849999904632568 3.7190001010894775 -14.82699966430664
-8.838000297546387 -3.325000047683716 -13.97700023651123
-9.96500015258789 -3.9860000610351562 -7.835999965667725
3.749000072479248 -2.568000078201294 -2.0239999294281006
0.1979999989271164 -15.38599967956543 -7.998000144958496
4.619999885559082 -16.577999114990234 -4.7779998779296875
8.28499984741211 -11.659000396728516 -3.7980000972747803
12.062999725341797 -6.497000217437744 -10.857999801635742
2.7820000648498535 -12.227999687194824 -16.76799964904785
-5.867000102996826 -13.295000076293945 -14.380999565124512
-1.194000005722046 0.014999999664723873 1.1039999723434448
0.8190000057220459 2.8970000743865967 2.5490000247955322