-59.97800064086914 -120.11000061035156 181.677001953125
-59.92399978637695 -123.5530014038086 179.97300720214844
-56.72600173950195 -140.9340057373047 154.52200317382812
-57.36600112915039 -145.92100524902344 149.6719970703125
-58.0880012512207 -141.36700439453125 146.6300048828125
-58.9370002746582 -140.1300048828125 143.093994140625
-58.15999984741211 -137.2449951171875 148.46299743652344
-61.16999816894531 -136.66299438476562 146.12100219726562
-62.8650016784668 -133.27699279785156 146.5500030517578
-74.84200286865234 -131.3470001220703 171.83999633789062
-80.83100128173828 -139.375 166.68099975585938
-89.78299713134766 -134.51400756835938 166.5780029296875
-87.01799774169922 -132.16000366210938 165.5070037841797
-55.92300033569336 -125.5009994506836 150.1719970703125
-53.569000244140625 -138.25999450683594 159.42100524902344
-79.73600006103516 -117.50900268554688 166.29800415039062
-79.875 -121.46499633789062 162.71600341796875
-50.45600128173828 -133.16600036621094 161.85800170898438
-54.51499938964844 -125.89700317382812 156.93899536132812
-90.5999984741211 -132.8509979248047 161.85899353027344
-90.95700073242188 -126.31500244140625 158.38999938964844
-88.78399658203125 -123.72200012207031 164.0330047607422
-83.91999816894531 -125.54299926757812 174.78199768066406
-66.31900024414062 -121.70899963378906 175.7830047607422
-58.67399978637695 -112.96199798583984 140.07899475097656