17.347000122070312 34.35499954223633 -13.180000305175781
14.576000213623047 31.781999588012695 -13.642999649047852
6.7230000495910645 17.60300064086914 -4.85699987411499
6.6529998779296875 5.915999889373779 -9.458000183105469
11.86400032043457 21.115999221801758 -21.152000427246094
17.43400001525879 27.496999740600586 -9.609999656677246
8.76099967956543 17.45800018310547 0.6759999990463257
20.073999404907227 13.645999908447266 -6.794000148773193
23.378000259399414 14.291000366210938 -14.87399959564209
24.48200035095215 20.981000900268555 -8.234999656677246
16.80900001525879 15.696000099182129 4.541999816894531
13.897000312805176 20.218000411987305 1.0759999752044678
23.20800018310547 25.964000701904297 -12.211999893188477
27.6560001373291 29.868000030517578 0.5090000033378601
18.391000747680664 25.145000457763672 8.366000175476074
16.562999725341797 22.24799919128418 16.229999542236328
15.121999740600586 18.253999710083008 12.302000045776367
14.984999656677246 25.43400001525879 4.922999858856201
24.447999954223633 34.034000396728516 -4.709000110626221
20.25 34.96799850463867 -0.9480000138282776
6.53000020980835 26.083999633789062 6.169000148773193
-0.44999998807907104 26.030000686645508 14.869000434875488
21.71500015258789 43.207000732421875 6.388999938964844
16.680999755859375 38.0890007019043 -0.008999999612569809
4.044000148773193 28.756999969482422 3.0
-9.37399959564209 36.21699905395508 0.08799999952316284
-8.595000267028809 30.93199920654297 -2.2009999752044678
-6.175000190734863 34.814998626708984 11.359999656677246
8.784000396728516 44.847999572753906 6.625999927520752
8.88599967956543 42.4379997253418 1.0290000438690186
5.947999954223633 38.57099914550781 -6.703999996185303
-0.9539999961853027 40.301998138427734 -11.12600040435791
-2.7730000019073486 23.76799964904785 -4.3429999351501465
-6.886000156402588 18.45199966430664 -2.7980000972747803
-7.914999961853027 25.448999404907227 -4.640999794006348
-2.5320000648498535 29.76799964904785 -3.3559999465942383
3.2149999141693115 28.770999908447266 -2.6510000228881836
11.920000076293945 45.5359992980957 -1.843999981880188
10.880000114440918 41.266998291015625 -11.138999938964844
2.3329999446868896 26.593000411987305 -13.71500015258789
0.8240000009536743 21.573999404907227 -5.448999881744385
1.7089999914169312 23.148000717163086 -8.789999961853027
5.599999904632568 28.41900062561035 -9.234999656677246
16.038999557495117 40.569000244140625 -15.229000091552734