-44.69499969482422 14.541000366210938 -4.76800012588501
-41.534000396728516 12.885000228881836 -6.080999851226807
-32.42499923706055 6.711999893188477 1.3140000104904175
-23.586000442504883 11.779999732971191 0.07599999755620956
-35.15999984741211 23.454999923706055 -8.289999961853027
-40.37799835205078 15.73900032043457 -2.4089999198913574
-36.16999816894531 5.738999843597412 4.375999927520752
-29.329999923706055 -0.3869999945163727 5.2230000495910645
-30.79800033569336 -4.828000068664551 4.771999835968018
-33.71500015258789 -2.8299999237060547 3.377000093460083
-35.426998138427734 -6.164999961853027 -0.5529999732971191
-36.7400016784668 -7.571000099182129 -3.865000009536743
-36.5359992980957 -3.375999927520752 -8.876999855041504
-33.428001403808594 5.7870001792907715 -5.7870001792907715
-42.06399917602539 10.342000007629395 -9.83899974822998
-37.99300003051758 5.418000221252441 -11.687000274658203
-27.615999221801758 7.080999851226807 -9.798999786376953
-27.650999069213867 10.491000175476074 -8.16100025177002
-38.233001708984375 21.347000122070312 -13.923999786376953
-27.003000259399414 23.42799949645996 -25.045000076293945
-14.836000442504883 4.341000080108643 9.255000114440918
-5.580999851226807 4.683000087738037 1.190000057220459
-11.416000366210938 29.591999053955078 -9.498000144958496
-24.76300048828125 21.81800079345703 -10.64900016784668
-22.062000274658203 18.177000045776367 -6.914999961853027
-21.06599998474121 19.774999618530273 -1.6100000143051147
-12.388999938964844 15.255000114440918 9.314000129699707
-7.2220001220703125 22.474000930786133 5.372000217437744
-5.060999870300293 26.246999740600586 2.5869998931884766
-7.244999885559082 30.899999618530273 -1.4079999923706055
-23.55500030517578 29.069000244140625 2.377000093460083
-29.777999877929688 27.933000564575195 1.8890000581741333
-34.27399826049805 15.777000427246094 12.369999885559082
-34.047000885009766 12.20199966430664 11.104000091552734