38.95600128173828 -1.5180000066757202 158.65699768066406
34.35499954223633 2.996000051498413 158.77999877929688
19.299999237060547 27.92300033569336 143.27699279785156
16.801000595092773 22.07200050354004 144.23800659179688
31.889999389648438 3.828000068664551 153.5229949951172
27.999000549316406 2.492000102996826 149.718994140625
13.201000213623047 17.857999801635742 146.52699279785156
14.189000129699707 6.682000160217285 150.28900146484375
19.138999938964844 3.0840001106262207 148.12399291992188
18.927000045776367 -3.315999984741211 150.16000366210938
14.95199966430664 -1.3029999732971191 153.50399780273438
7.604000091552734 3.8469998836517334 158.65199279785156
28.82699966430664 37.959999084472656 147.9409942626953
25.476999282836914 26.08099937438965 145.01300048828125
38.17599868774414 3.244999885559082 164.3979949951172
34.31999969482422 8.305999755859375 167.52499389648438
30.083999633789062 27.743000030517578 144.802001953125
34.801998138427734 26.843000411987305 147.7570037841797
36.76300048828125 22.216999053955078 164.05599975585938
34.29499816894531 27.030000686645508 163.65199279785156
36.87699890136719 30.895000457763672 155.18600463867188
34.51499938964844 37.80799865722656 155.718994140625
25.722999572753906 27.73699951171875 170.34800720214844
24.732999801635742 25.301000595092773 167.63499450683594
24.948999404907227 -4.557000160217285 155.8179931640625
27.642000198364258 -6.797999858856201 157.32699584960938
32.14500045776367 -5.639999866485596 157.093994140625
35.54899978637695 -8.21399974822998 148.52499389648438
38.994998931884766 -8.718999862670898 146.9530029296875
39.72700119018555 -10.461999893188477 140.63999938964844
51.44300079345703 -1.8949999809265137 119.45700073242188
56.47800064086914 -3.121999979019165 121.88300323486328
35.78300094604492 -0.9129999876022339 149.12600708007812
46.8380012512207 0.13199999928474426 144.8280029296875
62.55400085449219 -6.994999885559082 138.24600219726562
61.71699905395508 -2.125999927520752 141.04800415039062
57.9109992980957 1.0889999866485596 137.1300048828125
52.595001220703125 3.3929998874664307 133.88499450683594
42.823001861572266 5.0370001792907715 135.13800048828125
35.57500076293945 3.684999942779541 138.8090057373047
31.072999954223633 -1.0410000085830688 138.1009979248047
34.78900146484375 -0.9919999837875366 141.74200439453125
58.077999114990234 -7.4629998207092285 123.05599975585938
57.01100158691406 -9.70300006866455 129.343994140625
57.12900161743164 -7.441999912261963 134.63699340820312
43.505001068115234 -4.4070000648498535 148.68499755859375
48.59299850463867 -10.222000122070312 144.74200439453125
52.37200164794922 -11.777000427246094 135.31100463867188
51.30799865722656 -12.116000175476074 131.697998046875