38.50400161743164 62.224998474121094 77.01000213623047
40.12200164794922 58.76100158691406 77.05799865722656
41.108001708984375 53.237998962402344 81.3550033569336
47.10200119018555 46.3129997253418 87.55899810791016
53.520999908447266 36.066001892089844 85.19400024414062
45.069000244140625 41.0890007019043 80.69200134277344
34.47600173950195 60.104000091552734 73.95600128173828
32.0620002746582 59.88999938964844 71.03299713134766
34.92399978637695 56.77799987792969 66.91200256347656
43.42499923706055 53.67900085449219 68.09400177001953
56.715999603271484 53.77899932861328 78.08699798583984
53.9109992980957 59.5369987487793 76.5260009765625
56.52899932861328 55.7239990234375 74.02799987792969
56.64400100708008 52.86199951171875 71.5260009765625
43.5260009765625 49.37699890136719 65.10900115966797
49.018001556396484 41.893001556396484 71.8280029296875
33.10300064086914 52.43000030517578 67.96499633789062
35.819000244140625 51.507999420166016 73.68399810791016
48.80500030517578 37.60200119018555 76.65499877929688
58.066001892089844 40.034000396728516 84.23899841308594
56.073001861572266 45.36800003051758 83.5989990234375
55.77299880981445 49.12699890136719 83.20899963378906
45.60499954223633 59.125999450683594 66.66100311279297
47.40299987792969 65.0790023803711 74.1729965209961
43.21099853515625 61.5359992980957 73.74700164794922
45.49100112915039 59.380001068115234 75.91300201416016
56.292999267578125 36.14699935913086 90.24199676513672
51.49100112915039 33.16299819946289 94.44000244140625
41.33100128173828 34.51900100708008 95.18399810791016
39.5880012512207 34.9630012512207 104.16799926757812
31.740999221801758 23.482999801635742 111.31199645996094
35.30400085449219 24.961000442504883 101.80899810791016
52.84700012207031 32.34600067138672 88.21700286865234
54.38600158691406 30.427000045776367 85.3499984741211
54.185001373291016 25.027000427246094 87.2699966430664
52.487998962402344 22.70599937438965 95.9000015258789
51.04100036621094 28.878000259399414 110.04399871826172
56.64400100708008 23.56800079345703 109.71800231933594
52.612998962402344 20.85300064086914 105.20500183105469
50.500999450683594 18.724000930786133 102.9010009765625
51.137001037597656 17.429000854492188 96.08899688720703
47.41400146484375 15.583000183105469 93.84600067138672
43.56800079345703 12.3149995803833 102.92500305175781
41.974998474121094 17.659000396728516 102.7699966430664
45.821998596191406 22.042999267578125 87.47799682617188
46.21200180053711 27.29400062561035 90.1510009765625
36.400001525878906 18.527000427246094 103.43900299072266
36.47800064086914 24.545000076293945 114.89299774169922
40.33100128173828 28.2189998626709 112.49400329589844
43.43000030517578 30.288999557495117 111.83399963378906
59.165000915527344 26.847999572753906 96.36000061035156
57.03200149536133 31.73900032043457 97.9540023803711
29.450000762939453 27.270999908447266 114.82499694824219
20.535999298095703 24.53700065612793 114.46800231933594