-8.234999656677246 20.006999969482422 9.380999565124512
-6.052000045776367 23.020000457763672 10.168000221252441
-2.5239999294281006 23.645999908447266 11.456000328063965
4.123000144958496 12.642000198364258 23.19499969482422
2.1480000019073486 20.888999938964844 22.26300048828125
15.501999855041504 29.042999267578125 -3.313999891281128
12.192999839782715 19.058000564575195 -1.7079999446868896
10.5649995803833 9.88599967956543 1.0850000381469727
6.123000144958496 13.15999984741211 -1.9509999752044678
3.937999963760376 29.507999420166016 -19.632999420166016
-1.3680000305175781 31.69700050354004 -22.201000213623047
-3.572000026702881 33.69599914550781 -24.5939998626709
-2.484999895095825 34.86399841308594 -18.35700035095215
1.1339999437332153 35.71699905395508 -17.548999786376953
4.013000011444092 31.863000869750977 -13.416999816894531
4.495999813079834 9.321999549865723 -3.509000062942505
2.9730000495910645 5.88100004196167 -4.061999797821045
-8.086000442504883 2.8529999256134033 -0.7760000228881836