-12.100000381469727 5.353000164031982 -38.957000732421875
-12.9350004196167 4.205999851226807 -33.18600082397461
1.0759999752044678 -9.13700008392334 -20.87299919128418
1.3660000562667847 -10.967000007629395 -27.79199981689453
-4.797999858856201 -10.479999542236328 -27.492000579833984
-14.956000328063965 -9.88700008392334 -27.871000289916992
-29.618000030517578 6.558000087738037 -24.268999099731445
-26.777000427246094 1.6260000467300415 -22.319000244140625
-9.90999984741211 -8.53600025177002 -32.130001068115234
-7.001999855041504 -4.8429999351501465 -33.2760009765625
-11.522000312805176 -1.656999945640564 -36.63399887084961
-22.43600082397461 11.25 -26.79199981689453
-14.663999557495117 -9.550000190734863 -22.513999938964844
-11.42300033569336 -10.26200008392334 -20.726999282836914
-6.2170000076293945 -19.715999603271484 -22.323999404907227
-12.291999816894531 -9.21399974822998 -13.57699966430664
-15.583999633789062 -9.876999855041504 -15.340999603271484
-12.569999694824219 -4.330999851226807 -18.77400016784668
-16.327999114990234 14.317000389099121 -29.922000885009766
-10.192999839782715 9.508000373840332 -33.98500061035156
-5.129000186920166 -11.784000396728516 -15.187000274658203
-4.6529998779296875 -6.123000144958496 -13.684000015258789
-7.572999954223633 15.21399974822998 -34.76599884033203
-8.62399959564209 13.859999656677246 -38.36199951171875