14.656999588012695 -13.538999557495117 32.534000396728516
13.059000015258789 -14.718000411987305 26.020000457763672
-6.89300012588501 -11.975000381469727 -0.5059999823570251
-5.870999813079834 -2.4700000286102295 1.878999948501587
-3.799999952316284 0.5299999713897705 3.2179999351501465
-2.177000045776367 -4.341000080108643 4.947000026702881
-0.023000000044703484 -5.7779998779296875 2.1670000553131104
1.6790000200271606 -10.76099967956543 2.4549999237060547
11.020999908447266 -10.614999771118164 23.375999450683594
9.723999977111816 -6.38700008392334 19.812999725341797
5.0970001220703125 -8.380999565124512 -0.8339999914169312
14.571999549865723 -5.543000221252441 6.323999881744385
13.645999908447266 -2.7739999294281006 12.208000183105469
19.94700050354004 -1.6150000095367432 14.901000022888184
25.299999237060547 -4.73799991607666 13.236000061035156
24.679000854492188 -9.567000389099121 3.996999979019165
-14.51200008392334 -24.104000091552734 2.441999912261963
-7.086999893188477 -13.888999938964844 5.795000076293945
14.861000061035156 -21.312999725341797 33.09000015258789
13.255000114440918 -25.472000122070312 29.503000259399414
-10.258000373840332 -15.970000267028809 8.713000297546387
-10.11400032043457 -19.027999877929688 13.45199966430664
5.1479997634887695 -31.29800033569336 19.09000015258789
0.9430000185966492 -34.90299987792969 14.911999702453613
-9.779999732971191 -27.715999603271484 13.72700023651123
-12.843999862670898 -31.45400047302246 8.196000099182129
6.4720001220703125 -38.40700149536133 7.129000186920166
6.892000198364258 -32.49100112915039 8.428000450134277
20.474000930786133 -7.293000221252441 21.444000244140625
21.542999267578125 -7.789999961853027 25.06100082397461
18.214000701904297 -6.796999931335449 29.062000274658203
14.213000297546387 1.7790000438690186 32.28200149536133
12.338000297546387 3.3459999561309814 35.14099884033203
8.050999641418457 8.118000030517578 34.922000885009766
-14.493000030517578 15.506999969482422 38.880001068115234
-11.251999855041504 9.720999717712402 39.55799865722656
10.866000175476074 -4.474999904632568 30.586999893188477
2.296999931335449 -3.7790000438690186 38.82099914550781
-3.940000057220459 4.605999946594238 53.78200149536133
-4.396999835968018 -0.6399999856948853 51.9900016784668
-7.6519999504089355 -1.715999960899353 46.93299865722656
-7.875999927520752 -4.609000205993652 44.3489990234375
-8.845999717712402 -0.7419999837875366 40.742000579833984
-5.372000217437744 -0.9660000205039978 31.117000579833984
1.121000051498413 -0.9950000047683716 25.663000106811523
5.711999893188477 3.421999931335449 23.0939998626709
6.017000198364258 0.6909999847412109 27.660999298095703
-13.312000274658203 7.435999870300293 44.893001556396484
-7.7789998054504395 12.62399959564209 48.393001556396484
-4.868000030517578 7.52400016784668 48.24300003051758
8.937000274658203 -2.6659998893737793 38.472999572753906
7.505000114440918 3.687000036239624 43.99700164794922
0.3709999918937683 11.064000129699707 45.354000091552734
-1.8669999837875366 13.463000297546387 43.4010009765625