6.859000205993652 22.969999313354492 3.678999900817871
0.2849999964237213 19.812000274658203 -2.2009999752044678
6.394999980926514 -0.8880000114440918 -15.208000183105469
13.482999801635742 -2.572000026702881 -11.505000114440918
13.98799991607666 -2.813999891281128 -7.754000186920166
14.569000244140625 3.0880000591278076 -5.156000137329102
17.166000366210938 0.08799999952316284 -0.289000004529953
11.0600004196167 4.421000003814697 7.764999866485596
10.043999671936035 1.2690000534057617 9.640000343322754
11.092000007629395 -9.668000221252441 -5.0370001792907715
12.954000473022461 -12.329000473022461 -6.985000133514404
9.427000045776367 -11.553000450134277 -1.6160000562667847
13.119000434875488 -11.23799991607666 -0.6740000247955322
18.677000045776367 -4.670000076293945 -8.690999984741211
17.89900016784668 -6.627999782562256 -11.803000450134277
22.740999221801758 -6.953999996185303 -13.42199993133545
15.946000099182129 -8.107999801635742 -7.224999904632568
9.557000160217285 -4.956999778747559 -8.29800033569336
-6.314000129699707 -2.0250000953674316 -7.323999881744385
-10.920999526977539 0.03799999877810478 -3.5199999809265137
-11.130000114440918 5.156000137329102 -5.289000034332275
14.180999755859375 13.973999977111816 -7.578000068664551
14.21399974822998 10.706000328063965 -1.2580000162124634
10.199999809265137 7.623000144958496 0.13899999856948853
1.4539999961853027 8.654000282287598 0.34700000286102295
-8.73900032043457 16.458999633789062 -13.251999855041504
-9.1899995803833 9.574999809265137 -6.4670000076293945
15.444000244140625 10.873000144958496 -12.487000465393066
4.866000175476074 14.154999732971191 -11.734000205993652
0.9350000023841858 -0.44200000166893005 -13.781999588012695
14.57800006866455 -4.638999938964844 -16.111000061035156
12.416000366210938 -11.699000358581543 -21.177000045776367
5.400000095367432 0.20499999821186066 -26.64299964904785
8.461999893188477 1.1720000505447388 -24.589000701904297
2.9149999618530273 0.02800000086426735 -23.01799964904785
0.20600000023841858 -2.2980000972747803 -24.297000885009766
-6.813000202178955 -5.349999904632568 -22.049999237060547
1.6779999732971191 -11.494999885559082 -19.288000106811523
0.5049999952316284 -14.192999839782715 -14.616000175476074
-10.986000061035156 -1.4600000381469727 -15.940999984741211
-3.6679999828338623 15.475000381469727 -14.590999603271484
-1.128000020980835 9.119999885559082 5.909999847412109
-2.813999891281128 0.2770000100135803 6.0879998207092285
6.085000038146973 -3.055000066757202 4.125999927520752
7.453000068664551 6.552999973297119 7.324999809265137
8.302000045776367 7.507999897003174 10.880000114440918
3.365999937057495 9.321999549865723 8.76200008392334
-0.44699999690055847 13.560999870300293 7.598999977111816
-13.788000106811523 11.01099967956543 -0.5709999799728394