-1.2400000095367432 2.63100004196167 -20.76799964904785
-0.11999999731779099 0.41600000858306885 -23.673999786376953
12.170999526977539 1.9490000009536743 -34.09000015258789
13.02400016784668 12.612000465393066 -33.608001708984375
-5.229000091552734 6.900000095367432 -30.108999252319336
-3.447000026702881 1.1019999980926514 -33.20399856567383
-0.4729999899864197 1.7610000371932983 -39.7599983215332
4.4629998207092285 7.02400016784668 -43.90599822998047
7.065999984741211 8.480999946594238 -41.534000396728516
11.717000007629395 9.664999961853027 -36.935001373291016
-5.585000038146973 1.7610000371932983 -23.736000061035156
8.824000358581543 15.345000267028809 -30.559999465942383
-10.312000274658203 12.121000289916992 -30.038000106811523
-6.283999919891357 11.074000358581543 -26.856000900268555
2.9739999771118164 15.402999877929688 -21.86199951171875
4.50600004196167 20.641000747680664 -32.32500076293945
-11.144000053405762 15.54800033569336 -33.88100051879883
-17.108999252319336 15.329000473022461 -21.761999130249023
-18.808000564575195 18.663000106811523 -22.336999893188477
-18.996000289916992 14.734000205993652 -26.253000259399414
-22.183000564575195 15.692999839782715 -24.381999969482422
-22.422000885009766 14.25 -20.858999252319336
-24.97599983215332 0.5180000066757202 -22.430999755859375
-20.10099983215332 -5.880000114440918 -28.214000701904297
-19.97800064086914 7.495999813079834 -40.71200180053711
-21.08300018310547 1.8170000314712524 -44.44599914550781
-13.583000183105469 -3.4600000381469727 -39.44900131225586
-14.086000442504883 -6.026000022888184 -25.31999969482422
-10.138999938964844 16.489999771118164 -13.9350004196167
-3.007999897003174 22.993000030517578 -34.93600082397461
-17.006000518798828 18.274999618530273 -41.310001373291016
-17.586000442504883 20.216999053955078 -35.61000061035156
-11.045000076293945 28.913999557495117 -32.361000061035156
-4.860000133514404 27.04800033569336 -36.236000061035156
-14.437999725341797 16.867000579833984 -45.231998443603516
-6.802000045776367 9.081000328063965 -41.22800064086914
-3.697000026702881 10.869000434875488 -45.084999084472656
2.0889999866485596 10.815999984741211 -44.558998107910156
2.4560000896453857 11.675999641418457 -40.87099838256836
1.4780000448226929 19.038999557495117 -38.805999755859375
2.884999990463257 20.684999465942383 -41.96699905395508