11.194999694824219 -44.06100082397461 -42.358001708984375
4.14300012588501 -26.17099952697754 -47.11800003051758
-13.54800033569336 -29.774999618530273 -40.17100143432617
-12.564000129699707 -26.065000534057617 -45.00600051879883
10.387999534606934 -25.275999069213867 -39.22600173950195
5.50600004196167 -25.062000274658203 -36.46500015258789
-6.747000217437744 -17.46299934387207 -34.40399932861328
-9.984000205993652 -20.613000869750977 -31.976999282836914
-5.474999904632568 -30.0 -34.7400016784668
-3.072999954223633 -38.01300048828125 -39.26100158691406
-0.05299999937415123 -36.86899948120117 -34.810001373291016
-1.246000051498413 -28.634000778198242 -29.767000198364258
-1.309999942779541 -24.827999114990234 -29.523000717163086
-6.761000156402588 -12.89900016784668 -30.18899917602539
-2.6440000534057617 -15.432000160217285 -34.893001556396484
4.111999988555908 -27.2189998626709 -31.952999114990234
3.3980000019073486 -9.404999732971191 -53.178001403808594
-6.007999897003174 -21.759000778198242 -51.016998291015625
-3.0940001010894775 -20.39299964904785 -56.77000045776367
0.4569999873638153 -4.248000144958496 -54.83000183105469
-2.5989999771118164 -0.9919999837875366 -49.891998291015625
-3.8959999084472656 5.046000003814697 -34.512001037597656
0.8169999718666077 2.75 -37.10599899291992
-7.442999839782715 -5.9120001792907715 -51.89799880981445
-13.890000343322754 -17.059999465942383 -45.380001068115234
-8.163000106811523 -17.297000885009766 -43.939998626708984
-3.4230000972747803 -18.27199935913086 -46.683998107910156
7.578000068664551 -11.59000015258789 -51.03200149536133
5.8460001945495605 -15.515999794006348 -45.94200134277344
-7.935999870300293 -13.307999610900879 -43.698001861572266
-9.663000106811523 -7.236999988555908 -42.60499954223633
-15.758000373840332 -1.7829999923706055 -47.801998138427734
-13.017999649047852 -7.39900016784668 -48.97999954223633
-1.0089999437332153 -8.569999694824219 -44.08599853515625
-1.0099999904632568 -10.017999649047852 -40.5629997253418
2.4660000801086426 -10.979000091552734 -39.35300064086914
9.73799991607666 -14.232000350952148 -34.02000045776367