-2.8320000171661377 4.550000190734863 -7.928999900817871
2.4110000133514404 -3.5810000896453857 -6.72599983215332
21.972999572753906 -5.288000106811523 -5.085000038146973
22.22800064086914 10.189000129699707 0.23100000619888306
13.932999610900879 5.019000053405762 -0.3269999921321869
8.39799976348877 -6.366000175476074 -1.9950000047683716
20.405000686645508 -9.739999771118164 -6.223999977111816
23.46299934387207 -8.258999824523926 8.027000427246094
9.48799991607666 -3.255000114440918 3.2639999389648438
8.861000061035156 -8.744999885559082 2.4049999713897705
19.79800033569336 -14.449000358581543 -3.3480000495910645
18.16200065612793 -18.422000885009766 -6.980999946594238
0.6179999709129333 -10.043000221252441 -9.767000198364258
4.238999843597412 -12.001999855041504 -13.371000289916992
23.016000747680664 -12.883000373840332 -8.506999969482422
22.406999588012695 -13.45199966430664 -23.3439998626709
9.892000198364258 -20.538000106811523 -16.437000274658203
11.050000190734863 -11.402999877929688 -15.996999740600586
23.280000686645508 -8.637999534606934 -11.003000259399414
21.88599967956543 -1.6640000343322754 -15.137999534606934
12.071999549865723 -13.026000022888184 -27.19300079345703
10.557999610900879 -11.857000350952148 -22.0049991607666
23.235000610351562 -2.372999906539917 -11.229999542236328
21.577999114990234 2.549999952316284 -9.680000305175781
-2.506999969482422 -6.0879998207092285 -14.680000305175781
2.0439999103546143 -4.511000156402588 -17.549999237060547
27.44300079345703 12.87600040435791 -9.753000259399414
21.902999877929688 14.373000144958496 -9.564000129699707
3.2230000495910645 -9.845999717712402 -21.156999588012695
2.4570000171661377 -11.333999633789062 -24.604000091552734