43.37900161743164 22.000999450683594 57.03799819946289
44.4109992980957 19.89900016784668 47.53200149536133
42.49700164794922 21.31999969482422 35.1150016784668
39.06100082397461 17.863000869750977 32.49599838256836
44.35599899291992 10.86400032043457 22.43000030517578
48.845001220703125 12.065999984741211 30.22800064086914
48.255001068115234 24.523000717163086 50.06700134277344
49.88100051879883 11.947999954223633 48.816001892089844
35.07600021362305 4.86899995803833 37.150001525878906
40.518001556396484 2.5439999103546143 43.4119987487793
53.07899856567383 8.079000473022461 49.04600143432617
54.832000732421875 3.8340001106262207 45.465999603271484
50.02899932861328 -0.8169999718666077 44.36000061035156
50.57899856567383 4.335000038146973 36.17100143432617
56.40700149536133 19.301000595092773 48.78499984741211
53.685001373291016 20.038000106811523 43.49700164794922
51.84700012207031 6.0279998779296875 29.91200065612793
39.902000427246094 3.197000026702881 27.007999420166016
38.32600021362305 6.757999897003174 31.224000930786133
37.483001708984375 7.860000133514404 34.76100158691406
47.641998291015625 12.788000106811523 54.819000244140625
41.792999267578125 15.727999687194824 52.60499954223633
41.20199966430664 17.072999954223633 45.7239990234375
40.18299865722656 15.664999961853027 37.20399856567383
39.51900100708008 11.562000274658203 22.051000595092773
30.73699951171875 9.89900016784668 15.180000305175781
27.268999099731445 11.14900016784668 14.291000366210938
22.07200050354004 7.164999961853027 15.579000473022461
5.914000034332275 7.090000152587891 21.05699920654297
-0.45399999618530273 2.5490000247955322 25.554000854492188
-4.120999813079834 5.133999824523926 30.29599952697754
0.22599999606609344 11.640000343322754 30.5310001373291
31.999000549316406 14.777999877929688 20.5
24.57900047302246 17.698999404907227 20.48900032043457
2.9230000972747803 19.42300033569336 13.848999977111816
5.943999767303467 23.774999618530273 15.585000038146973
8.444999694824219 22.976999282836914 21.358999252319336
11.343999862670898 18.547000885009766 27.579999923706055
25.738000869750977 9.526000022888184 29.716999053955078
28.31100082397461 9.555999755859375 24.530000686645508
-2.7760000228881836 12.75 27.054000854492188
-4.2210001945495605 13.395999908447266 21.08300018310547
3.24399995803833 14.565999984741211 13.776000022888184
29.226999282836914 17.979000091552734 14.343999862670898
18.464000701904297 14.482999801635742 11.12600040435791
0.21199999749660492 9.39799976348877 16.12700080871582
-0.7979999780654907 5.513000011444092 12.107000350952148