29.615999221801758 26.548999786376953 57.255001068115234
25.069000244140625 31.201000213623047 62.0359992980957
15.423999786376953 22.437999725341797 51.999000549316406
0.7279999852180481 21.49799919128418 47.007999420166016
8.751999855041504 26.187999725341797 49.19900131225586
9.597999572753906 29.929000854492188 49.266998291015625
11.255000114440918 32.71500015258789 42.91299819946289
14.920999526977539 33.35200119018555 42.14699935913086
23.46500015258789 36.70600128173828 61.88199996948242
20.281999588012695 32.435001373291016 69.64900207519531
5.795000076293945 30.531999588012695 64.15399932861328
3.9619998931884766 38.36399841308594 52.32899856567383
11.027999877929688 37.26300048828125 50.86800003051758
8.472000122070312 43.12200164794922 51.167999267578125
12.979999542236328 48.119998931884766 58.38600158691406
-0.3720000088214874 41.9370002746582 58.94200134277344
15.447999954223633 48.23099899291992 70.45999908447266
16.2549991607666 44.84199905395508 64.24500274658203
16.625 35.7400016784668 68.56199645996094
8.678000450134277 27.44099998474121 62.268001556396484
3.8399999141693115 26.0310001373291 53.36899948120117
-10.548999786376953 26.267000198364258 44.55099868774414
-5.889999866485596 30.20400047302246 46.55799865722656
-2.861999988555908 25.97599983215332 55.15399932861328
-5.211999893188477 15.22599983215332 60.97200012207031
21.952999114990234 22.402999877929688 65.23699951171875
20.274999618530273 27.533000946044922 69.95899963378906
19.99799919128418 28.28499984741211 73.67400360107422
13.121999740600586 28.604999542236328 76.4219970703125
0.16099999845027924 30.777999877929688 68.49199676513672
-3.1059999465942383 24.375999450683594 67.8740005493164
12.598999977111816 17.159000396728516 75.42400360107422
10.312999725341797 25.118000030517578 78.67500305175781
-0.5360000133514404 35.07600021362305 70.87100219726562
0.8600000143051147 38.15999984741211 65.42500305175781
-6.8470001220703125 42.33399963378906 69.22899627685547
-6.014999866485596 45.16600036621094 66.84300231933594
16.63800048828125 35.27199935913086 85.06099700927734