-11.244999885559082 -12.229999542236328 4.901000022888184
-14.319999694824219 -13.928000450134277 21.924999237060547
-15.04699993133545 -11.961000442504883 25.076000213623047
-14.713000297546387 -8.246000289916992 25.503999710083008
-6.1479997634887695 -7.5329999923706055 27.98699951171875
-3.4809999465942383 -0.004000000189989805 23.145000457763672
17.22100067138672 -2.4579999446868896 11.015000343322754
12.75 -0.5979999899864197 10.631999969482422
3.940000057220459 8.085000038146973 24.534000396728516
9.229000091552734 6.184000015258789 24.791000366210938
8.109999656677246 -4.578999996185303 8.940999984741211
11.675000190734863 6.78000020980835 6.755000114440918
8.609999656677246 10.819000244140625 11.263999938964844
0.5389999747276306 9.449999809265137 15.02400016784668
1.9859999418258667 -1.031999945640564 24.95599937438965
3.5880000591278076 -6.629000186920166 24.722000122070312
6.375 -8.814000129699707 26.052000045776367
11.194999694824219 -9.857999801635742 21.726999282836914
18.073999404907227 -10.267000198364258 14.904999732971191
17.37700080871582 -5.638000011444092 18.277999877929688
9.24899959564209 -3.4489998817443848 22.881000518798828
4.10699987411499 -3.365999937057495 17.841999053955078
-1.1360000371932983 -1.649999976158142 14.223999977111816
-1.6579999923706055 -1.5119999647140503 10.458999633789062
-5.173999786376953 -5.921000003814697 2.0350000858306885
-0.46700000762939453 -1.3250000476837158 4.203999996185303
-8.531999588012695 10.987000465393066 13.390999794006348
-5.679999828338623 4.918000221252441 25.72800064086914
-10.880999565124512 1.6640000343322754 23.96299934387207