1.5859999656677246 -38.987998962402344 6.988999843597412
-2.444999933242798 -42.77000045776367 11.513999938964844
-6.639999866485596 -63.66999816894531 16.964000701904297
-9.312000274658203 -59.40700149536133 9.722999572753906
-24.13599967956543 -22.496999740600586 29.007999420166016
-29.059999465942383 -18.76099967956543 24.341999053955078
-25.86400032043457 -41.18299865722656 11.809000015258789
-30.378000259399414 -46.11899948120117 15.98900032043457
-34.974998474121094 -23.746000289916992 27.73900032043457
-39.555999755859375 -20.033000946044922 23.235000610351562
-37.319000244140625 -42.15700149536133 9.991999626159668
-40.58399963378906 -47.39699935913086 14.404999732971191
-46.10599899291992 -25.913999557495117 27.68600082397461
-51.736000061035156 -22.849000930786133 23.742000579833984
-48.22800064086914 -43.74700164794922 9.02400016784668
-48.7400016784668 -48.61000061035156 11.244000434875488
-51.854000091552734 -48.941001892089844 13.394000053405762
-54.06999969482422 -28.75200080871582 29.062000274658203
-61.15999984741211 -25.18000030517578 27.39900016784668
-61.62699890136719 -42.87799835205078 12.368000030517578