-0.9409999847412109 18.385000228881836 -9.82800006866455
-3.321000099182129 19.766000747680664 -7.218999862670898
-9.937000274658203 21.238000869750977 -6.0279998779296875
-12.40999984741211 19.45400047302246 -3.749000072479248
-15.814000129699707 8.11400032043457 -12.083000183105469
-9.491000175476074 6.4770002365112305 -5.367000102996826
-2.4130001068115234 9.4399995803833 4.2769999504089355
-5.85699987411499 6.1579999923706055 12.109000205993652
-12.77299976348877 13.256999969482422 11.246999740600586
-13.984999656677246 12.12600040435791 4.172999858856201
-9.630999565124512 4.9670000076293945 1.9359999895095825
-3.494999885559082 4.322000026702881 4.118000030517578
2.061000108718872 7.431000232696533 4.6539998054504395
3.5309998989105225 0.11400000005960464 -0.9430000185966492
-3.7290000915527344 -3.630000114440918 -5.172999858856201
-4.895999908447266 1.0399999618530273 -7.255000114440918
-6.74399995803833 7.90500020980835 -11.055999755859375
-4.841000080108643 17.540000915527344 6.797999858856201
1.503000020980835 20.0939998626709 3.806999921798706
6.150000095367432 14.126999855041504 0.023000000044703484
5.125 14.680000305175781 -3.5840001106262207
0.9629999995231628 5.377999782562256 -6.953000068664551
-2.687000036239624 9.635000228881836 -12.937000274658203
-5.708000183105469 21.1560001373291 -2.496000051498413
-6.415999889373779 18.600000381469727 2.3459999561309814
-15.741999626159668 23.889999389648438 0.09300000220537186
-17.757999420166016 12.218999862670898 9.116000175476074
-16.663000106811523 10.878000259399414 15.604999542236328