-2.4049999713897705 -17.927000045776367 -30.65999984741211
-7.4039998054504395 -14.345999717712402 -29.724000930786133
-14.680000305175781 -13.980999946594238 -30.698999404907227
-15.812999725341797 -10.78499984741211 -35.54600143432617
-13.63599967956543 -5.0329999923706055 -42.551998138427734
-9.890999794006348 -2.760999917984009 -39.257999420166016
-18.759000778198242 -7.829999923706055 -27.200000762939453
-13.786999702453613 -4.093999862670898 -25.29599952697754
-6.10099983215332 -10.574000358581543 -24.861000061035156
-3.8529999256134033 0.47600001096725464 -26.523000717163086
-14.116999626159668 10.119999885559082 -22.54199981689453
-20.645999908447266 3.825000047683716 -20.381000518798828
-9.26099967956543 -0.5059999823570251 -12.588000297546387
-7.204999923706055 3.867000102996826 -10.432999610900879
-6.539000034332275 21.229999542236328 -17.673999786376953
-7.021999835968018 12.638999938964844 -26.868999481201172
-2.990000009536743 1.1160000562667847 -18.861000061035156
-1.9850000143051147 2.250999927520752 -22.277999877929688
-13.064000129699707 12.944999694824219 -26.594999313354492
-24.26799964904785 15.513999938964844 -30.858999252319336
-24.499000549316406 20.006999969482422 -31.28499984741211
-19.319000244140625 15.364999771118164 -35.87699890136719
-2.805999994277954 5.741000175476074 -35.74599838256836
-2.635999917984009 -2.0429999828338623 -32.16600036621094
-15.435999870300293 1.4229999780654907 -29.163999557495117
-22.878000259399414 3.928999900817871 -35.215999603271484
-7.480999946594238 3.9679999351501465 -39.959999084472656
-4.392000198364258 -2.3329999446868896 -36.680999755859375
-21.344999313354492 -4.396999835968018 -27.29199981689453
-25.533000946044922 -7.585999965667725 -31.26799964904785
-24.64900016784668 -7.578000068664551 -42.80400085449219
-24.375999450683594 -6.047999858856201 -46.29499816894531