-4.77400016784668 45.65399932861328 -42.590999603271484
3.5980000495910645 37.430999755859375 -37.979000091552734
2.86899995803833 33.737998962402344 -37.672000885009766
17.788000106811523 33.972999572753906 -33.79100036621094
-12.812000274658203 28.384000778198242 -1.0720000267028809
-11.472000122070312 30.363000869750977 4.1539998054504395
12.902000427246094 39.095001220703125 -28.45400047302246
-7.554999828338623 28.731000900268555 -24.993000030517578
0.7820000052452087 24.329999923706055 -20.054000854492188
-15.428000450134277 22.312999725341797 -6.375999927520752
-12.899999618530273 20.357999801635742 -4.335000038146973
-9.645000457763672 23.41900062561035 0.5619999766349792
24.231000900268555 33.797000885009766 -23.482999801635742
21.715999603271484 36.941001892089844 -19.29599952697754
1.1959999799728394 20.888999938964844 7.4710001945495605
-4.458000183105469 25.30299949645996 17.202999114990234
-9.359999656677246 20.32699966430664 22.000999450683594
-10.357999801635742 18.160999298095703 19.00200080871582
-9.769000053405762 14.461999893188477 18.381000518798828
-6.590000152587891 11.208999633789062 13.397000312805176