57.22200012207031 30.714000701904297 36.28799819946289
60.90999984741211 34.27799987792969 31.617000579833984
63.917999267578125 41.185001373291016 3.621000051498413
67.70999908447266 42.7859992980957 12.357000350952148
56.20600128173828 29.91200065612793 31.95599937438965
48.375999450683594 36.590999603271484 31.823999404907227
45.426998138427734 38.34400177001953 36.16699981689453
45.60599899291992 44.7869987487793 37.284000396728516
68.68599700927734 46.827999114990234 31.45599937438965
68.08999633789062 49.72800064086914 26.510000228881836
71.48699951171875 49.55500030517578 16.93400001525879
62.5099983215332 48.388999938964844 18.336999893188477
49.35599899291992 44.2869987487793 25.815000534057617
43.097999572753906 45.97200012207031 27.780000686645508
50.28900146484375 54.0989990234375 36.224998474121094
53.06100082397461 56.62200164794922 36.77000045776367
62.09600067138672 53.90299987792969 26.138999938964844
59.37900161743164 49.948001861572266 23.033000946044922
45.323001861572266 42.0359992980957 18.660999298095703
42.16299819946289 42.749000549316406 16.68899917602539
38.840999603271484 46.39099884033203 20.4060001373291
38.6150016784668 55.0369987487793 22.415000915527344
50.8849983215332 58.41400146484375 24.065000534057617
51.41600036621094 51.05799865722656 18.253999710083008
43.12799835205078 40.16999816894531 8.994999885559082
36.84700012207031 46.28300094604492 11.479999542236328
39.73099899291992 47.983001708984375 9.694000244140625
38.8129997253418 51.32600021362305 11.324000358581543
42.49300003051758 56.01599884033203 10.640000343322754
53.36399841308594 48.64400100708008 12.142999649047852
47.20500183105469 37.13199996948242 10.951000213623047
48.83599853515625 33.82699966430664 10.020000457763672
49.047000885009766 32.1619987487793 -3.2920000553131104
48.45000076293945 39.47200012207031 -2.8499999046325684
50.41899871826172 51.395999908447266 7.480000019073486
53.95600128173828 45.09000015258789 7.388999938964844
55.117000579833984 36.0890007019043 11.02299976348877
60.69200134277344 35.564998626708984 0.9909999966621399
56.45500183105469 45.0620002746582 -0.503000020980835
59.965999603271484 42.14500045776367 7.506999969482422
59.47700119018555 36.6150016784668 11.91100025177002
66.97599792480469 34.08599853515625 22.291000366210938
65.97200012207031 38.547000885009766 26.62299919128418
71.39099884033203 38.17100143432617 18.159000396728516
72.39199829101562 41.992000579833984 13.322999954223633