25.086999893188477 -7.23199987411499 47.58100128173828
22.801000595092773 -4.4670000076293945 46.34600067138672
19.09600067138672 -4.318999767303467 47.06399917602539
22.273000717163086 1.8619999885559082 42.077999114990234
36.26300048828125 -4.198999881744385 38.012001037597656
32.624000549316406 -2.5789999961853027 34.1609992980957
10.588000297546387 -0.16699999570846558 41.65299987792969
13.194000244140625 -8.968999862670898 47.29999923706055
31.652999877929688 -10.432000160217285 41.07099914550781
30.233999252319336 -10.928999900817871 36.61800003051758
7.833000183105469 -11.809000015258789 44.03799819946289
9.928000450134277 -4.561999797821045 38.0880012512207
28.43400001525879 3.680999994277954 29.951000213623047
30.398000717163086 -6.7789998054504395 20.459999084472656
18.364999771118164 12.746000289916992 21.844999313354492
15.232999801635742 5.235000133514404 23.06599998474121
10.491000175476074 -16.60300064086914 30.56999969482422
6.875 -7.080999851226807 13.062999725341797
26.034000396728516 -14.378000259399414 15.640999794006348
20.79599952697754 -16.631999969482422 15.267000198364258
10.272000312805176 5.248000144958496 33.99700164794922
8.767000198364258 9.82699966430664 29.875
13.569999694824219 -16.677000045776367 17.29400062561035
27.23200035095215 -16.374000549316406 23.134000778198242
25.28499984741211 -5.056000232696533 18.76300048828125
14.112000465393066 0.0949999988079071 8.883999824523926
23.645000457763672 9.182999610900879 21.525999069213867
32.97100067138672 -9.147000312805176 28.281999588012695