-9.072999954223633 22.070999145507812 -10.678999900817871
-6.2270002365112305 15.456000328063965 -11.277999877929688
-7.244999885559082 9.034000396728516 -13.392999649047852
3.872999906539917 4.8470001220703125 -12.208999633789062
-5.171000003814697 3.8540000915527344 -15.02400016784668
-10.881999969482422 0.16099999845027924 -0.8930000066757202
-15.178999900817871 13.307000160217285 -7.169000148773193
-14.329000473022461 17.097999572753906 -12.734999656677246
-13.229000091552734 10.88700008392334 -12.006999969482422
-6.800000190734863 15.744000434875488 -5.048999786376953
-3.2249999046325684 15.868000030517578 -3.753000020980835
5.861000061035156 -4.502999782562256 0.9070000052452087
-5.2729997634887695 -5.541999816894531 0.0729999989271164
-4.021999835968018 -2.0869998931884766 4.295000076293945
-5.941999912261963 7.639999866485596 7.1020002365112305