2.740000009536743 11.67199993133545 22.363000869750977
2.864000082015991 17.014999389648438 18.775999069213867
9.71500015258789 30.426000595092773 6.631999969482422
7.800000190734863 27.9950008392334 0.017000000923871994
4.433000087738037 13.619000434875488 7.0320000648498535
3.7990000247955322 15.026000022888184 14.442000389099121
5.65500020980835 33.141998291015625 5.548999786376953
5.388999938964844 36.91600036621094 11.232000350952148
-4.131999969482422 26.724000930786133 16.461000442504883
6.165999889373779 23.8799991607666 18.9060001373291
14.526000022888184 34.32699966430664 11.923999786376953
15.050000190734863 37.731998443603516 14.711999893188477
3.007999897003174 32.608001708984375 24.148000717163086
8.458999633789062 25.725000381469727 22.37700080871582
21.08099937438965 29.40999984741211 7.5879998207092285
28.746000289916992 31.56599998474121 16.89699935913086
20.197999954223633 33.138999938964844 25.84600067138672
16.145000457763672 24.017000198364258 19.531999588012695
17.729000091552734 24.92099952697754 7.814000129699707
11.89900016784668 14.175999641418457 26.167999267578125
18.673999786376953 20.163999557495117 20.354999542236328
21.542999267578125 22.23900032043457 18.993000030517578
26.917999267578125 19.790000915527344 15.967000007629395