-25.700000762939453 28.079999923706055 -9.972999572753906
-24.961999893188477 22.25200080871582 -11.557000160217285
-30.85099983215332 12.255000114440918 -18.309999465942383
-33.14899826049805 3.635999917984009 -18.232999801635742
-31.41900062561035 -5.815000057220459 -21.87700080871582
-27.073999404907227 2.628999948501587 -22.94499969482422
-23.832000732421875 27.934999465942383 -14.392000198364258
-18.351999282836914 23.516000747680664 -19.530000686645508
-13.111000061035156 21.506000518798828 -15.975000381469727
-15.522000312805176 15.631999969482422 -15.949000358581543
-24.363000869750977 -0.3799999952316284 -7.584000110626221
-18.349000930786133 4.203999996185303 -5.630000114440918
-11.581999778747559 16.78700065612793 -20.996999740600586
-10.456000328063965 10.708999633789062 -22.400999069213867
-10.402999877929688 2.8239998817443848 -16.268999099731445
-8.73799991607666 -0.18400000035762787 -17.833999633789062
-11.494999885559082 0.09000000357627869 -21.72800064086914
-17.356000900268555 2.3589999675750732 -21.83799934387207
-19.566999435424805 21.604000091552734 -26.523000717163086
-22.618000030517578 21.93899917602539 -22.79199981689453
-23.236000061035156 18.19300079345703 -22.6200008392334
-21.920000076293945 -1.0989999771118164 -24.030000686645508
-26.615999221801758 -7.2129998207092285 -14.859000205993652
-27.009000778198242 -2.055000066757202 -12.902000427246094
-26.604999542236328 0.9919999837875366 -10.708000183105469
-12.0600004196167 21.33300018310547 -9.50100040435791
-6.644000053405762 22.989999771118164 -10.090999603271484
-4.934000015258789 17.749000549316406 -12.515999794006348
-15.197999954223633 16.165000915527344 -7.51200008392334
-25.117000579833984 15.319999694824219 -11.282999992370605
-29.007999420166016 8.23799991607666 -13.668999671936035
-32.27299880981445 -7.125 -17.08099937438965
-44.78799819946289 -5.826000213623047 -14.88700008392334
-47.007999420166016 -4.111000061035156 -12.343000411987305
-49.301998138427734 -8.079999923706055 -7.290999889373779
-53.834999084472656 -8.57800006866455 7.6570000648498535
-50.979000091552734 -1.3960000276565552 18.892000198364258
-38.52000045776367 -2.174999952316284 -12.994000434875488
-44.994998931884766 4.434999942779541 -4.999000072479248
-55.52000045776367 6.004000186920166 2.5209999084472656
-54.20500183105469 10.583000183105469 4.749000072479248
-52.202999114990234 8.020000457763672 6.749000072479248
-48.446998596191406 8.63700008392334 7.004000186920166
-45.67399978637695 3.7290000915527344 8.050000190734863
-39.25400161743164 -1.159999966621399 3.068000078201294
-35.292999267578125 -6.353000164031982 -2.7839999198913574
-35.762001037597656 -11.515000343322754 -5.864999771118164
-38.63100051879883 -6.730999946594238 -7.247000217437744
-55.99700164794922 -1.7899999618530273 17.91699981689453
-59.50299835205078 -2.0929999351501465 13.597999572753906
-62.83599853515625 -2.3480000495910645 11.805000305175781
-61.00899887084961 2.86899995803833 10.4399995803833
-60.617000579833984 1.5800000429153442 6.881999969482422
-56.2239990234375 0.9269999861717224 2.005000114440918
-45.62200164794922 4.13700008392334 -13.656999588012695
-50.89699935913086 0.546999990940094 -13.085000038146973
-56.55699920654297 -4.48199987411499 4.2829999923706055
-59.3380012512207 -11.937999725341797 8.180999755859375