-8.130000114440918 10.17199993133545 -2.759000062942505
-8.597999572753906 9.133000373840332 -6.468999862670898
-1.7000000476837158 -3.693000078201294 -18.81399917602539
-8.196999549865723 2.071000099182129 -16.639999389648438
-10.807000160217285 5.5970001220703125 -1.531999945640564
-5.64900016784668 0.02500000037252903 3.619999885559082
-4.271999835968018 -0.24799999594688416 0.15000000596046448
-12.326000213623047 -9.236000061035156 -13.319000244140625
-0.1850000023841858 -2.990000009536743 -8.142000198364258
4.513999938964844 1.7769999504089355 -10.451000213623047
5.64900016784668 -3.5420000553131104 -6.646999835968018
3.6540000438690186 -1.5089999437332153 -4.145999908447266
-2.799999952316284 3.236999988555908 3.9119999408721924
-4.054999828338623 4.480000019073486 0.5590000152587891
1.1430000066757202 9.208000183105469 -6.706999778747559
-1.4739999771118164 6.678999900817871 -11.430000305175781
-0.8569999933242798 -6.881999969482422 -13.255999565124512