-13.70199966430664 23.44099998474121 24.773000717163086
-7.048999786376953 19.888999938964844 27.481000900268555
3.555999994277954 14.911999702453613 34.400001525878906
10.00100040435791 16.64900016784668 34.53499984741211
18.64900016784668 8.942999839782715 30.240999221801758
7.831999778747559 9.67199993133545 33.07699966430664
-13.12600040435791 19.0310001373291 30.014999389648438
-14.180999755859375 13.312999725341797 25.089000701904297
-12.529000282287598 12.236000061035156 19.812999725341797
-9.303999900817871 10.692999839782715 18.6299991607666
12.020999908447266 20.322999954223633 20.663000106811523
6.057000160217285 16.58099937438965 15.508999824523926
-8.734999656677246 6.116000175476074 18.486000061035156
-2.937000036239624 3.1449999809265137 18.667999267578125
6.142000198364258 7.670000076293945 15.631999969482422
8.845000267028809 5.203000068664551 14.65999984741211
7.73199987411499 2.6089999675750732 19.320999145507812
6.113999843597412 4.9730000495910645 24.785999298095703
-13.093999862670898 7.559000015258789 28.652000427246094
-8.001999855041504 11.345999717712402 30.538000106811523
9.984999656677246 4.571000099182129 29.32900047302246
18.097000122070312 12.822999954223633 25.298999786376953
13.579999923706055 16.347000122070312 25.28700065612793
10.736000061035156 18.652000427246094 24.236000061035156
-12.5649995803833 14.147000312805176 15.053999900817871
-1.5019999742507935 18.225000381469727 13.423999786376953
-6.810999870300293 18.094999313354492 15.42300033569336
-8.038000106811523 21.30900001525879 20.385000228881836
-3.321000099182129 21.906999588012695 25.590999603271484
4.170000076293945 19.9689998626709 29.82900047302246
22.947999954223633 12.196999549865723 29.476999282836914