1.9149999618530273 29.608999252319336 -8.255999565124512
4.455999851226807 34.058998107910156 -12.918000221252441
10.081000328063965 20.37299919128418 -29.871000289916992
2.3489999771118164 12.739999771118164 -30.06399917602539
-5.76200008392334 13.159000396728516 -24.888999938964844
-6.580999851226807 11.083000183105469 -21.78700065612793
-8.35099983215332 10.623000144958496 -15.37600040435791
-7.573999881744385 12.758999824523926 -31.85099983215332
0.8330000042915344 35.62900161743164 -15.961000442504883
-1.7050000429153442 30.722000122070312 -16.937999725341797
1.3079999685287476 17.448999404907227 -38.45000076293945
-6.565000057220459 22.878000259399414 -30.288000106811523
-1.843999981880188 24.91900062561035 -11.911999702453613
-0.1469999998807907 21.256000518798828 -10.51200008392334
4.992000102996826 5.622000217437744 -20.483999252319336
2.802999973297119 7.468999862670898 -15.210000038146973
-1.5720000267028809 12.413999557495117 -13.682999610900879
3.7899999618530273 8.125 -31.187000274658203
6.7789998054504395 8.854000091552734 -23.32200050354004
-2.319000005722046 15.602999687194824 -6.3379998207092285
-7.938000202178955 23.7189998626709 -13.85200023651123
-9.895000457763672 26.905000686645508 -26.176000595092773
5.678999900817871 44.959999084472656 -19.489999771118164
-6.86899995803833 52.81100082397461 -14.861000061035156
-11.715999603271484 51.196998596191406 -7.063000202178955
-7.1620001792907715 49.237998962402344 -1.4850000143051147
-3.875999927520752 48.78799819946289 0.37700000405311584
-0.9649999737739563 48.31999969482422 -2.056999921798706
-0.6779999732971191 43.83399963378906 -6.118000030517578
2.130000114440918 36.257999420166016 -2.3340001106262207
10.404999732971191 49.6879997253418 1.6109999418258667
-3.196000099182129 53.15800094604492 -0.17599999904632568
-2.36899995803833 51.79399871826172 -3.6080000400543213
0.7730000019073486 58.84600067138672 -13.928000450134277
18.097000122070312 57.40800094604492 -22.41200065612793
15.699999809265137 56.48500061035156 -13.093000411987305
7.124000072479248 49.90999984741211 -8.270000457763672
17.535999298095703 28.266000747680664 -15.800000190734863
14.618000030517578 20.525999069213867 -7.867000102996826
14.303000450134277 35.69599914550781 -0.8949999809265137
6.822999954223633 41.314998626708984 10.269000053405762
-4.696000099182129 41.02399826049805 4.525000095367432
-0.13099999725818634 36.70800018310547 4.895999908447266
9.930000305175781 45.154998779296875 7.294000148773193
-5.875 45.85100173950195 10.234000205993652