-6.5289998054504395 2.569000005722046 5.510000228881836
-16.009000778198242 2.861999988555908 2.6570000648498535
-24.472999572753906 -2.502000093460083 -0.9319999814033508
-31.02199935913086 -1.1710000038146973 0.16599999368190765
-38.2140007019043 -7.803999900817871 2.3239998817443848
-27.73699951171875 -8.567000389099121 0.5929999947547913
-10.28499984741211 1.2059999704360962 0.1889999955892563
-8.194000244140625 -6.918000221252441 10.210000038146973
-29.704999923706055 0.2619999945163727 14.604000091552734
-22.48699951171875 -3.2690000534057617 17.472999572753906
-6.822000026702881 -11.571999549865723 7.289000034332275
-9.876999855041504 -16.14299964904785 11.614999771118164
-22.024999618530273 -11.854999542236328 16.81599998474121
-23.968000411987305 -16.36199951171875 13.199000358581543
-24.993000030517578 -18.81999969482422 10.45199966430664
-23.797000885009766 -13.694999694824219 7.90500020980835
-12.529000282287598 -11.722999572753906 0.6729999780654907
-12.967000007629395 -5.9720001220703125 -0.7839999794960022
-28.763999938964844 -14.057000160217285 4.544000148773193
-36.57099914550781 -6.436999797821045 10.628000259399414
-32.393001556396484 -2.747999906539917 9.902999877929688
-29.461000442504883 -0.4000000059604645 10.60099983215332
-10.48799991607666 -3.6500000953674316 13.854000091552734
-6.9710001945495605 -4.814000129699707 14.736000061035156
-10.755999565124512 -7.710999965667725 19.854000091552734
-15.0 -5.328999996185303 24.26799964904785
-14.13700008392334 6.793000221252441 7.3979997634887695
-24.714000701904297 1.965000033378601 4.040999889373779
-39.40700149536133 -4.25 5.956999778747559
-42.608001708984375 -5.697999954223633 4.695000171661377