-17.32900047302246 -2.0880000591278076 -6.619999885559082
-9.663000106811523 8.321999549865723 7.4039998054504395
-17.42099952697754 17.53700065612793 18.5049991607666
-8.270999908447266 26.67099952697754 16.732999801635742
0.7480000257492065 5.265999794006348 20.871999740600586
2.681999921798706 12.02299976348877 19.483999252319336
-2.1710000038146973 13.460000038146973 10.300000190734863
-13.909000396728516 25.790000915527344 10.236000061035156
-13.946000099182129 20.158000946044922 12.968000411987305
-3.140000104904175 7.627999782562256 7.2270002365112305
-9.267999649047852 0.3149999976158142 8.906000137329102
-10.326000213623047 2.325000047683716 17.79599952697754
-15.248000144958496 11.444000244140625 18.39299964904785
-11.616000175476074 9.878000259399414 3.436000108718872
-9.92300033569336 17.68899917602539 -5.835000038146973
-9.689000129699707 14.536999702453613 -7.927000045776367
-6.079999923706055 16.31800079345703 -2.9240000247955322
-8.008000373840332 15.260000228881836 0.1770000010728836
-5.616000175476074 22.631000518798828 5.835999965667725
4.679999828338623 16.459999084472656 10.267000198364258
3.930000066757202 22.240999221801758 9.595999717712402
-3.681999921798706 26.7810001373291 5.379000186920166
-5.864999771118164 25.641000747680664 2.500999927520752