8.439000129699707 -6.330999851226807 -1.7000000476837158
14.571000099182129 -8.73900032043457 -3.0840001106262207
30.948999404907227 -29.31599998474121 -9.880999565124512
28.836000442504883 -25.655000686645508 -3.177000045776367
16.15399932861328 -3.696000099182129 0.4959999918937683
23.430999755859375 -5.080999851226807 9.824000358581543
14.63700008392334 -24.003999710083008 5.748000144958496
22.86400032043457 -23.030000686645508 7.921000003814697
25.527999877929688 -2.187999963760376 4.114999771118164
24.170000076293945 -7.538000106811523 1.1460000276565552
30.548999786376953 -28.34000015258789 2.0230000019073486
24.663000106811523 -30.184999465942383 -1.7209999561309814
22.761999130249023 -29.88800048828125 -5.020999908447266
20.07699966430664 -31.940000534057617 -1.8450000286102295
18.775999069213867 -28.408000946044922 -1.246000051498413
13.286999702453613 -22.825000762939453 0.5370000004768372
14.435999870300293 -9.305000305175781 7.366000175476074
11.255000114440918 -13.442999839782715 5.966000080108643
24.388999938964844 -32.83399963378906 -16.094999313354492
24.80900001525879 -28.56100082397461 -11.225000381469727
9.685999870300293 -10.628000259399414 0.9980000257492065
5.921999931335449 -4.86299991607666 1.9500000476837158