16.26300048828125 98.20600128173828 149.52000427246094
15.211999893188477 92.12699890136719 148.6649932861328
11.527000427246094 92.88400268554688 138.74000549316406
11.265999794006348 81.97000122070312 138.93299865722656
12.130000114440918 78.31600189208984 139.48399353027344
9.178000450134277 75.97599792480469 138.97000122070312
-2.621999979019165 57.10100173950195 138.69500732421875
2.2839999198913574 57.42599868774414 141.55799865722656
13.609000205993652 78.23600006103516 135.0070037841797
7.3460001945495605 75.87200164794922 130.78599548339844
4.303999900817871 64.10399627685547 125.60299682617188
10.637999534606934 75.29900360107422 127.90399932861328
6.2779998779296875 63.73400115966797 130.593994140625
-1.0529999732971191 47.58599853515625 131.14599609375
-3.0769999027252197 63.612998962402344 122.62799835205078
0.10999999940395355 72.67400360107422 128.63499450683594
4.26800012588501 90.3499984741211 136.33799743652344
0.382999986410141 86.66699981689453 137.62100219726562
-2.1089999675750732 73.97799682617188 123.13899993896484
-6.59499979019165 67.48500061035156 126.31400299072266
-9.093999862670898 69.4469985961914 128.38499450683594
-7.206999778747559 70.44400024414062 131.52099609375
1.312999963760376 70.4540023803711 148.44700622558594
-3.561000108718872 66.97000122070312 148.06100463867188
-4.89300012588501 68.36900329589844 144.79299926757812
-11.111000061035156 76.62799835205078 136.5229949951172
-7.328999996185303 76.00399780273438 131.22300720214844
-7.353000164031982 77.13500213623047 124.51000213623047
-6.5229997634887695 79.90699768066406 122.01899719238281
-5.986000061035156 82.21499633789062 131.4759979248047
0.8460000157356262 86.86900329589844 143.84800720214844
0.15000000596046448 87.2959976196289 162.427001953125
0.7170000076293945 74.50299835205078 144.59800720214844
-7.339000225067139 65.00599670410156 129.7949981689453
-10.062000274658203 64.21499633789062 132.3459930419922
-12.710000038146973 65.95800018310547 134.41000366210938
-7.281000137329102 61.930999755859375 142.8990020751953
-6.840000152587891 60.28200149536133 137.56399536132812
-2.253999948501587 62.35900115966797 134.63400268554688
9.62600040435791 77.2699966430664 144.79800415039062
9.140999794006348 80.21499633789062 166.2760009765625
17.326000213623047 85.31999969482422 162.38600158691406
16.316999435424805 81.23799896240234 149.71099853515625
14.855999946594238 82.97699737548828 141.6300048828125
17.445999145507812 84.16200256347656 139.10800170898438
18.608999252319336 86.17900085449219 152.98500061035156
10.967000007629395 87.91100311279297 161.9459991455078
3.809000015258789 98.12300109863281 145.49899291992188
-8.682999610900879 95.2300033569336 142.42599487304688