-22.020999908447266 5.9710001945495605 24.96299934387207
-25.006999969482422 6.942999839782715 22.8700008392334
-28.52199935913086 5.341000080108643 16.985000610351562
-31.485000610351562 3.1010000705718994 16.233999252319336
-30.131000518798828 -1.8799999952316284 11.684000015258789
-29.783000946044922 5.748000144958496 22.618000030517578
-26.382999420166016 1.7619999647140503 26.309999465942383
-23.718000411987305 -2.1689999103546143 21.73200035095215
-28.773000717163086 -6.961999893188477 16.003000259399414
-16.91699981689453 -15.657999992370605 9.237000465393066
-22.815000534057617 3.388000011444092 12.072999954223633
-14.78600025177002 -1.8630000352859497 16.2549991607666
-21.381999969482422 -13.37399959564209 18.645999908447266
-22.614999771118164 -8.005999565124512 16.110000610351562
-17.055999755859375 2.203000068664551 22.180999755859375
-14.222999572753906 4.564000129699707 21.367000579833984