27.617000579833984 40.915000915527344 4.959000110626221
35.10100173950195 46.67900085449219 7.309000015258789
44.17100143432617 53.21099853515625 13.343000411987305
42.73699951171875 57.70399856567383 16.30699920654297
50.97800064086914 69.90399932861328 9.885000228881836
49.00899887084961 60.422000885009766 7.00600004196167
35.13399887084961 46.222999572753906 -6.473999977111816
34.7130012512207 54.98099899291992 -1.0290000438690186
33.64400100708008 67.24099731445312 10.649999618530273
31.132999420166016 64.59700012207031 2.819999933242798
35.57400131225586 54.474998474121094 -6.742000102996826
38.861000061035156 59.35200119018555 -7.564000129699707
35.275001525878906 64.12200164794922 -5.173999786376953
44.042999267578125 63.500999450683594 -0.5460000038146973
50.33300018310547 63.66600036621094 1.625
44.86000061035156 72.11900329589844 10.180000305175781
40.84000015258789 67.4749984741211 11.559000015258789
37.845001220703125 65.11299896240234 10.979999542236328
28.163000106811523 50.04100036621094 -1.7979999780654907
28.363000869750977 49.297000885009766 5.202000141143799
34.027000427246094 51.19499969482422 8.564000129699707
39.404998779296875 57.09299850463867 12.062000274658203
50.82600021362305 71.46099853515625 17.35700035095215
50.055999755859375 76.7229995727539 23.990999221801758
49.064998626708984 77.86399841308594 27.465999603271484
44.066001892089844 81.9540023803711 28.898000717163086
30.308000564575195 84.7030029296875 38.757999420166016
21.797000885009766 88.08200073242188 39.314998626708984
15.678000450134277 81.89600372314453 39.55500030517578
20.55900001525879 78.41400146484375 41.220001220703125
47.474998474121094 69.89199829101562 24.246000289916992
43.268001556396484 69.86699676513672 35.095001220703125
36.4370002746582 79.17500305175781 50.79499816894531
37.680999755859375 73.80899810791016 50.3120002746582
35.0880012512207 70.79100036621094 45.48899841308594
31.459999084472656 70.68000030517578 38.50199890136719
35.459999084472656 72.21099853515625 22.003999710083008
41.17399978637695 73.58699798583984 22.176000595092773
21.610000610351562 79.81600189208984 45.707000732421875
27.209999084472656 81.01300048828125 52.38399887084961
36.05099868774414 83.06300354003906 47.832000732421875
48.48699951171875 72.54499816894531 32.04800033569336
47.0890007019043 79.427001953125 37.43000030517578
31.183000564575195 86.93499755859375 46.12300109863281
31.82699966430664 94.50800323486328 41.479000091552734