54.790000915527344 26.461999893188477 -4.445000171661377
47.999000549316406 24.283000946044922 0.5260000228881836
54.43600082397461 11.060999870300293 13.090999603271484
49.67599868774414 14.041000366210938 12.743000030517578
49.5359992980957 29.045000076293945 1.9199999570846558
49.3129997253418 34.82600021362305 2.98799991607666
44.875999450683594 36.44200134277344 3.6459999084472656
39.89400100708008 30.038000106811523 -0.3179999887943268
40.1150016784668 29.83099937438965 -4.104000091552734
39.78300094604492 26.746999740600586 -6.328000068664551
46.380001068115234 6.744999885559082 5.464000225067139
44.762001037597656 13.394000053405762 13.550999641418457
50.2599983215332 30.292999267578125 7.064000129699707
46.15800094604492 34.67100143432617 9.755999565124512
41.459999084472656 32.39099884033203 6.614999771118164
39.67100143432617 35.5260009765625 5.418000221252441
35.57899856567383 36.744998931884766 -3.6570000648498535
35.44200134277344 35.14899826049805 -12.102999687194824
32.512001037597656 25.533000946044922 -3.6670000553131104
29.808000564575195 19.684999465942383 -5.189000129699707
31.658000946044922 22.458999633789062 -0.11800000071525574
37.21900177001953 22.533000946044922 0.8529999852180481
40.547000885009766 17.618000030517578 12.854000091552734
45.79100036621094 32.94300079345703 14.350000381469727
41.255001068115234 36.39799880981445 11.473999977111816
33.125 34.099998474121094 6.940999984741211
34.21699905395508 30.965999603271484 5.0879998207092285
36.78300094604492 20.951000213623047 12.361000061035156
38.316001892089844 21.218000411987305 17.93199920654297
44.277000427246094 35.09199905395508 22.31999969482422
38.875 36.58700180053711 15.987000465393066
30.277999877929688 35.516998291015625 9.857000350952148
29.78700065612793 38.987998962402344 8.315999984741211
23.41900062561035 41.00299835205078 1.628000020980835
28.148000717163086 28.6200008392334 9.626999855041504
27.94099998474121 28.32200050354004 21.273000717163086
21.93000030517578 29.788000106811523 20.47100067138672
28.06100082397461 40.15299987792969 11.359000205993652
33.86899948120117 37.284000396728516 17.881999969482422
38.9379997253418 34.50899887084961 20.643999099731445
31.33300018310547 30.45599937438965 24.950000762939453
42.380001068115234 26.086000442504883 23.93600082397461
49.645999908447266 32.91699981689453 23.24799919128418
48.34700012207031 28.263999938964844 18.309999465942383
48.16600036621094 8.541000366210938 22.023000717163086
42.69300079345703 5.01200008392334 17.035999298095703
19.26300048828125 9.97599983215332 16.44300079345703
21.586000442504883 3.5160000324249268 22.499000549316406
36.17100143432617 -6.802000045776367 19.992000579833984
42.81999969482422 -6.164000034332275 18.886999130249023
51.04999923706055 -3.740000009536743 33.053001403808594
42.816001892089844 -3.2960000038146973 14.40999984741211