8.720000267028809 0.18400000035762787 41.0880012512207
6.394000053405762 -1.5420000553131104 38.6349983215332
-0.04399999976158142 20.218000411987305 11.593000411987305
1.9559999704360962 23.233999252319336 16.41900062561035
4.954999923706055 20.284000396728516 23.836000442504883
10.59000015258789 18.3700008392334 23.434999465942383
19.322999954223633 11.961000442504883 7.589000225067139
20.386999130249023 18.125999450683594 9.37600040435791
14.039999961853027 21.97800064086914 20.790000915527344
3.811000108718872 17.809999465942383 0.7599999904632568
15.802000045776367 5.235000133514404 35.66999816894531
16.655000686645508 7.771999835968018 30.326000213623047
4.110000133514404 18.454999923706055 -4.38100004196167
7.040999889373779 17.79599952697754 -6.760000228881836
3.4839999675750732 11.95300006866455 -6.89900016784668
2.0299999713897705 9.699999809265137 -4.236999988555908
12.225000381469727 16.976999282836914 37.763999938964844
8.604000091552734 14.845999717712402 33.867000579833984
3.617000102996826 4.7220001220703125 -6.565000057220459
-13.904999732971191 10.427000045776367 -1.1349999904632568