4.081999778747559 27.72599983215332 10.163999557495117
6.190000057220459 19.915000915527344 2.257999897003174
25.76799964904785 21.43600082397461 -6.995999813079834
25.736000061035156 28.260000228881836 -13.192999839782715
5.3460001945495605 35.72200012207031 -6.11299991607666
5.210999965667725 24.468000411987305 1.9229999780654907
33.22200012207031 24.749000549316406 -7.061999797821045
31.461999893188477 27.836999893188477 -2.1760001182556152
5.026000022888184 41.78799819946289 2.0139999389648438
6.9670000076293945 39.742000579833984 -2.859999895095825
34.457000732421875 23.288999557495117 0.6489999890327454
27.472999572753906 10.548999786376953 0.6549999713897705
12.52400016784668 23.211000442504883 7.242000102996826
7.2179999351501465 15.512999534606934 3.1659998893737793
23.4689998626709 19.73699951171875 -13.255999565124512
24.99799919128418 17.691999435424805 -16.108999252319336
25.1299991607666 10.835000038146973 -17.604000091552734
35.367000579833984 3.869999885559082 -15.34000015258789