11.60099983215332 -13.038000106811523 11.60200023651123
5.691999912261963 -14.890999794006348 4.833000183105469
7.802999973297119 -16.312000274658203 -0.7319999933242798
13.61299991607666 -12.024999618530273 -5.323999881744385
26.437000274658203 -16.46299934387207 6.063000202178955
27.650999069213867 -13.29800033569336 1.2580000162124634
16.96299934387207 -16.118000030517578 -0.5230000019073486
22.597000122070312 -15.454999923706055 -9.29699993133545
31.51099967956543 -5.603000164031982 -8.305999755859375
30.700000762939453 -1.3880000114440918 0.4490000009536743
28.333999633789062 -1.8220000267028809 6.383999824523926
24.886999130249023 -1.8040000200271606 0.8270000219345093
29.458999633789062 6.64900016784668 -8.82800006866455
25.3439998626709 -5.453999996185303 -8.197999954223633
16.99799919128418 -13.402999877929688 -13.133999824523926
13.907999992370605 -17.32699966430664 -16.77199935913086
11.616000175476074 -12.54800033569336 -16.207000732421875
6.9019999504089355 -10.49899959564209 -19.917999267578125
0.18700000643730164 -7.607999801635742 -20.246000289916992
4.051000118255615 -6.910999774932861 -9.494999885559082
20.138999938964844 9.225000381469727 -0.08299999684095383
24.39900016784668 22.47599983215332 -8.47700023651123
19.857999801635742 19.966999053955078 -9.972000122070312
20.177000045776367 9.038000106811523 -12.871000289916992
15.354999542236328 -2.6410000324249268 -25.547000885009766
10.559000015258789 -2.0190000534057617 -22.242000579833984
17.474000930786133 16.26099967956543 -6.992000102996826
13.21399974822998 12.880999565124512 -6.164999961853027
5.645999908447266 -1.2400000095367432 -22.66699981689453
5.436999797821045 5.11299991607666 -20.648000717163086
11.095000267028809 15.845999717712402 -1.0460000038146973
14.595000267028809 23.729999542236328 1.9049999713897705
13.307000160217285 22.51799964904785 5.251999855041504
13.237000465393066 5.493000030517578 4.051000118255615
-1.8270000219345093 -3.194999933242798 -11.0600004196167
-2.631999969482422 2.194000005722046 -11.267000198364258
7.4019999504089355 4.61899995803833 4.922999858856201
2.11899995803833 5.414000034332275 3.36899995803833
-0.9190000295639038 2.378000020980835 -16.33300018310547
5.750999927520752 -5.050000190734863 -20.784000396728516
11.491999626159668 -6.293000221252441 -18.854000091552734
18.798999786376953 -8.765000343322754 -15.4399995803833
24.20199966430664 8.723999977111816 -15.6899995803833
26.30500030517578 7.335999965667725 -3.634999990463257
4.614999771118164 -11.164999961853027 -8.26200008392334
-1.784000039100647 -1.371999979019165 2.0769999027252197
12.072999954223633 -1.4479999542236328 10.98799991607666
16.820999145507812 -1.9919999837875366 18.35099983215332
17.209999084472656 1.7510000467300415 18.969999313354492
18.007999420166016 3.9000000953674316 15.9350004196167
20.048999786376953 7.006999969482422 15.378999710083008
21.44700050354004 1.065999984741211 14.744000434875488
22.124000549316406 3.178999900817871 17.82900047302246
25.54199981689453 2.2780001163482666 19.246999740600586
27.476999282836914 2.388000011444092 22.52199935913086
29.344999313354492 10.498000144958496 19.888999938964844
11.883999824523926 17.013999938964844 18.658000946044922
20.802000045776367 22.5 21.316999435424805
26.03700065612793 26.35099983215332 32.1150016784668
21.805999755859375 20.958999633789062 31.482999801635742
19.04599952697754 28.60099983215332 21.110000610351562
21.1299991607666 27.07200050354004 9.859000205993652
21.83099937438965 28.965999603271484 -2.2109999656677246
19.659000396728516 23.452999114990234 0.5699999928474426
22.433000564575195 22.76799964904785 11.597999572753906
25.99799919128418 12.484999656677246 24.3799991607666
25.982999801635742 -0.6800000071525574 32.28200149536133
24.24799919128418 -2.2139999866485596 19.481000900268555
21.83300018310547 -0.4620000123977661 21.868000030517578
18.652000427246094 -2.4769999980926514 22.36400032043457
15.211000442504883 -1.7569999694824219 23.804000854492188
20.18600082397461 -0.10999999940395355 31.05699920654297
34.81399917602539 21.266000747680664 26.485000610351562
35.92100143432617 16.231000900268555 28.364999771118164
19.322999954223633 14.536999702453613 42.83000183105469
14.335000038146973 16.58300018310547 38.402000427246094
19.77899932861328 17.113000869750977 35.222999572753906
23.43000030517578 18.06100082397461 35.736000061035156
32.50400161743164 14.534000396728516 37.23500061035156
32.24800109863281 10.777999877929688 36.6510009765625
28.465999603271484 10.848999977111816 40.89899826049805
20.461999893188477 8.909000396728516 40.03300094604492
22.170000076293945 8.131999969482422 36.72700119018555
21.023000717163086 4.797999858856201 35.2869987487793
13.404000282287598 2.75600004196167 25.011999130249023
8.79699993133545 0.8320000171661377 22.179000854492188
6.577000141143799 -0.26600000262260437 25.072999954223633
6.695000171661377 2.8889999389648438 19.402000427246094
7.580999851226807 6.275000095367432 20.898000717163086
10.939000129699707 9.201000213623047 24.09000015258789
14.289999961853027 7.443999767303467 24.325000762939453
15.609999656677246 7.818999767303467 27.856000900268555
17.166000366210938 4.421000003814697 40.426998138427734
11.178000450134277 5.001999855041504 37.36000061035156
11.835000038146973 31.226999282836914 34.54499816894531
15.647000312805176 28.613000869750977 31.14299964904785
7.296000003814697 10.916999816894531 35.57099914550781
-1.0980000495910645 9.472999572753906 23.349000930786133
11.314000129699707 12.96399974822998 22.349000930786133
26.21500015258789 11.097999572753906 14.539999961853027
27.72100067138672 11.163000106811523 8.560999870300293
29.06599998474121 11.470000267028809 4.991000175476074
25.291000366210938 15.33899974822998 5.656000137329102
28.288999557495117 17.65399932861328 5.552000045776367
29.80500030517578 27.617000579833984 12.371000289916992