-20.788000106811523 8.008999824523926 27.61199951171875
-18.55500030517578 10.906999588012695 28.562999725341797
-33.198001861572266 29.051000595092773 30.941999435424805
-40.75299835205078 29.256999969482422 25.42799949645996
-42.1349983215332 22.888999938964844 22.621999740600586
-33.02899932861328 21.2549991607666 34.28499984741211
-13.357999801635742 16.43899917602539 30.26099967956543
-19.542999267578125 22.016000747680664 25.601999282836914
-32.94499969482422 14.961999893188477 36.92100143432617
-18.273000717163086 15.854999542236328 37.73899841308594
-28.6200008392334 10.420000076293945 21.488000869750977
-31.97599983215332 8.765999794006348 21.607999801635742
-35.047000885009766 6.547999858856201 29.35300064086914
-28.283000946044922 14.29800033569336 26.27899932861328
-17.023000717163086 9.619999885559082 42.500999450683594