20.229999542236328 29.777000427246094 9.12600040435791
25.429000854492188 27.66900062561035 13.456000328063965
36.50199890136719 14.696999549865723 19.07900047302246
35.819000244140625 23.739999771118164 18.597999572753906
33.42399978637695 26.884000778198242 2.7790000438690186
23.117000579833984 29.666000366210938 2.8420000076293945
33.821998596191406 35.018001556396484 16.34600067138672
39.04399871826172 23.322999954223633 -3.9639999866485596
27.104000091552734 19.524999618530273 -5.78000020980835
30.281999588012695 18.607999801635742 -0.16200000047683716
48.25400161743164 23.357999801635742 5.4720001220703125
46.28900146484375 18.035999298095703 4.374000072479248
27.361000061035156 14.946999549865723 4.368000030517578
28.548999786376953 12.182000160217285 6.72599983215332
39.72100067138672 9.460000038146973 3.255000114440918
32.92499923706055 2.8340001106262207 15.982999801635742
21.069000244140625 15.711000442504883 21.854000091552734
21.115999221801758 20.215999603271484 9.385000228881836
42.959999084472656 13.036999702453613 5.604000091552734
38.77299880981445 10.670999526977539 9.354999542236328
19.4060001373291 25.655000686645508 12.52400016784668