32.83300018310547 13.20300006866455 37.85900115966797
24.297000885009766 7.5879998207092285 37.70600128173828
7.9770002365112305 -3.061000108718872 37.02799987792969
12.420000076293945 -3.0820000171661377 33.91400146484375
29.312000274658203 8.65999984741211 30.024999618530273
27.773000717163086 6.0229997634887695 24.69499969482422
28.399999618530273 1.062000036239624 26.43600082397461
21.839000701904297 -1.7070000171661377 21.517000198364258
21.381000518798828 10.932999610900879 12.892000198364258
27.570999145507812 11.501999855041504 19.295000076293945
34.69499969482422 1.871999979019165 12.081999778747559
34.15599822998047 2.378999948501587 8.347000122070312
17.795000076293945 -0.4880000054836273 -0.3700000047683716
14.213000297546387 3.8480000495910645 13.213000297546387
27.48699951171875 -2.1679999828338623 15.82699966430664
23.576000213623047 -3.200000047683716 17.344999313354492
16.1560001373291 11.137999534606934 13.298999786376953
7.589000225067139 17.856000900268555 17.354999542236328
13.711000442504883 -8.51200008392334 18.517000198364258
19.250999450683594 -3.5910000801086426 26.886999130249023
21.882999420166016 9.607000350952148 23.829999923706055
17.19099998474121 20.222000122070312 27.1299991607666
5.914000034332275 -3.5999999046325684 28.363000869750977
17.433000564575195 -2.2660000324249268 30.884000778198242
28.165000915527344 13.185999870300293 27.888999938964844
27.341999053955078 16.648000717163086 33.62300109863281
4.040999889373779 11.65999984741211 40.69300079345703
3.3940000534057617 8.142999649047852 39.268001556396484