33.0099983215332 17.19700050354004 60.47999954223633
28.226999282836914 8.487000465393066 53.042999267578125
30.554000854492188 19.128999710083008 43.691001892089844
27.958999633789062 10.17199993133545 35.547000885009766
19.29199981689453 10.755000114440918 41.810001373291016
14.25100040435791 10.944000244140625 53.08300018310547
25.992000579833984 30.108999252319336 47.895999908447266
33.17100143432617 33.57899856567383 43.08000183105469
15.274999618530273 12.312000274658203 40.87200164794922
9.574999809265137 14.963000297546387 42.777000427246094
14.550999641418457 27.98200035095215 46.73400115966797
14.38599967956543 29.466999053955078 43.220001220703125
26.775999069213867 35.452999114990234 38.0629997253418
36.84199905395508 36.202999114990234 35.165000915527344
39.71799850463867 34.029998779296875 36.305999755859375
35.03099822998047 34.21699905395508 31.457000732421875
34.28200149536133 31.20599937438965 33.638999938964844
31.100000381469727 32.82400131225586 34.95600128173828
8.520999908447266 24.799999237060547 30.989999771118164
6.14900016784668 22.371000289916992 32.685001373291016
11.281000137329102 7.919000148773193 35.64099884033203
6.735000133514404 8.26200008392334 37.85499954223633