60.1879997253418 25.339000701904297 63.64699935913086
55.25899887084961 23.03700065612793 65.28299713134766
49.347999572753906 18.16200065612793 80.36100006103516
41.22800064086914 17.465999603271484 68.6760025024414
43.11000061035156 29.2810001373291 66.58300018310547
46.569000244140625 26.479999542236328 62.77000045776367
47.137001037597656 14.206999778747559 68.62200164794922
46.2599983215332 7.999000072479248 70.38600158691406
44.625999450683594 2.760999917984009 69.03099822998047
42.80699920654297 6.9019999504089355 74.41799926757812
48.08399963378906 10.305999755859375 75.66100311279297
50.09199905395508 15.64799976348877 74.49700164794922
51.97600173950195 28.190000534057617 59.26300048828125
58.005001068115234 29.854999542236328 62.797000885009766
52.75199890136719 28.20800018310547 78.01200103759766
43.8120002746582 25.312000274658203 82.43000030517578
39.83399963378906 20.481000900268555 83.14099884033203
45.2239990234375 21.11199951171875 84.39900207519531
48.63800048828125 23.461999893188477 79.71299743652344
52.301998138427734 23.4950008392334 78.74299621582031
59.909000396728516 21.12700080871582 69.26899719238281