49.959999084472656 45.76900100708008 -8.75100040435791
47.96900177001953 43.814998626708984 -6.179999828338623
42.215999603271484 58.66600036621094 5.756999969482422
36.05699920654297 54.66400146484375 2.0799999237060547
38.03200149536133 40.85100173950195 -8.904000282287598
41.847999572753906 37.047000885009766 6.033999919891357
2.5299999713897705 65.39700317382812 9.451000213623047
5.796999931335449 70.63400268554688 -2.8359999656677246
36.07600021362305 30.339000701904297 -1.9579999446868896
34.869998931884766 27.131000518798828 5.314000129699707
12.435999870300293 48.62200164794922 -0.4779999852180481
6.638999938964844 45.130001068115234 -2.240999937057495
33.6609992980957 26.503999710083008 12.303999900817871
34.34700012207031 35.32500076293945 15.102999687194824
11.4350004196167 39.62699890136719 9.345999717712402
11.574000358581543 38.20399856567383 17.88599967956543
41.071998596191406 30.099000930786133 23.34000015258789
44.38999938964844 35.56700134277344 24.176000595092773
9.057999610900879 43.124000549316406 24.073999404907227
8.083000183105469 44.36000061035156 27.575000762939453