64.65399932861328 -6.375 -33.17100143432617
52.902000427246094 -4.571000099182129 -36.25199890136719
47.97100067138672 -7.544000148773193 -34.284000396728516
48.584999084472656 -15.569999694824219 -31.45400047302246
61.39400100708008 -18.22100067138672 -31.385000228881836
60.09700012207031 -22.93000030517578 -28.1200008392334
60.685001373291016 -12.706000328063965 -33.29399871826172
47.073001861572266 -20.275999069213867 -29.823999404907227
59.7599983215332 -25.423999786376953 -52.73699951171875
58.678001403808594 -38.470001220703125 -46.20800018310547
53.67399978637695 -31.10099983215332 -47.7869987487793
53.49100112915039 -19.979000091552734 -36.04199981689453
49.178001403808594 -16.875999450683594 -39.527000427246094
52.861000061035156 -17.895999908447266 -42.84299850463867
53.71799850463867 -10.359000205993652 -48.808998107910156
58.56399917602539 -18.14699935913086 -50.58700180053711
65.08999633789062 -20.73699951171875 -43.30400085449219
59.56700134277344 -32.80699920654297 -36.810001373291016
65.41400146484375 -32.84600067138672 -37.332000732421875
75.5989990234375 -20.31399917602539 -52.236000061035156
78.3479995727539 -22.667999267578125 -47.98899841308594
67.08799743652344 -26.93000030517578 -36.452999114990234
66.86699676513672 -37.236000061035156 -37.81399917602539
69.947998046875 -17.285999298095703 -53.95100021362305
65.0270004272461 -21.783000946044922 -54.465999603271484
69.58499908447266 -33.16899871826172 -50.93299865722656
76.78700256347656 -31.322999954223633 -60.50299835205078