38.928001403808594 40.222999572753906 49.17100143432617
26.792999267578125 41.887001037597656 45.05699920654297
22.01799964904785 29.80299949645996 45.9640007019043
18.291000366210938 31.17799949645996 40.45899963378906
23.84600067138672 50.834999084472656 39.220001220703125
24.253000259399414 41.63600158691406 41.10100173950195
24.756000518798828 28.201000213623047 41.874000549316406
27.452999114990234 24.645999908447266 47.70899963378906
36.39500045776367 30.84600067138672 56.62900161743164
24.82900047302246 36.64400100708008 50.31399917602539
18.264999389648438 27.988000869750977 58.45600128173828
32.04399871826172 30.06599998474121 63.36199951171875
27.496000289916992 35.42300033569336 59.15700149536133
26.83300018310547 39.05799865722656 59.9630012512207
10.404999732971191 46.689998626708984 63.57099914550781
6.322000026702881 42.87300109863281 61.111000061035156
7.339000225067139 38.3129997253418 58.08000183105469
5.796999931335449 35.61399841308594 60.24700164794922
7.250999927520752 35.707000732421875 63.79100036621094
17.163999557495117 32.75899887084961 62.029998779296875
17.92799949645996 33.70000076293945 65.64800262451172
22.766000747680664 33.51100158691406 70.43000030517578
21.033000946044922 37.79800033569336 67.2770004272461
21.69300079345703 36.14799880981445 61.50400161743164
16.562000274658203 36.84299850463867 56.391998291015625
6.974999904632568 21.26099967956543 56.229000091552734
1.8200000524520874 17.518999099731445 54.731998443603516
-8.65999984741211 12.222999572753906 45.53300094604492
-7.283999919891357 11.645999908447266 62.650001525878906
-4.589000225067139 9.003999710083008 62.85599899291992
-10.116999626159668 -3.2760000228881836 47.26100158691406
-3.7260000705718994 0.4779999852180481 51.222999572753906
2.5920000076293945 4.5279998779296875 53.05500030517578
12.645999908447266 10.517000198364258 62.3380012512207
0.8059999942779541 14.050000190734863 72.24700164794922
10.015999794006348 16.735000610351562 71.60199737548828
13.781000137329102 16.976999282836914 71.26399993896484
12.125 22.466999053955078 75.09600067138672
11.288000106811523 32.49100112915039 74.04399871826172
16.134000778198242 29.51300048828125 73.4260025024414
19.155000686645508 21.16200065612793 76.2509994506836
11.178999900817871 14.906999588012695 75.78800201416016
12.175000190734863 11.852999687194824 73.76499938964844
4.442999839782715 9.925999641418457 77.9540023803711
-1.8760000467300415 -4.834000110626221 62.8120002746582
11.159000396728516 6.988999843597412 50.887001037597656
1.2940000295639038 4.361999988555908 40.979000091552734
-1.8309999704360962 3.5880000591278076 48.319000244140625
6.9730000495910645 17.79400062561035 51.47999954223633
6.664000034332275 20.240999221801758 48.58300018310547
-0.7289999723434448 12.335000038146973 36.8380012512207
-3.680000066757202 14.277000427246094 44.39699935913086
-3.365000009536743 19.083999633789062 57.138999938964844
-4.386000156402588 14.602999687194824 64.46600341796875
-5.374000072479248 12.111000061035156 70.5009994506836
-3.7679998874664307 17.16900062561035 68.89099884033203
-2.0309998989105225 18.229000091552734 65.66200256347656
9.779999732971191 20.006000518798828 61.67100143432617
30.725000381469727 38.41299819946289 57.680999755859375
26.562999725341797 44.58100128173828 54.0890007019043
11.347000122070312 40.29399871826172 50.23500061035156
5.611999988555908 40.51599884033203 46.444000244140625
11.095999717712402 27.542999267578125 40.60599899291992
5.2210001945495605 28.648000717163086 51.27799987792969
7.919000148773193 33.9739990234375 55.07699966430664
6.543000221252441 37.25400161743164 53.676998138427734
2.9639999866485596 37.577999114990234 54.95800018310547
-2.0820000171661377 30.261999130249023 49.816001892089844
-4.579999923706055 24.760000228881836 48.94300079345703
1.437000036239624 23.55900001525879 63.97100067138672
8.409000396728516 23.03499984741211 65.38500213623047
14.21399974822998 22.54400062561035 63.1870002746582
20.25200080871582 18.236000061035156 67.5770034790039
10.281000137329102 -5.684000015258789 67.33799743652344
8.611000061035156 1.1239999532699585 72.67500305175781
20.143999099731445 7.991000175476074 76.6520004272461