-11.34000015258789 -51.10200119018555 24.82900047302246
-10.027999877929688 -45.604000091552734 17.097000122070312
-20.80900001525879 -44.834999084472656 1.5579999685287476
-16.954999923706055 -41.63600158691406 4.883999824523926
-19.256999969482422 -45.62099838256836 10.28600025177002
-15.246999740600586 -48.19499969482422 14.053000450134277
-13.378000259399414 -43.65700149536133 22.257999420166016
-15.711999893188477 -38.207000732421875 15.618000030517578
-17.702999114990234 -32.55099868774414 7.756999969482422
-13.081000328063965 -35.54399871826172 8.435999870300293
-8.6899995803833 -36.38399887084961 17.03499984741211
-0.5609999895095825 -38.45600128173828 20.965999603271484
-14.170999526977539 -48.69499969482422 -18.367000579833984
-5.392000198364258 -40.08599853515625 -9.963000297546387
-4.181000232696533 -28.365999221801758 12.859000205993652
-3.9010000228881836 -28.128000259399414 5.931000232696533
-1.7070000171661377 -42.87900161743164 -14.177000045776367
-8.777000427246094 -50.70399856567383 -15.484000205993652
-3.003999948501587 -32.6870002746582 18.784000396728516
-8.706999778747559 -33.09700012207031 11.864999771118164
-9.442999839782715 -35.91999816894531 -7.289999961853027
-14.720000267028809 -39.41400146484375 -7.488999843597412
-14.133000373840332 -44.2140007019043 -7.249000072479248
-15.144000053405762 -47.91600036621094 -6.946000099182129
-11.493000030517578 -47.167999267578125 3.7899999618530273
-0.7360000014305115 -45.90399932861328 19.893999099731445