27.6200008392334 -35.30400085449219 2.3540000915527344
25.753999710083008 -38.73400115966797 -1.281999945640564
23.875 -34.47700119018555 -6.111000061035156
21.9689998626709 -27.174999237060547 -9.911999702453613
11.258999824523926 -24.76300048828125 -18.597999572753906
10.781999588012695 -33.24700164794922 -17.243000030517578
26.55299949645996 -43.16600036621094 -3.755000114440918
15.598999977111816 -43.1870002746582 0.3140000104904175
11.85200023651123 -23.422000885009766 -0.17399999499320984
9.321000099182129 -30.93199920654297 3.3980000019073486
11.137999534606934 -45.415000915527344 0.4300000071525574
6.229000091552734 -43.29800033569336 -2.424999952316284
4.572999954223633 -39.85499954223633 -2.2920000553131104
6.973999977111816 -35.83100128173828 -8.373000144958496
22.42099952697754 -49.22800064086914 -9.22599983215332
21.895999908447266 -43.77899932861328 -7.817999839782715
6.057000160217285 -31.405000686645508 -16.177000045776367
7.164000034332275 -22.41900062561035 -11.553000450134277
11.694999694824219 -23.84600067138672 -7.565999984741211
13.432000160217285 -24.98699951171875 -4.357999801635742
22.0939998626709 -47.124000549316406 6.173999786376953
21.051000595092773 -41.606998443603516 8.159000396728516
24.535999298095703 -32.301998138427734 -0.8180000185966492
20.36199951171875 -29.458999633789062 -5.728000164031982
12.86299991607666 -20.75200080871582 -16.531999588012695
11.329999923706055 -7.427999973297119 -15.776000022888184
13.524999618530273 -4.36299991607666 -15.246000289916992
12.446999549865723 -0.46399998664855957 -9.826000213623047
20.125999450683594 10.138999938964844 1.1449999809265137
19.53700065612793 14.373000144958496 9.369000434875488
25.552000045776367 11.133000373840332 14.727999687194824
26.097999572753906 8.734000205993652 6.63100004196167
15.972999572753906 -12.711000442504883 -13.930999755859375
25.249000549316406 -5.546999931335449 -10.413999557495117
29.559999465942383 13.081999778747559 -8.873000144958496
33.63999938964844 9.194000244140625 -10.369999885559082
33.12300109863281 4.849999904632568 -5.611000061035156
29.663000106811523 -0.31700000166893005 -0.6470000147819519
22.91900062561035 -8.067000389099121 -1.0169999599456787
16.23699951171875 -12.942000389099121 -3.196000099182129
9.89900016784668 -11.770999908447266 -3.5380001068115234
13.50100040435791 -10.414999961853027 -7.104000091552734
31.53499984741211 10.435999870300293 6.171000003814697
29.200000762939453 13.42300033569336 6.5929999351501465
30.15399932861328 16.325000762939453 -3.5810000896453857
25.87700080871582 10.60200023651123 -5.539000034332275
20.735000610351562 -7.946000099182129 -18.215999603271484
20.722000122070312 -2.3919999599456787 -19.118999481201172
22.125 15.550000190734863 -3.7039999961853027
22.719999313354492 17.174999237060547 -0.28999999165534973