4.376999855041504 -1.5149999856948853 22.006000518798828
14.465999603271484 -0.23499999940395355 24.47100067138672
19.549999237060547 10.795000076293945 18.517000198364258
20.648000717163086 8.052000045776367 24.506999969482422
4.684000015258789 -0.2669999897480011 30.847000122070312
3.8949999809265137 4.711999893188477 31.753000259399414
24.891000747680664 11.845999717712402 27.062000274658203
27.148000717163086 9.272000312805176 35.7760009765625
22.312000274658203 10.800999641418457 33.584999084472656
18.80900001525879 12.055999755859375 34.34700012207031
-0.9959999918937683 5.47599983215332 24.250999450683594
1.6160000562667847 5.925000190734863 18.836999893188477
20.80900001525879 15.20199966430664 39.18899917602539
21.458999633789062 21.43400001525879 38.08300018310547
6.715000152587891 1.3009999990463257 13.913000106811523
11.569000244140625 5.875 15.01200008392334
13.28499984741211 28.857999801635742 35.97200012207031
8.918000221252441 37.11000061035156 36.42499923706055
11.876999855041504 31.21299934387207 29.584999084472656
10.916000366210938 28.634000778198242 26.93600082397461
17.327999114990234 2.244999885559082 18.084999084472656
25.334999084472656 6.327000141143799 15.531000137329102