39.83300018310547 57.84600067138672 19.893999099731445
34.42900085449219 57.082000732421875 16.275999069213867
23.535999298095703 58.67100143432617 10.37600040435791
19.736000061035156 54.582000732421875 10.298999786376953
15.335000038146973 51.07400131225586 -2.1059999465942383
24.09000015258789 53.611000061035156 0.27900001406669617
38.520999908447266 62.025001525878906 16.545000076293945
39.935001373291016 51.33000183105469 10.097999572753906
22.81800079345703 40.768001556396484 11.079999923706055
31.413000106811523 39.98699951171875 10.519000053405762
42.72100067138672 48.76300048828125 6.355000019073486
40.56100082397461 46.143001556396484 1.5980000495910645
37.23400115966797 40.84199905395508 2.884000062942505
30.861000061035156 46.9739990234375 -1.065999984741211
43.07699966430664 60.65700149536133 7.920000076293945
37.316001892089844 60.47600173950195 7.377999782562256
26.69300079345703 50.49300003051758 -4.9079999923706055
17.999000549316406 42.301998138427734 0.5690000057220459
20.016000747680664 44.42499923706055 5.750999927520752
21.80299949645996 44.79600143432617 9.071000099182129
42.73500061035156 49.84400177001953 15.545000076293945
36.86000061035156 51.70500183105469 19.68400001525879
31.400999069213867 53.68899917602539 15.946000099182129
24.30699920654297 52.45100021362305 11.164999961853027
12.619000434875488 50.85200119018555 1.3569999933242798
1.9019999504089355 47.393001556396484 2.3239998817443848
-1.2400000095367432 47.513999938964844 4.419000148773193
-3.615000009536743 42.750999450683594 8.359000205993652
-9.690999984741211 38.57600021362305 23.851999282836914
-10.270000457763672 32.165000915527344 30.100000381469727
-5.111999988555908 34.21200180053711 37.36199951171875
-5.118000030517578 39.382999420166016 34.694000244140625
6.459000110626221 51.55400085449219 6.172999858856201
-0.22699999809265137 54.263999938964844 15.197999954223633
-16.472000122070312 50.98699951171875 25.3799991607666
-13.074999809265137 55.52799987792969 25.107999801635742
-3.2269999980926514 54.53300094604492 26.725000381469727
-0.39899998903274536 49.303001403808594 26.229999542236328
9.553999900817871 42.641998291015625 14.536999702453613
7.175000190734863 44.68000030517578 9.465999603271484
-9.916999816894531 40.88999938964844 35.27899932861328
-15.145000457763672 42.40599822998047 32.78799819946289
-16.420000076293945 46.479000091552734 23.48900032043457
-1.2519999742507935 53.724998474121094 8.505000114440918
-8.029000282287598 49.965999603271484 10.128000259399414
-18.020999908447266 40.49599838256836 25.191999435424805
-21.47800064086914 38.779998779296875 21.35700035095215