-29.92799949645996 57.8129997253418 34.582000732421875
-31.3799991607666 54.44499969482422 33.57500076293945
-42.30500030517578 43.99599838256836 44.55099868774414
-42.88100051879883 43.946998596191406 50.974998474121094
-23.180999755859375 43.73899841308594 40.5099983215332
-24.4950008392334 50.78099822998047 45.56800079345703
-37.52199935913086 53.4010009765625 55.595001220703125
-33.25899887084961 52.6349983215332 61.27299880981445
-23.97599983215332 37.152000427246094 52.31999969482422
-22.343000411987305 46.6870002746582 53.71900177001953
-29.305999755859375 56.439998626708984 60.047000885009766
-21.927000045776367 62.48400115966797 63.39799880981445
-14.012999534606934 50.82400131225586 48.784000396728516
-22.92799949645996 48.8129997253418 49.71900177001953
-35.00899887084961 57.78799819946289 53.66400146484375
-31.69499969482422 64.06199645996094 52.53200149536133
-26.360000610351562 52.417999267578125 41.500999450683594
-35.680999755859375 49.37900161743164 48.45600128173828
-41.45000076293945 62.50299835205078 44.45100021362305
-29.304000854492188 63.029998779296875 40.803001403808594
-28.562000274658203 53.435001373291016 37.34000015258789
-44.95100021362305 48.013999938964844 46.790000915527344
-50.025001525878906 53.72800064086914 45.50600051879883
-36.665000915527344 61.470001220703125 31.78499984741211
-48.00199890136719 49.24599838256836 33.0620002746582
-50.86199951171875 53.176998138427734 35.41999816894531
-53.16400146484375 52.45800018310547 40.415000915527344