-1.690999984741211 48.051998138427734 -23.809999465942383
-2.5160000324249268 46.393001556396484 -20.430999755859375
-5.986999988555908 45.78200149536133 -18.937999725341797
-9.866000175476074 45.231998443603516 -24.676000595092773
-11.32800006866455 48.3489990234375 -30.106000900268555
-4.0229997634887695 54.80099868774414 -35.90800094604492
11.982000350952148 44.393001556396484 -41.141998291015625
7.480000019073486 43.4109992980957 -37.54899978637695
-2.694000005722046 62.9900016784668 -45.439998626708984
2.26200008392334 62.88999938964844 -42.231998443603516
7.770999908447266 59.095001220703125 -30.624000549316406
11.345000267028809 60.130001068115234 -31.368000030517578
13.444999694824219 56.380001068115234 -35.03499984741211
7.159999847412109 51.20600128173828 -43.28900146484375
-6.295000076293945 51.44200134277344 -42.0099983215332
-5.795000076293945 43.06399917602539 -37.11899948120117
-2.0510001182556152 42.84199905395508 -37.766998291015625
-2.6589999198913574 51.20500183105469 -47.03200149536133
12.479999542236328 67.03900146484375 -32.957000732421875
17.038000106811523 64.38200378417969 -25.39699935913086
16.985000610351562 60.5890007019043 -25.148000717163086
12.312000274658203 65.27999877929688 -23.201000213623047
10.690999984741211 66.33499908447266 -26.509000778198242
8.989999771118164 62.777000427246094 -34.57600021362305
5.436999797821045 58.60200119018555 -50.09600067138672
-11.906000137329102 56.45199966430664 -46.082000732421875
-14.147000312805176 55.16899871826172 -43.321998596191406
-8.345999717712402 56.18000030517578 -42.62900161743164
-8.845999717712402 59.74100112915039 -41.266998291015625
-4.316999912261963 68.01399993896484 -32.77299880981445
-5.0329999923706055 69.53299713134766 -29.389999389648438
-11.45199966430664 61.70000076293945 -19.985000610351562
-0.8479999899864197 46.72800064086914 -30.520999908447266
-6.177999973297119 42.99700164794922 -32.766998291015625
-5.559000015258789 46.58300018310547 -31.667999267578125
-6.46999979019165 47.220001220703125 -28.02400016784668
-2.359999895095825 66.62000274658203 -12.722000122070312
1.2029999494552612 67.78900146484375 -13.314000129699707
8.543999671936035 60.64799880981445 -11.161999702453613
5.229000091552734 65.62899780273438 -20.91699981689453
-6.302999973297119 54.625999450683594 -14.25
-1.6979999542236328 51.65800094604492 -19.28700065612793
0.3160000145435333 51.60499954223633 -22.479999542236328
-2.3369998931884766 58.40700149536133 -29.493999481201172
-12.274999618530273 64.98600006103516 -26.767000198364258
-8.21500015258789 65.43299865722656 -30.38599967956543
6.061999797821045 54.808998107910156 -18.00200080871582
2.0450000762939453 56.57600021362305 -18.025999069213867
1.3930000066757202 67.3740005493164 -28.163999557495117
4.745999813079834 73.37699890136719 -44.805999755859375
8.3100004196167 72.5459976196289 -46.02199935913086