71.66999816894531 -20.072999954223633 74.55400085449219
68.93699645996094 -21.76799964904785 80.28299713134766
64.71700286865234 -20.149999618530273 85.08499908447266
59.53900146484375 -19.79599952697754 87.822998046875
49.62799835205078 -35.643001556396484 113.24299621582031
45.483001708984375 -19.760000228881836 109.05400085449219
35.720001220703125 -0.7620000243186951 101.41400146484375
37.54899978637695 -4.572999954223633 91.88999938964844
44.78300094604492 -26.631000518798828 102.70899963378906
42.268001556396484 -21.836999893188477 106.83100128173828
32.582000732421875 -0.8539999723434448 105.5530014038086
40.89899826049805 3.803999900817871 112.72599792480469
44.17599868774414 -15.23799991607666 117.93900299072266
49.4010009765625 -14.430000305175781 109.03700256347656
44.8489990234375 -4.456999778747559 101.94999694824219
48.06700134277344 3.3310000896453857 107.01799774169922
50.4379997253418 -6.238999843597412 113.07099914550781
55.869998931884766 -9.031999588012695 113.05899810791016
53.4379997253418 -10.166000366210938 109.01699829101562
60.02799987792969 -2.4579999446868896 109.6240005493164
70.85900115966797 -7.4019999504089355 110.48999786376953
58.03499984741211 -12.140000343322754 99.31800079345703
68.89299774169922 -23.954999923706055 90.11199951171875
79.01499938964844 -9.411999702453613 91.72000122070312
65.84200286865234 -0.11500000208616257 91.00499725341797
65.2040023803711 -3.3429999351501465 95.2490005493164
73.5989990234375 -14.8149995803833 100.2969970703125
78.94400024414062 -8.331999778747559 96.45600128173828
68.5770034790039 3.430999994277954 90.61900329589844
74.30500030517578 2.118000030517578 84.1709976196289
80.16000366210938 -6.269000053405762 85.21900177001953
73.88500213623047 -11.630999565124512 88.68000030517578
62.97800064086914 -4.188000202178955 88.8550033569336
67.98100280761719 -2.697000026702881 79.66500091552734
69.14099884033203 -3.671999931335449 76.16000366210938
70.15299987792969 -7.2729997634887695 75.8740005493164
74.3740005493164 -8.381999969482422 79.63999938964844
72.2760009765625 -14.774999618530273 85.56900024414062
61.066001892089844 -8.633000373840332 87.83699798583984
54.8849983215332 -4.763999938964844 81.56199645996094
52.09299850463867 -3.565000057220459 76.06900024414062
53.566001892089844 -8.960000038146973 78.5459976196289
60.04199981689453 -7.666999816894531 81.11399841308594
65.23500061035156 -6.545000076293945 79.89600372314453
65.02799987792969 -7.163000106811523 76.14800262451172
64.80999755859375 -10.958000183105469 76.22799682617188
69.27100372314453 -14.770999908447266 76.1780014038086
70.37799835205078 -18.27199935913086 82.90499877929688
63.8489990234375 -15.697999954223633 83.76000213623047
59.625999450683594 -14.166999816894531 89.06099700927734
52.65299987792969 -23.85300064086914 116.86799621582031
56.61600112915039 -29.033000946044922 118.10399627685547