-18.679000854492188 -46.819000244140625 284.4389953613281
29.677000045776367 -55.88800048828125 281.3370056152344
30.20599937438965 -67.61299896240234 286.40899658203125
27.04199981689453 -65.50900268554688 282.1889953613281
24.836000442504883 -52.85499954223633 283.30499267578125
25.93899917602539 -48.356998443603516 286.3009948730469
26.79199981689453 -42.37099838256836 291.9200134277344
25.81399917602539 -34.0620002746582 287.56500244140625
-0.9409999847412109 -33.04899978637695 286.2330017089844
-5.228000164031982 -36.15599822998047 293.15899658203125
-8.119999885559082 -35.79800033569336 311.114013671875
-4.724999904632568 -40.54899978637695 318.33599853515625
-0.6769999861717224 -44.209999084472656 321.781005859375
3.377000093460083 -47.04100036621094 329.70001220703125
7.296000003814697 -45.0620002746582 338.87298583984375
3.8369998931884766 -41.56800079345703 335.9739990234375
-4.406000137329102 -34.097999572753906 317.74200439453125
4.116000175476074 -35.4640007019043 320.72100830078125
0.48100000619888306 -38.14400100708008 336.93798828125
2.203000068664551 -32.4010009765625 330.02301025390625
7.328000068664551 -31.892000198364258 320.781005859375
9.192999839782715 -32.847999572753906 317.510986328125
12.258999824523926 -28.875 315.2929992675781
12.628999710083008 -28.465999603271484 311.4909973144531
10.475000381469727 -33.40399932861328 309.4339904785156
12.352999687194824 -42.8650016784668 323.6300048828125
14.253000259399414 -43.900001525878906 333.593994140625
14.786999702453613 -38.6510009765625 333.0119934082031
20.569000244140625 -34.39400100708008 312.4330139160156
20.733999252319336 -40.42499923706055 315.7200012207031
10.914999961853027 -34.65999984741211 333.3290100097656
18.07900047302246 -30.716999053955078 328.968994140625
21.079999923706055 -32.43199920654297 330.447998046875
25.5310001373291 -39.37099838256836 322.6059875488281
21.270000457763672 -45.779998779296875 314.9219970703125
18.375999450683594 -49.29499816894531 328.82598876953125
19.823999404907227 -49.332000732421875 335.4389953613281
22.759000778198242 -44.0880012512207 333.58599853515625
24.902000427246094 -49.68899917602539 321.5769958496094
27.81399917602539 -52.15299987792969 323.9259948730469
24.45199966430664 -39.29899978637695 333.5010070800781
30.333999633789062 -39.808998107910156 325.81201171875
31.367000579833984 -44.29399871826172 328.5950012207031
32.2869987487793 -47.779998779296875 329.822998046875
32.904998779296875 -55.32899856567383 321.0610046386719
25.016000747680664 -56.25400161743164 315.5060119628906
15.791999816894531 -57.81399917602539 333.5270080566406
21.089000701904297 -58.84700012207031 334.7659912109375
24.246000289916992 -61.749000549316406 312.3349914550781
20.83799934387207 -64.5999984741211 318.1570129394531
25.18199920654297 -56.5989990234375 337.7430114746094
30.27400016784668 -56.27899932861328 340.3819885253906
29.006999969482422 -51.428001403808594 339.93798828125
36.83399963378906 -48.426998138427734 334.0060119628906
27.966999053955078 -65.6510009765625 330.9639892578125
27.04199981689453 -68.67500305175781 321.85699462890625
15.973999977111816 -66.27100372314453 322.03900146484375
16.985000610351562 -65.12000274658203 340.27899169921875
16.058000564575195 -69.11699676513672 336.4389953613281
12.359000205993652 -70.9280014038086 317.85101318359375
7.6529998779296875 -71.76100158691406 322.29901123046875
22.02199935913086 -70.04299926757812 334.38299560546875
16.409000396728516 -76.3949966430664 328.98199462890625
5.186999797821045 -76.13800048828125 324.22900390625
2.7019999027252197 -68.9229965209961 315.8760070800781
0.9909999966621399 -58.891998291015625 337.22900390625
1.3990000486373901 -64.2020034790039 334.885009765625
-4.53000020980835 -68.01200103759766 310.6449890136719
-5.631999969482422 -63.36199951171875 313.4840087890625
4.254000186920166 -67.83799743652344 334.7770080566406
-3.688999891281128 -71.59500122070312 330.5419921875
-9.26200008392334 -60.94200134277344 318.6449890136719
-3.9189999103546143 -56.43000030517578 314.7820129394531
2.26200008392334 -52.448001861572266 321.59698486328125
-2.878000020980835 -53.39799880981445 334.1820068359375
-8.977999687194824 -51.96099853515625 308.1199951171875
-11.156000137329102 -49.65999984741211 313.01300048828125
-5.427999973297119 -58.6609992980957 335.49798583984375
-12.11299991607666 -52.388999938964844 328.62799072265625
-10.303000450134277 -43.20899963378906 317.7749938964844
-18.020999908447266 -48.577999114990234 309.24200439453125
-18.1560001373291 -52.04100036621094 304.59100341796875
-1.0989999771118164 -70.96800231933594 294.9049987792969
-3.239000082015991 -72.22000122070312 300.87298583984375
-21.229999542236328 -54.659000396728516 301.6390075683594
-8.89900016784668 -53.55500030517578 293.0679931640625
1.8229999542236328 -57.66400146484375 299.97698974609375
-7.2170000076293945 -43.60200119018555 305.989990234375
-13.473999977111816 -45.07400131225586 294.2619934082031
-11.871999740600586 -53.595001220703125 296.6369934082031
-0.3499999940395355 -63.14400100708008 303.2749938964844
9.675000190734863 -70.33200073242188 310.13299560546875
9.180000305175781 -71.5270004272461 301.72601318359375
16.586000442504883 -67.98400115966797 298.9200134277344
11.822999954223633 -66.68900299072266 296.5509948730469
9.871000289916992 -67.31900024414062 293.3139953613281
-14.312999725341797 -64.74299621582031 291.7229919433594
-6.01200008392334 -54.555999755859375 289.4100036621094
11.182000160217285 -52.25299835205078 299.81298828125
11.071000099182129 -56.071998596191406 299.6709899902344
2.628000020980835 -61.18600082397461 284.3869934082031
2.184999942779541 -57.672000885009766 282.9599914550781
-2.2769999504089355 -55.619998931884766 286.1969909667969
-1.3380000591278076 -50.222999572753906 287.78399658203125
11.78600025177002 -47.94900131225586 297.46600341796875
22.090999603271484 -55.0359992980957 296.375
25.243999481201172 -50.72800064086914 299.1340026855469
22.073999404907227 -54.446998596191406 301.80999755859375
21.283000946044922 -65.11299896240234 298.6659851074219
27.062999725341797 -69.43499755859375 291.697998046875
16.04599952697754 -59.612998962402344 289.5
13.78499984741211 -56.79800033569336 288.2749938964844
13.970999717712402 -59.255001068115234 283.50201416015625
5.414999961853027 -58.49700164794922 276.4639892578125
5.61899995803833 -63.00899887084961 272.7869873046875
1.0609999895095825 -47.861000061035156 284.2619934082031
16.104000091552734 -39.138999938964844 297.16400146484375
19.888999938964844 -46.40299987792969 292.54998779296875
14.446000099182129 -48.16299819946289 272.21600341796875
6.36299991607666 -45.417999267578125 283.385986328125
13.192999839782715 -34.435001373291016 297.5480041503906
1.8370000123977661 -36.16299819946289 308.1109924316406
-9.996000289916992 -45.612998962402344 284.6090087890625
-19.222999572753906 -38.452999114990234 295.7250061035156