32.26100158691406 -3.8420000076293945 83.70500183105469
32.19200134277344 4.068999767303467 86.34700012207031
41.97999954223633 18.913000106811523 99.62100219726562
45.770999908447266 24.242000579833984 101.23300170898438
45.32899856567383 20.856000900268555 105.49199676513672
41.54100036621094 13.0 96.50800323486328
35.224998474121094 10.291000366210938 98.3010025024414
32.42100143432617 12.03600025177002 100.17400360107422
39.17300033569336 16.924999237060547 119.79000091552734
30.791000366210938 17.41699981689453 120.50499725341797
28.3799991607666 19.3700008392334 122.7249984741211
26.076000213623047 19.851999282836914 117.79900360107422
33.99599838256836 24.895999908447266 116.50700378417969
39.99300003051758 27.613000869750977 115.7229995727539
33.323001861572266 29.576000213623047 108.46900177001953
34.14699935913086 36.04100036621094 107.33399963378906
34.05099868774414 34.17100143432617 112.27799987792969
28.445999145507812 25.621999740600586 117.11000061035156
26.44499969482422 17.79800033569336 111.84100341796875
36.90700149536133 21.08099937438965 99.08499908447266
37.84600067138672 21.207000732421875 95.41200256347656
36.5 2.9049999713897705 81.44499969482422
41.534000396728516 8.564000129699707 85.50199890136719
36.3129997253418 20.099000930786133 88.18800354003906
29.92799949645996 14.149999618530273 75.9020004272461
27.16900062561035 22.583999633789062 51.62200164794922
25.788999557495117 17.479999542236328 53.52899932861328
34.25199890136719 16.79199981689453 75.53099822998047
35.78200149536133 13.357999801635742 74.91200256347656
39.909000396728516 10.217000007629395 79.40599822998047
40.097999572753906 12.170000076293945 70.27200317382812
33.37799835205078 4.077000141143799 56.612998962402344
37.08399963378906 11.769000053405762 60.19200134277344
36.78900146484375 22.975000381469727 69.72599792480469
39.41899871826172 19.13599967956543 70.5979995727539
27.731000900268555 12.5600004196167 57.237998962402344
25.038000106811523 9.949000358581543 65.56099700927734
32.888999938964844 1.9609999656677246 76.23400115966797
23.437999725341797 7.046000003814697 78.95099639892578
25.924999237060547 11.626999855041504 76.5459976196289
22.700000762939453 14.520000457763672 71.44000244140625
21.826000213623047 10.86299991607666 70.82599639892578
20.121999740600586 9.902999877929688 65.71900177001953
20.667999267578125 1.2020000219345093 65.73999786376953