-17.659000396728516 -13.262999534606934 -49.59199905395508
-21.63599967956543 -8.36299991607666 -46.89500045776367
-20.666000366210938 -14.111000061035156 -16.458999633789062
-11.04800033569336 -3.2909998893737793 -15.802000045776367
-14.690999984741211 -3.635999917984009 -16.83099937438965
-17.19300079345703 -4.53000020980835 -22.545000076293945
-16.195999145507812 -2.3380000591278076 -28.267000198364258
-15.739999771118164 -8.859000205993652 -26.76799964904785
-13.86400032043457 -9.786999702453613 -20.261999130249023
-9.326000213623047 -7.465000152587891 -16.79800033569336
-6.794000148773193 -8.177000045776367 -14.086000442504883
-1.7899999618530273 -7.3460001945495605 -17.131999969482422
-9.59000015258789 -12.845000267028809 -33.16600036621094
-10.913999557495117 -15.704999923706055 -39.4900016784668
-5.659999847412109 -16.29599952697754 -38.553001403808594
-5.426000118255615 -12.980999946594238 -30.47599983215332
-3.5810000896453857 -0.781000018119812 -15.842000007629395
-8.163000106811523 0.035999998450279236 -19.658000946044922
-5.013000011444092 1.6699999570846558 -21.089000701904297
-3.3940000534057617 -4.375999927520752 -30.649999618530273
-5.242000102996826 -6.203999996185303 -33.395999908447266
-2.2339999675750732 -6.869999885559082 -35.702999114990234
-5.335999965667725 -8.454999923706055 -39.935001373291016
-6.072999954223633 -9.557999610900879 -43.446998596191406