0.5260000228881836 -7.931000232696533 22.291000366210938
-2.9539999961853027 -7.172999858856201 23.66699981689453
-14.168999671936035 4.10699987411499 21.72800064086914
-8.14900016784668 0.8230000138282776 11.682000160217285
-9.446000099182129 -13.729999542236328 3.4660000801086426
3.7139999866485596 -19.000999450683594 10.5649995803833
5.686999797821045 -15.968000411987305 11.767000198364258
1.7960000038146973 -15.168000221252441 7.8420000076293945
0.4050000011920929 -15.541000366210938 11.36400032043457
-6.833000183105469 -11.003000259399414 8.932999610900879
-5.386000156402588 6.267000198364258 11.592000007629395
-8.279000282287598 4.802000045776367 19.11199951171875
-3.2330000400543213 2.2269999980926514 21.92099952697754
-0.3720000088214874 -6.058000087738037 12.668000221252441
-12.555000305175781 -10.406999588012695 22.864999771118164
-11.902000427246094 -15.642999649047852 20.649999618530273
-9.687999725341797 -15.701000213623047 14.883999824523926
-13.3100004196167 -11.793999671936035 7.343999862670898
-18.492000579833984 -5.980000019073486 21.410999298095703
-15.105999946594238 -2.0840001106262207 23.631000518798828
5.163000106811523 -9.532999992370605 11.524999618530273
7.763999938964844 -6.71999979019165 11.479999542236328