21.58300018310547 17.06100082397461 -13.277999877929688
14.111000061035156 20.43400001525879 -13.954000473022461
13.357000350952148 23.233999252319336 -11.647000312805176
3.2960000038146973 31.70599937438965 -10.567999839782715
1.753000020980835 35.02299880981445 -9.574000358581543
-7.630000114440918 31.636999130249023 -8.961000442504883
-12.199000358581543 20.042999267578125 3.2660000324249268
-15.887999534606934 21.219999313354492 -0.9509999752044678
-3.7219998836517334 31.224000930786133 -4.135000228881836
-0.020999999716877937 30.01300048828125 7.019000053405762
14.767999649047852 32.19499969482422 4.067999839782715
10.126999855041504 30.964000701904297 1.3109999895095825
0.48500001430511475 23.118000030517578 5.144000053405762
-6.676000118255615 20.378000259399414 0.01899999938905239
-2.809000015258789 17.922000885009766 -12.01200008392334
-6.840000152587891 15.133999824523926 -8.402000427246094
-3.121000051498413 31.351999282836914 -20.714000701904297
-1.100000023841858 33.05799865722656 -15.909000396728516
15.081999778747559 31.09600067138672 -15.795999526977539
27.99799919128418 23.670000076293945 -18.91699981689453