64.99700164794922 111.0199966430664 197.5570068359375
66.16300201416016 110.47599792480469 203.7169952392578
63.88600158691406 106.31199645996094 215.69700622558594
62.37200164794922 108.02300262451172 224.36300659179688
66.53199768066406 106.18099975585938 233.8350067138672
69.21099853515625 103.17400360107422 224.7270050048828
70.04499816894531 102.70500183105469 221.0399932861328
68.86499786376953 104.35900115966797 215.06700134277344
68.48300170898438 107.72899627685547 198.4409942626953
75.00599670410156 104.14900207519531 202.51699829101562
79.38300323486328 107.19999694824219 203.26300048828125
80.88300323486328 108.26899719238281 206.5780029296875
71.32599639892578 119.71099853515625 224.66900634765625
75.11100006103516 121.87899780273438 218.5290069580078
83.74800109863281 105.50499725341797 208.4010009765625
83.3290023803711 99.32499694824219 207.1719970703125
88.54299926757812 99.93099975585938 209.46600341796875
85.70899963378906 105.5989990234375 214.75399780273438
83.58200073242188 113.3030014038086 221.57200622558594
85.16100311279297 113.46800231933594 225.01800537109375
83.94000244140625 108.46099853515625 225.2480010986328
78.5260009765625 105.43499755859375 223.7100067138672
75.3759994506836 98.34400177001953 205.70899963378906
71.34500122070312 101.06700134277344 205.67999267578125
71.26799774169922 101.49199676513672 209.46600341796875
75.10299682617188 103.02200317382812 227.9199981689453
71.02400207519531 113.44999694824219 232.86099243164062
69.36499786376953 114.57599639892578 227.54800415039062
69.21099853515625 116.08200073242188 224.06199645996094
92.5469970703125 119.87999725341797 200.2010040283203
99.94599914550781 120.49800109863281 197.4929962158203
97.51300048828125 116.85199737548828 200.1840057373047
90.43000030517578 117.16000366210938 204.2570037841797
68.07499694824219 113.77799987792969 210.00599670410156
65.47200012207031 111.87999725341797 218.0019989013672
65.36000061035156 111.26899719238281 234.0449981689453
53.38199996948242 111.77799987792969 237.05499267578125
50.58700180053711 114.31099700927734 236.68600463867188
50.165000915527344 120.24600219726562 240.23899841308594
47.41899871826172 135.552001953125 240.71800231933594
49.244998931884766 145.47300720214844 236.6060028076172
47.93199920654297 150.50999450683594 234.17100524902344
46.375 145.6540069580078 231.6929931640625
56.729000091552734 113.0 230.59100341796875
48.150001525878906 121.00700378417969 226.96499633789062
38.28099822998047 129.30299377441406 229.51400756835938
37.3120002746582 130.6999969482422 224.38999938964844
40.30500030517578 132.8260040283203 225.49600219726562
43.215999603271484 132.8470001220703 223.03599548339844
47.9900016784668 133.97500610351562 225.87100219726562
56.00199890136719 128.85899353027344 227.56100463867188
61.74800109863281 123.19200134277344 231.3730010986328
64.08300018310547 120.63400268554688 236.24200439453125
58.98699951171875 119.21800231933594 233.89500427246094
42.347999572753906 145.08999633789062 234.3820037841797
33.500999450683594 140.70700073242188 235.32200622558594
40.27299880981445 129.24099731445312 234.27499389648438
47.32500076293945 112.6520004272461 228.94000244140625
45.263999938964844 110.85700225830078 232.7310028076172
45.33399963378906 114.03700256347656 234.8249969482422
42.768001556396484 132.1219940185547 238.91799926757812
46.3120002746582 141.61199951171875 246.85499572753906