73.06400299072266 14.782999992370605 33.14699935913086
69.98500061035156 8.58899974822998 32.972999572753906
63.29399871826172 -6.940000057220459 31.841999053955078
56.20399856567383 -11.869000434875488 26.799999237060547
51.821998596191406 -16.472999572753906 29.77899932861328
58.6879997253418 -11.449000358581543 35.507999420166016
74.91999816894531 10.154000282287598 37.01100158691406
69.7020034790039 6.295000076293945 43.40299987792969
65.87200164794922 9.354000091552734 46.007999420166016
61.31399917602539 5.642000198364258 43.547000885009766
48.292999267578125 0.10199999809265137 28.95599937438965
48.93600082397461 6.561999797821045 33.430999755859375
61.60200119018555 4.9079999923706055 49.90999984741211
56.698001861572266 0.4880000054836273 50.31100082397461
48.09700012207031 -0.024000000208616257 44.202999114990234
45.25899887084961 -2.4049999713897705 45.0369987487793
48.770999908447266 -5.915999889373779 45.983001708984375
53.95800018310547 -7.4710001945495605 42.86800003051758
71.51799774169922 0.6959999799728394 46.875999450683594
69.02999877929688 -0.05999999865889549 41.12699890136719
53.78900146484375 -12.755000114440918 39.7760009765625
46.314998626708984 -10.223999977111816 30.4950008392334
49.91600036621094 -5.788000106811523 29.67099952697754
51.45199966430664 -2.309000015258789 29.534000396728516
61.57400131225586 14.743000030517578 43.05500030517578
60.41699981689453 8.321999549865723 53.292999267578125
58.50199890136719 10.876999855041504 49.82400131225586
58.319000244140625 12.35099983215332 39.70199966430664
62.7599983215332 6.039000034332275 32.077999114990234
59.874000549316406 -1.5 29.224000930786133
48.8650016784668 -13.371000289916992 26.69099998474121
53.358001708984375 -15.86400032043457 14.949999809265137
54.31999969482422 -13.944999694824219 11.829000473022461
49.91600036621094 -12.725000381469727 6.697000026702881
44.20100021362305 -3.315999984741211 -4.492000102996826
44.077999114990234 10.152999877929688 -6.8429999351501465
53.28799819946289 -10.052000045776367 19.531999588012695
56.974998474121094 -2.1600000858306885 10.807999610900879
58.832000732421875 0.5640000104904175 -2.1389999389648438
61.1510009765625 5.229000091552734 -1.8029999732971191
57.46699905395508 5.908999919891357 -1.0540000200271606
56.823001861572266 7.829999923706055 2.1640000343322754
51.49100112915039 6.732999801635742 3.7090001106262207
47.39699935913086 2.493000030517578 11.305000305175781
44.08100128173828 -3.63100004196167 16.788000106811523
41.47600173950195 -9.199000358581543 17.591999053955078
47.04800033569336 -8.380000114440918 16.013999938964844
45.86399841308594 7.328999996185303 -10.67300033569336
48.91699981689453 2.625 -11.447999954223633
53.941001892089844 -0.6589999794960022 -5.447999954223633
61.20399856567383 -9.062999725341797 14.307000160217285
62.15800094604492 -13.020999908447266 12.315999984741211
59.66400146484375 -12.651000022888184 9.472000122070312
48.56100082397461 -4.093999862670898 -8.192000389099121
42.73699951171875 -8.173999786376953 -13.487000465393066