-17.327999114990234 -14.208999633789062 2.510999917984009
-15.666999816894531 -8.38700008392334 3.3329999446868896
-17.965999603271484 8.178999900817871 3.8369998931884766
-15.170999526977539 16.173999786376953 -1.312000036239624
-12.36400032043457 21.695999145507812 2.0260000228881836
-15.121999740600586 13.628000259399414 7.357999801635742
-18.466999053955078 -12.357999801635742 7.473999977111816
-14.67199993133545 -6.881999969482422 14.46399974822998
-9.468000411987305 -8.630000114440918 15.218999862670898
-8.567999839782715 -3.056999921798706 12.201000213623047
-2.621999979019165 8.821999549865723 -3.249000072479248
0.7730000019073486 2.7679998874664307 0.5889999866485596
-6.498000144958496 -3.453000068664551 18.64299964904785
-4.836999893188477 2.7090001106262207 19.11400032043457
0.9300000071525574 7.800000190734863 11.958999633789062
-7.622000217437744 11.595000267028809 13.137999534606934
-18.648000717163086 -3.8410000801086426 18.132999420166016
-18.20599937438965 -1.2769999504089355 12.197999954223633
-10.585000038146973 16.43000030517578 11.54699993133545
-4.7220001220703125 19.0 0.9259999990463257
-6.355000019073486 13.36299991607666 -0.5180000066757202
-6.1519999504089355 9.638999938964844 -1.1790000200271606
-1.190999984741211 -11.083999633789062 13.354000091552734
0.04500000178813934 -8.34000015258789 8.800999641418457
-11.623000144958496 -3.260999917984009 1.312000036239624
-13.204000473022461 5.0960001945495605 -0.3959999978542328
-10.258000373840332 20.79800033569336 -2.5230000019073486
-12.855999946594238 24.062000274658203 -11.475000381469727
-14.281999588012695 22.334999084472656 -14.574000358581543
-11.423999786376953 23.170000076293945 -20.652999877929688
-5.921999931335449 17.940000534057617 -34.20199966430664
0.9509999752044678 10.668000221252441 -39.41999816894531
2.4030001163482666 4.4770002365112305 -41.98400115966797
-2.306999921798706 6.008999824523926 -39.38100051879883
-9.928999900817871 18.121999740600586 -8.25
-12.720999717712402 10.243000030517578 -17.20800018310547
-16.930999755859375 7.781000137329102 -29.485000610351562
-17.020000457763672 2.4110000133514404 -29.179000854492188
-13.347999572753906 3.305000066757202 -29.798999786376953
-10.911999702453613 1.6200000047683716 -27.384000778198242
-6.168000221252441 4.8480000495910645 -27.10300064086914
-2.200000047683716 9.694000244140625 -19.856000900268555
-0.18199999630451202 16.06800079345703 -14.112000465393066
0.5979999899864197 21.988000869750977 -12.871999740600586
-4.572000026702881 19.360000610351562 -13.234000205993652
-5.415999889373779 8.552000045776367 -41.847999572753906
-10.069000244140625 11.631999969482422 -40.983001708984375
-12.986000061035156 13.968999862670898 -41.540000915527344
-15.256999969482422 8.791999816894531 -39.48500061035156
-15.967000007629395 11.157999992370605 -36.625999450683594
-15.281000137329102 12.560999870300293 -30.413000106811523
-18.04599952697754 14.531000137329102 -11.795000076293945
-21.01799964904785 17.922000885009766 -12.887999534606934
-19.388999938964844 18.56599998474121 -16.266000747680664
-11.734999656677246 16.506000518798828 -33.1349983215332
-6.216000080108643 20.41900062561035 -39.92900085449219