26.594999313354492 10.979999542236328 19.011999130249023
29.150999069213867 8.220000267028809 18.548999786376953
44.435001373291016 5.629000186920166 13.378000259399414
42.47600173950195 6.776000022888184 4.429999828338623
42.62799835205078 8.196999549865723 0.9039999842643738
34.130001068115234 6.355000019073486 0.5989999771118164
34.84400177001953 9.204000473022461 3.0160000324249268
40.1349983215332 11.154999732971191 6.229000091552734
43.48699951171875 11.913999557495117 7.839000225067139
37.4630012512207 12.678999900817871 14.656000137329102
26.746000289916992 0.6439999938011169 10.593999862670898
32.49599838256836 -0.5099999904632568 6.877999782562256
33.380001068115234 14.508999824523926 8.895999908447266
29.52899932861328 11.628000259399414 4.48199987411499
36.4379997253418 0.13699999451637268 10.756999969482422
39.56399917602539 3.765000104904175 13.548999786376953
35.12300109863281 9.355999946594238 23.868999481201172