-22.107999801635742 -16.739999771118164 -22.905000686645508
-14.265000343322754 -11.5649995803833 -21.444000244140625
-23.089000701904297 7.415999889373779 -23.836999893188477
-26.625999450683594 6.828999996185303 -22.6299991607666
-9.52299976348877 -7.329999923706055 -25.91200065612793
-8.793999671936035 -2.1010000705718994 -26.70800018310547
-27.836000442504883 -2.072999954223633 -30.121999740600586
-20.270000457763672 0.4410000145435333 -31.631999969482422
-6.388000011444092 1.399999976158142 -23.788999557495117
-7.771999835968018 5.955999851226807 -21.42099952697754
-23.086000442504883 7.552000045776367 -5.294000148773193
-24.84000015258789 2.7950000762939453 -6.34499979019165
-21.858999252319336 12.345999717712402 -35.494998931884766
-21.358999252319336 14.631999969482422 -30.47100067138672
-23.368999481201172 -2.299999952316284 -5.160999774932861
-22.645000457763672 -9.560999870300293 -8.519000053405762
-11.484999656677246 -15.392000198364258 -18.683000564575195
-4.401000022888184 -20.476999282836914 -16.17099952697754
1.0190000534057617 -11.01099967956543 -12.883000373840332
-12.359000205993652 -17.695999145507812 -12.664999961853027
-19.888999938964844 -6.285999774932861 -10.571000099182129
-4.809999942779541 -0.10999999940395355 -18.35700035095215
-8.413999557495117 3.3980000019073486 -9.994000434875488
-11.229000091552734 6.992000102996826 -5.6519999504089355
-21.634000778198242 17.663999557495117 -3.0239999294281006
-24.836999893188477 23.726999282836914 -17.14699935913086
-28.695999145507812 19.847999572753906 -15.102999687194824
-10.689000129699707 14.105999946594238 -4.997000217437744
-8.791000366210938 17.163000106811523 -8.777999877929688
-22.722000122070312 13.003999710083008 -15.038000106811523
-16.128999710083008 17.437000274658203 -16.038000106811523
-5.877999782562256 20.933000564575195 -9.239999771118164
-6.749000072479248 25.64699935913086 -11.496000289916992
-26.45800018310547 32.27399826049805 -5.39300012588501
-27.115999221801758 28.47599983215332 -1.531999945640564
-5.013999938964844 28.45800018310547 -16.08300018310547
-14.59000015258789 28.996000289916992 -16.115999221801758
-25.017000198364258 26.774999618530273 2.3570001125335693
-5.26800012588501 21.746000289916992 -1.4049999713897705
-9.467000007629395 31.906999588012695 -3.424999952316284
-10.045000076293945 35.10200119018555 -5.420000076293945
-16.326000213623047 41.569000244140625 -0.32899999618530273