-50.917999267578125 6.448999881744385 -31.093000411987305
-54.22800064086914 7.085999965667725 -36.22700119018555
-55.80400085449219 8.12600040435791 -49.3120002746582
-58.74700164794922 12.366000175476074 -56.284000396728516
-65.06600189208984 12.312999725341797 -64.16100311279297
-64.31800079345703 5.7870001792907715 -56.888999938964844
-52.803001403808594 1.9910000562667847 -33.05400085449219
-59.84199905395508 -2.1480000019073486 -35.50199890136719
-64.78199768066406 0.6729999780654907 -32.83599853515625
-65.5780029296875 4.041999816894531 -38.262001037597656
-67.78299713134766 21.08300018310547 -48.849998474121094
-72.29299926757812 16.457000732421875 -42.755001068115234
-65.46499633789062 -3.489000082015991 -38.874000549316406
-72.7229995727539 -3.25600004196167 -39.96799850463867
-77.8290023803711 8.781000137329102 -43.62699890136719
-72.29399871826172 5.267000198364258 -51.30500030517578
-60.00699996948242 -6.394000053405762 -41.55500030517578
-57.400001525878906 -2.563999891281128 -40.88399887084961
-58.652000427246094 -0.3050000071525574 -43.65999984741211
-70.58000183105469 3.5369999408721924 -58.117000579833984
-70.21600341796875 16.815000534057617 -59.867000579833984
-67.01100158691406 17.216999053955078 -54.90700149536133
-66.02899932861328 17.780000686645508 -51.26900100708008
-66.86299896240234 6.302000045776367 -26.038000106811523
-68.13400268554688 11.241000175476074 -29.827999114990234
-58.305999755859375 11.173999786376953 -40.56399917602539
-59.612998962402344 13.192999839782715 -48.7859992980957
-65.0250015258789 17.190000534057617 -63.099998474121094
-53.10900115966797 20.238000869750977 -65.0780029296875
-49.93299865722656 20.41900062561035 -63.00699996948242
-45.770999908447266 25.861000061035156 -62.66299819946289
-37.29999923706055 36.32699966430664 -54.672000885009766
-35.185001373291016 45.316001892089844 -50.755001068115234
-37.72600173950195 43.78200149536133 -46.83599853515625
-37.31100082397461 46.30500030517578 -40.268001556396484
-37.409000396728516 41.12099838256836 -42.00199890136719
-57.821998596191406 20.465999603271484 -59.3489990234375
-49.30099868774414 21.375999450683594 -50.641998291015625
-37.15599822998047 23.618000030517578 -46.31800079345703
-38.097999572753906 22.76300048828125 -41.05799865722656
-39.44300079345703 26.261999130249023 -41.77000045776367
-43.00699996948242 26.847000122070312 -40.55500030517578
-45.46799850463867 31.003999710083008 -43.4900016784668
-52.750999450683594 31.68400001525879 -49.55799865722656
-58.0629997253418 31.488000869750977 -56.375999450683594
-58.15599822998047 32.61199951171875 -62.805999755859375
-56.14799880981445 27.711000442504883 -59.79499816894531
-33.04499816894531 39.72800064086914 -43.74300003051758
-30.53499984741211 35.808998107910156 -46.82899856567383
-36.57400131225586 26.00200080871582 -50.85300064086914
-50.87799835205078 14.708999633789062 -56.39799880981445
-47.891998291015625 13.718000411987305 -60.01599884033203
-46.125999450683594 17.09000015258789 -59.9370002746582
-35.61800003051758 30.913000106811523 -53.9739990234375
-29.55900001525879 52.27000045776367 -66.28099822998047