63.777000427246094 -7.8379998207092285 141.38999938964844
66.15799713134766 -4.01200008392334 146.51300048828125
73.86399841308594 8.057999610900879 134.07200622558594
61.53300094604492 0.828000009059906 122.95500183105469
56.500999450683594 2.4730000495910645 145.36199951171875
52.81399917602539 8.63599967956543 150.1739959716797
63.22800064086914 23.79199981689453 135.38099670410156
54.667999267578125 25.464000701904297 139.28500366210938
48.89799880981445 3.3559999465942383 143.82400512695312
47.220001220703125 -0.22499999403953552 134.49899291992188
52.60900115966797 9.892999649047852 126.28500366210938
58.569000244140625 9.194000244140625 123.62799835205078
68.26799774169922 7.626999855041504 145.17999267578125
59.91899871826172 8.001999855041504 154.31700134277344