178.8470001220703 77.48400115966797 7.117000102996826
175.1269989013672 73.68699645996094 3.3919999599456787
169.8699951171875 70.41899871826172 -8.583999633789062
173.61000061035156 73.6969985961914 -16.832000732421875
178.08900451660156 84.08300018310547 0.3149999976158142
178.927001953125 75.18399810791016 0.9269999861717224
174.02999877929688 67.20600128173828 -8.199000358581543
167.2010040283203 63.20500183105469 -8.194000244140625
173.74899291992188 64.73799896240234 5.203999996185303
168.52999877929688 74.13899993896484 2.0810000896453857
163.17799377441406 72.4010009765625 -9.956999778747559
160.7830047607422 68.03199768066406 -12.043000221252441
164.20799255371094 66.59300231933594 -11.1899995803833
159.27699279785156 64.87100219726562 -9.428999900817871
160.36900329589844 67.0979995727539 -6.553999900817871
160.06199645996094 59.430999755859375 5.927999973297119
163.2239990234375 72.53800201416016 0.23000000417232513
159.4949951171875 78.86199951171875 -14.675999641418457
156.13800048828125 80.38800048828125 -13.784000396728516
152.0260009765625 72.0770034790039 -9.51200008392334
151.27999877929688 74.97599792480469 -7.164999961853027
158.42300415039062 73.3740005493164 -0.18299999833106995
159.26699829101562 78.6719970703125 -0.5770000219345093
162.843994140625 81.96099853515625 -13.284000396728516
170.74899291992188 86.49099731445312 -7.974999904632568
165.5989990234375 76.40499877929688 16.468000411987305
152.69000244140625 67.5770034790039 24.476999282836914
146.18600463867188 66.21399688720703 23.589000701904297
150.5449981689453 64.82599639892578 20.30299949645996
161.88299560546875 69.69400024414062 19.465999603271484
159.3280029296875 65.56800079345703 14.732000350952148
150.22900390625 58.444000244140625 19.448999404907227
152.4949951171875 57.262001037597656 14.62600040435791
155.16600036621094 64.11299896240234 8.848999977111816
159.1219940185547 72.65899658203125 8.114999771118164
151.4499969482422 80.93800354003906 22.93600082397461
147.39700317382812 84.80799865722656 17.707000732421875
146.4080047607422 86.99700164794922 14.788999557495117
147.23899841308594 86.06500244140625 11.234999656677246
157.7530059814453 83.75399780273438 7.86299991607666
146.35000610351562 84.66500091552734 3.2100000381469727
143.0570068359375 66.16600036621094 12.746999740600586
143.17999267578125 74.23600006103516 15.699000358581543
136.031005859375 84.81700134277344 15.673999786376953
142.90499877929688 84.5780029296875 14.711000442504883
141.8679962158203 73.572998046875 20.50200080871582
139.322998046875 67.71399688720703 22.482999801635742