19.422000885009766 14.57800006866455 -21.7189998626709
13.682000160217285 15.71500015258789 -13.503999710083008
-14.013999938964844 -4.440999984741211 -22.6299991607666
5.317999839782715 9.833999633789062 -27.304000854492188
-2.493000030517578 -2.565999984741211 -21.496000289916992
0.42100000381469727 -10.873000144958496 -13.11400032043457
-14.074999809265137 4.570000171661377 1.0549999475479126
-8.531000137329102 11.642000198364258 -0.7760000228881836
8.994999885559082 3.3529999256134033 1.5720000267028809
9.418999671936035 0.24699999392032623 -12.315999984741211
-18.988000869750977 11.758999824523926 -5.090000152587891
-9.295000076293945 13.526000022888184 -12.10099983215332
9.598999977111816 11.699000358581543 -3.5439999103546143
10.651000022888184 9.276000022888184 -8.472000122070312
16.95800018310547 5.874000072479248 -16.53700065612793
9.192000389099121 7.757999897003174 -19.166000366210938
11.907999992370605 -1.465000033378601 -21.95400047302246
11.965999603271484 -5.202000141143799 -21.292999267578125