-1.4019999504089355 22.257999420166016 -2.0409998893737793
-1.7649999856948853 17.93899917602539 -5.576000213623047
4.622000217437744 12.713000297546387 -20.437999725341797
-9.482000350952148 10.08899974822998 -18.763999938964844
-4.050000190734863 2.489000082015991 -7.995999813079834
-8.552000045776367 10.970000267028809 -5.689000129699707
-6.478000164031982 20.841999053955078 -26.756000518798828
-4.802000045776367 14.932000160217285 -24.930999755859375
-7.40500020980835 12.527000427246094 -0.5230000019073486
-1.0499999523162842 12.99899959564209 2.0250000953674316
7.974999904632568 9.927000045776367 -11.428999900817871
8.029999732971191 4.28000020980835 -18.423999786376953
6.1539998054504395 2.6080000400543213 -23.884000778198242
7.214000225067139 7.906000137329102 -22.926000595092773
6.449999809265137 10.39900016784668 -16.819000244140625
7.747000217437744 13.461000442504883 -15.027999877929688
1.7869999408721924 21.22800064086914 -7.565999984741211
3.260999917984009 24.01799964904785 -5.448999881744385