9.642000198364258 90.49099731445312 -6.835000038146973
15.699000358581543 89.69599914550781 -3.2890000343322754
20.12700080871582 82.04399871826172 0.9210000038146973
10.656000137329102 79.5979995727539 2.5439999103546143
-0.6629999876022339 100.26000213623047 12.055999755859375
5.310999870300293 103.322998046875 8.237000465393066
16.827999114990234 86.26699829101562 17.452999114990234
17.077999114990234 92.76499938964844 12.963000297546387
8.230999946594238 102.55799865722656 2.240000009536743
20.735000610351562 103.64600372314453 8.468999862670898
27.465999603271484 96.60099792480469 9.484000205993652
24.270000457763672 91.95600128173828 6.840000152587891
1.534000039100647 96.17400360107422 -3.052000045776367
5.072000026702881 99.4469985961914 -0.33899998664855957
25.41699981689453 94.3479995727539 13.970000267028809