14.402999877929688 -42.10599899291992 -32.52399826049805
12.741000175476074 -36.78300094604492 -29.518999099731445
2.746000051498413 -24.499000549316406 -27.290000915527344
-2.0460000038146973 -23.31599998474121 -35.23699951171875
8.520999908447266 -38.02199935913086 -40.185001373291016
8.623000144958496 -39.18000030517578 -30.900999069213867
-1.99399995803833 -25.37299919128418 -21.200000762939453
-4.175000190734863 -30.613000869750977 -23.961000442504883
-7.502999782562256 -29.20400047302246 -27.93199920654297
-9.40999984741211 -31.191999435424805 -30.54199981689453
2.690999984741211 -38.4379997253418 -29.229000091552734
2.1679999828338623 -27.049999237060547 -18.974000930786133
6.604000091552734 -25.82900047302246 -16.801000595092773
12.45199966430664 -38.57500076293945 -18.065000534057617
15.76099967956543 -33.62300109863281 -26.62700080871582
6.0970001220703125 -21.611000061035156 -29.847000122070312
3.003000020980835 -1.7480000257492065 -16.639999389648438
19.30699920654297 -31.14900016784668 -25.392000198364258
10.027999877929688 -15.204999923706055 -33.70100021362305
9.954000473022461 -10.923999786376953 -39.500999450683594
14.022000312805176 -7.4730000495910645 -37.9119987487793
5.513999938964844 -1.694000005722046 -32.99700164794922
27.570999145507812 -17.349000930786133 -22.954999923706055
23.176000595092773 -27.047000885009766 -30.34600067138672
6.631999969482422 -18.777999877929688 -39.74100112915039
-0.3089999854564667 -24.045000076293945 -41.332000732421875
20.451000213623047 -26.68899917602539 -38.67100143432617
22.5 -19.083999633789062 -34.40700149536133
9.727999687194824 -21.003999710083008 -43.52299880981445
18.099000930786133 -15.937000274658203 -43.694000244140625
16.434999465942383 -12.751999855041504 -42.38999938964844
18.822999954223633 -8.79800033569336 -37.856998443603516