15.71399974822998 70.02300262451172 124.03399658203125
5.218999862670898 60.775001525878906 128.08999633789062
-10.333000183105469 58.792999267578125 117.05500030517578
-15.192000389099121 57.05699920654297 127.91000366210938
3.6519999504089355 59.4739990234375 135.32000732421875
3.4579999446868896 63.749000549316406 131.44400024414062
-4.118000030517578 65.86599731445312 124.46499633789062
-6.289000034332275 62.409000396728516 116.78399658203125
-6.816999912261963 60.000999450683594 113.89099884033203
4.599999904632568 59.63399887084961 110.82499694824219
9.555000305175781 66.69599914550781 123.29199981689453
7.2220001220703125 58.05500030517578 125.26399993896484
-10.902000427246094 50.90800094604492 120.61100006103516
-6.171000003814697 49.26499938964844 122.95899963378906
16.01799964904785 60.808998107910156 118.10600280761719
12.085000038146973 58.345001220703125 115.24600219726562
-9.286999702453613 43.61899948120117 129.6909942626953
-10.22700023651123 48.97999954223633 138.1060028076172
-9.675999641418457 52.74599838256836 138.3800048828125
-8.27299976348877 54.86199951171875 141.21299743652344
-10.024999618530273 51.87099838256836 145.7689971923828
9.711000442504883 50.60300064086914 143.14599609375
7.623000144958496 35.909000396728516 135.51800537109375
9.675000190734863 35.19300079345703 130.48599243164062
11.116999626159668 35.930999755859375 125.84500122070312
11.567999839782715 38.71699905395508 123.24500274658203
11.272000312805176 54.90399932861328 136.63699340820312
20.801000595092773 59.244998931884766 146.73199462890625
14.196999549865723 56.124000549316406 152.62399291992188
9.817000389099121 54.52399826049805 149.28500366210938
4.672999858856201 52.70600128173828 146.15699768066406
-0.6140000224113464 35.39099884033203 133.9040069580078
0.4569999873638153 40.902000427246094 131.75100708007812
7.084000110626221 45.970001220703125 163.9010009765625
7.114999771118164 43.45000076293945 157.947998046875
-4.394999980926514 51.92499923706055 144.98699951171875
-5.664999961853027 47.67900085449219 138.00900268554688
10.862000465393066 46.499000549316406 117.01699829101562
19.85300064086914 46.21799850463867 114.86399841308594
22.225000381469727 51.62200164794922 123.75199890136719
27.60099983215332 54.18299865722656 126.20099639892578