-9.72599983215332 -36.104000091552734 -7.420000076293945
-10.717000007629395 -37.994998931884766 -10.574999809265137
-13.503000259399414 -40.39500045776367 -9.770000457763672
-16.652000427246094 -39.64699935913086 -4.046000003814697
-16.996999740600586 -36.13999938964844 1.2130000591278076
-14.232000350952148 -32.60100173950195 6.508999824523926
-10.633999824523926 -36.137001037597656 6.8420000076293945
-7.199999809265137 -31.767000198364258 5.815000057220459
-3.2929999828338623 -11.682000160217285 -4.627999782562256
-7.9070000648498535 -15.138999938964844 -3.1410000324249268
-1.9550000429153442 -27.795000076293945 16.382999420166016
1.843000054359436 -27.163000106811523 11.968000411987305
4.435999870300293 -29.937000274658203 -0.7910000085830688
7.185999870300293 -27.39699935913086 -1.593000054359436
4.877999782562256 -22.445999145507812 -2.7839999198913574
4.5320000648498535 -16.530000686645508 4.03000020980835
-1.062000036239624 -17.4060001373291 2.2260000705718994
-12.444000244140625 -27.631999969482422 9.253999710083008
-16.231000900268555 -26.402000427246094 0.5509999990463257
-13.79699993133545 -24.434999465942383 -1.625
-10.871999740600586 -21.805999755859375 11.416999816894531
12.894000053405762 -28.233999252319336 1.7699999809265137
14.428999900817871 -29.902999877929688 -7.224999904632568
12.557000160217285 -32.23699951171875 -13.574999809265137
9.817000389099121 -33.196998596191406 -7.940999984741211
12.145000457763672 -33.590999603271484 -1.694000005722046
6.920000076293945 -28.15399932861328 3.125
-4.710999965667725 -16.934999465942383 13.758000373840332
-13.079000473022461 -30.301000595092773 17.268999099731445
-15.373000144958496 -32.69900131225586 15.427000045776367
-10.428000450134277 -30.33799934387207 13.095999717712402
-8.019000053405762 -33.12799835205078 14.1850004196167
-0.3240000009536743 -39.284000396728516 13.026000022888184
2.9519999027252197 -39.53099822998047 11.390000343322754
-5.422999858856201 -49.62799835205078 -0.34700000286102295
-10.27299976348877 -30.113000869750977 -3.934000015258789
-17.124000549316406 -29.895000457763672 -2.4579999446868896
-14.213000297546387 -31.91200065612793 -1.0010000467300415
-13.543999671936035 -35.327999114990234 -2.5429999828338623
6.126999855041504 -51.2760009765625 -5.53000020980835
9.307000160217285 -49.33100128173828 -6.179999828338623
10.664999961853027 -48.00899887084961 -11.772000312805176
11.746999740600586 -45.332000732421875 -14.982999801635742
10.894000053405762 -42.22700119018555 -9.065999984741211
8.680999755859375 -41.34600067138672 -3.2739999294281006
-6.193999767303467 -47.60599899291992 -9.345999717712402
-6.535999774932861 -40.63199996948242 -9.062000274658203
-5.281000137329102 -37.367000579833984 -7.709000110626221
-2.7750000953674316 -36.5099983215332 2.306999921798706
-1.0230000019073486 -51.19599914550781 12.786999702453613
-3.6570000648498535 -46.492000579833984 13.098999977111816
2.309000015258789 -37.44499969482422 -12.01200008392334
-3.7119998931884766 -42.279998779296875 -17.041000366210938
-2.7279999256134033 -45.88800048828125 -17.854000091552734
1.190999984741211 -43.39099884033203 -14.95300006866455
0.5799999833106995 -43.571998596191406 -11.26200008392334
0.23499999940395355 -40.74100112915039 -8.800000190734863
6.677999973297119 -39.268001556396484 4.650000095367432
11.515999794006348 -37.4379997253418 6.1479997634887695
10.935999870300293 -37.83700180053711 9.843000411987305
8.737000465393066 -28.275999069213867 13.781999588012695
10.904000282287598 -25.961000442504883 15.895000457763672