-11.45300006866455 -39.672000885009766 25.474000930786133
-9.220999717712402 -31.631000518798828 16.014999389648438
-24.340999603271484 -20.601999282836914 6.206999778747559
-23.83300018310547 -22.351999282836914 -0.04899999871850014
-19.381999969482422 -27.14299964904785 -0.6769999861717224
-8.409000396728516 -19.014999389648438 6.080999851226807
-8.484999656677246 -28.573999404907227 3.3559999465942383
-25.937000274658203 -34.14400100708008 13.765000343322754
-27.143999099731445 -28.569000244140625 8.527000427246094
-29.347000122070312 -30.908000946044922 -4.951000213623047
-26.319000244140625 -26.836000442504883 -1.5010000467300415
-31.5939998626709 -26.187000274658203 10.145999908447266
-33.44599914550781 -24.590999603271484 13.0649995803833
-21.92300033569336 -17.19099998474121 25.222999572753906
8.375 -17.18199920654297 19.027999877929688
16.392000198364258 -13.52400016784668 25.832000732421875
17.7810001373291 -10.407999992370605 24.125999450683594
22.586000442504883 -10.640999794006348 21.551000595092773
23.382999420166016 -4.324999809265137 20.1560001373291
-14.3100004196167 -0.5600000023841858 -2.859999895095825
-19.64699935913086 -5.343999862670898 8.649999618530273
19.731000900268555 2.674999952316284 18.702999114990234
21.266000747680664 8.463000297546387 21.339000701904297