-22.506999969482422 55.71799850463867 44.4640007019043
-28.937000274658203 57.70500183105469 37.810001373291016
-23.95599937438965 67.06900024414062 35.91999816894531
-32.000999450683594 66.79100036621094 32.715999603271484
-33.63100051879883 68.53399658203125 29.73699951171875
-31.6200008392334 63.9010009765625 28.937000274658203
-29.354999542236328 66.52400207519531 27.36199951171875
-27.680999755859375 63.97600173950195 25.09000015258789
-10.295999526977539 59.10900115966797 31.04599952697754
-5.624000072479248 56.854000091552734 26.459999084472656
-3.4010000228881836 53.9640007019043 27.437999725341797
1.8940000534057617 51.902000427246094 32.13800048828125
-0.6830000281333923 55.71099853515625 34.553001403808594
0.36399999260902405 55.17499923706055 40.779998779296875
1.3279999494552612 34.78099822998047 35.07899856567383
0.8040000200271606 34.63800048828125 43.391998291015625
-1.8519999980926514 52.47999954223633 54.08399963378906
2.693000078201294 52.05500030517578 45.04100036621094
4.375999927520752 44.09299850463867 31.1560001373291
2.4709999561309814 37.14699935913086 26.253999710083008
-3.869999885559082 44.766998291015625 22.597000122070312
-7.916999816894531 53.452999114990234 27.444000244140625
-6.269999980926514 53.04199981689453 30.840999603271484
-9.586000442504883 36.14500045776367 37.80699920654297
-12.067000389099121 44.231998443603516 45.54800033569336
-10.149999618530273 48.564998626708984 49.9630012512207
-8.710000038146973 52.303001403808594 46.56999969482422
-9.461999893188477 56.933998107910156 43.52799987792969
-13.246000289916992 56.5629997253418 43.584999084472656
-15.82800006866455 44.073001861572266 36.314998626708984
-23.49799919128418 55.823001861572266 36.66400146484375
-13.029000282287598 42.874000549316406 18.676000595092773
-23.639999389648438 55.507999420166016 23.41900062561035
-37.71500015258789 58.361000061035156 32.268001556396484
-38.78799819946289 57.02799987792969 35.637001037597656