28.35099983215332 -1.2419999837875366 14.972999572753906
22.070999145507812 -8.088000297546387 9.61299991607666
19.472000122070312 -5.330999851226807 9.123000144958496
20.59000015258789 7.127999782562256 25.891000747680664
5.565999984741211 10.312000274658203 32.319000244140625
3.2009999752044678 9.312000274658203 35.069000244140625
6.4720001220703125 1.6619999408721924 41.19200134277344
18.047000885009766 -25.756000518798828 19.45400047302246
31.163999557495117 -26.114999771118164 21.270000457763672
13.265000343322754 7.3979997634887695 45.89699935913086
18.26799964904785 12.845000267028809 40.404998779296875
32.22200012207031 -41.599998474121094 -7.335000038146973
26.92799949645996 -44.236000061035156 -12.480999946594238
22.382999420166016 -7.964000225067139 4.622000217437744
23.31800079345703 -4.4079999923706055 5.589000225067139
24.52899932861328 -3.950000047683716 -0.7080000042915344
33.83000183105469 -42.72800064086914 -20.64900016784668
39.98400115966797 -36.53300094604492 -22.516000747680664
32.04999923706055 -14.045000076293945 6.593999862670898
38.15299987792969 -14.892999649047852 -4.913000106811523