-9.454000473022461 -5.992000102996826 -18.020999908447266
-5.702000141143799 -6.164999961853027 -12.588000297546387
-4.197999954223633 -13.020000457763672 -2.496000051498413
2.621999979019165 -9.498000144958496 1.1920000314712524
5.25 -8.03600025177002 3.555000066757202
9.668999671936035 -11.12600040435791 -4.006999969482422
6.357999801635742 -11.829000473022461 -5.7129998207092285
2.615000009536743 -16.604000091552734 -8.5649995803833
-1.4329999685287476 -12.765000343322754 -7.140999794006348
-11.472999572753906 -6.354000091552734 -12.394000053405762
-2.7009999752044678 -5.545000076293945 -15.687000274658203
-3.0160000324249268 -9.204000473022461 -14.765000343322754
7.110000133514404 -12.644000053405762 -10.586999893188477
9.901000022888184 -7.158999919891357 -4.7779998779296875
8.258000373840332 -1.7690000534057617 -1.8650000095367432
0.4090000092983246 -5.065000057220459 0.3319999873638153
-2.822000026702881 -6.124000072479248 2.071000099182129
-4.933000087738037 -3.944999933242798 -5.9710001945495605
-1.2419999837875366 -4.006999969482422 -6.826000213623047
2.734999895095825 0.17100000381469727 -10.600000381469727
6.5980000495910645 -2.9709999561309814 -7.4019999504089355
10.33899974822998 -2.375999927520752 -7.558000087738037
2.8459999561309814 -0.9139999747276306 -23.106000900268555