-5.13700008392334 -10.645999908447266 18.426000595092773
-7.460000038146973 -14.902999877929688 22.392000198364258
-7.334000110626221 -18.79800033569336 18.663000106811523
-5.513000011444092 -24.743999481201172 19.332000732421875
-5.584000110626221 -30.110000610351562 15.652000427246094
-9.515999794006348 -20.559999465942383 -2.7809998989105225
-2.630000114440918 -16.107999801635742 0.6690000295639038
12.029000282287598 -11.585000038146973 7.553999900817871
9.878999710083008 -9.902000427246094 2.0239999294281006
-2.671999931335449 -19.94499969482422 -2.5850000381469727
-3.5490000247955322 -23.156999588012695 -0.7020000219345093
-4.281000137329102 -33.888999938964844 7.75
0.4429999887943268 -31.531999588012695 4.673999786376953
4.979000091552734 -20.524999618530273 -5.7179999351501465
11.850000381469727 -16.584999084472656 -8.425999641418457
13.496999740600586 -18.55699920654297 5.9029998779296875
6.939000129699707 -17.884000778198242 7.623000144958496
-15.258999824523926 -10.168000221252441 4.074999809265137
-12.428000450134277 -12.567000389099121 8.427000045776367
8.723999977111816 -23.106000900268555 10.713000297546387
10.380000114440918 -27.281999588012695 1.2879999876022339
0.11699999868869781 -30.43899917602539 -11.088000297546387
4.561999797821045 -27.01799964904785 -11.270999908447266
2.634000062942505 -29.118000030517578 7.658999919891357
-4.124000072479248 -20.867000579833984 14.020000457763672
-13.708999633789062 -12.600000381469727 12.888999938964844
-13.236000061035156 -8.991999626159668 13.991000175476074