10.512999534606934 46.316001892089844 22.768999099731445
8.340999603271484 41.617000579833984 19.166000366210938
10.762999534606934 29.797000885009766 8.168000221252441
19.590999603271484 21.06399917602539 9.95199966430664
19.402000427246094 44.21799850463867 18.878000259399414
11.937000274658203 39.88999938964844 21.663999557495117
10.581999778747559 31.250999450683594 17.648000717163086
8.842000007629395 27.874000549316406 17.266000747680664
8.333000183105469 23.579999923706055 21.601999282836914
4.230999946594238 19.683000564575195 14.222000122070312
4.2270002365112305 40.31100082397461 16.312999725341797
7.4720001220703125 42.494998931884766 12.684000015258789
15.35200023651123 30.34000015258789 1.031999945640564
14.553000450134277 28.363000869750977 -2.125999927520752
1.1629999876022339 24.134000778198242 -1.5149999856948853
-1.7979999780654907 34.08100128173828 0.37299999594688416
-5.070000171661377 39.65399932861328 5.961999893188477
2.1040000915527344 44.608001708984375 4.535999774932861
6.672999858856201 41.66400146484375 6.824999809265137
18.795000076293945 33.77899932861328 1.0219999551773071
18.554000854492188 34.207000732421875 -5.803999900817871
17.207000732421875 33.875 -12.583000183105469
15.62399959564209 37.564998626708984 -8.741999626159668
13.522000312805176 34.13800048828125 -3.5190000534057617
16.410999298095703 42.185001373291016 2.2300000190734863
21.14699935913086 38.67900085449219 2.4000000953674316
27.01799964904785 39.779998779296875 7.047999858856201
11.585000038146973 51.21699905395508 11.741999626159668
1.3860000371932983 74.02300262451172 9.607000350952148