-8.079000473022461 -21.927000045776367 25.981000900268555
-1.8650000095367432 -23.73699951171875 24.156999588012695
1.3769999742507935 -23.655000686645508 22.094999313354492
9.593999862670898 -21.7189998626709 21.301000595092773
18.034000396728516 -22.96500015258789 7.517000198364258
9.52299976348877 -26.76099967956543 11.154000282287598
-7.379000186920166 -26.667999267578125 22.81800079345703
-10.956999778747559 -27.87299919128418 23.113000869750977
-15.430000305175781 -26.996999740600586 16.8439998626709
-5.888999938964844 -19.930999755859375 12.12600040435791
7.658999919891357 -9.770999908447266 13.418999671936035
-0.2590000033378601 -11.270000457763672 9.35099983215332
-9.461000442504883 -23.25200080871582 7.64900016784668
-5.942999839782715 -22.190000534057617 3.0899999141693115
-3.3570001125335693 -19.490999221801758 2.3499999046325684
3.2950000762939453 -22.513999938964844 4.673999786376953
-8.86299991607666 -33.74700164794922 17.150999069213867
-4.866000175476074 -30.010000228881836 17.808000564575195
9.04800033569336 -26.035999298095703 4.711999893188477
15.75100040435791 -16.402000427246094 7.734000205993652
11.770999908447266 -15.868000030517578 11.96399974822998
8.883999824523926 -14.390000343322754 13.991000175476074
-14.246000289916992 -20.30299949645996 21.32900047302246
-11.961000442504883 -15.1899995803833 19.68400001525879
-2.624000072479248 -19.10700035095215 21.94700050354004
5.50600004196167 -19.62299919128418 19.5939998626709
22.485000610351562 -21.301000595092773 10.90999984741211
28.277000427246094 -11.093000411987305 13.083000183105469
30.266000747680664 -8.381999969482422 14.843000411987305
28.533000946044922 -2.1659998893737793 13.72599983215332
29.795000076293945 13.454000473022461 19.902000427246094
26.847000122070312 22.079999923706055 18.46500015258789
21.687000274658203 24.597000122070312 25.000999450683594
26.134000778198242 17.19099998474121 26.131000518798828
23.9950008392334 -13.51099967956543 18.509000778198242
27.09600067138672 -4.989999771118164 26.83799934387207
40.28499984741211 9.170999526977539 28.371000289916992
39.207000732421875 5.703000068664551 32.74599838256836
29.670000076293945 4.577000141143799 34.926998138427734
24.905000686645508 6.164000034332275 31.350000381469727
19.233999252319336 -0.5830000042915344 26.145999908447266
16.329999923706055 -5.820000171661377 20.39900016784668
16.101999282836914 -6.135000228881836 13.977999687194824
20.10700035095215 -7.202000141143799 16.739999771118164
28.167999267578125 18.760000228881836 31.195999145507812
29.75 20.766000747680664 28.343000411987305
39.09700012207031 15.322999954223633 28.365999221801758
35.6150016784668 9.6850004196167 25.34000015258789
31.263999938964844 -12.673999786376953 22.07699966430664
35.518001556396484 -9.342000007629395 21.347000122070312
37.22600173950195 14.064000129699707 20.996999740600586
38.94900131225586 18.52199935913086 19.04199981689453