-15.032999992370605 -24.268999099731445 -10.083000183105469
-15.02299976348877 -20.729000091552734 -8.706999778747559
-18.761999130249023 -1.2690000534057617 -8.085000038146973
-21.389999389648438 -0.8080000281333923 -5.396999835968018
-27.284000396728516 -5.48199987411499 -11.970999717712402
-25.461000442504883 -8.383000373840332 -10.413999557495117
-24.641000747680664 -23.344999313354492 -13.265000343322754
-18.875 -21.10700035095215 -6.433000087738037
-15.829999923706055 -1.7059999704360962 -3.759999990463257
-14.303999900817871 1.5429999828338623 -8.77299976348877
-7.116000175476074 -4.932000160217285 -7.567999839782715
-7.945000171661377 -6.492000102996826 -10.972000122070312
-10.925999641418457 -11.043000221252441 -10.279000282287598
-14.159000396728516 -10.425999641418457 -14.440999984741211
-17.076000213623047 5.038000106811523 -16.73699951171875
-11.187000274658203 -6.8470001220703125 -23.283000946044922
-42.16299819946289 18.594999313354492 -4.664999961853027
-34.28499984741211 24.364999771118164 -5.505000114440918
-31.141000747680664 23.26099967956543 -1.1119999885559082
-26.52400016784668 19.674999237060547 -3.6649999618530273
-17.64900016784668 12.07800006866455 -7.270999908447266
-13.640000343322754 14.769000053405762 -13.15999984741211
-30.49799919128418 26.826000213623047 -12.29699993133545
-21.59000015258789 20.95800018310547 -3.625999927520752
-18.187999725341797 8.550999641418457 -3.5199999809265137
-24.235000610351562 6.335999965667725 -5.550000190734863
-33.7130012512207 11.326000213623047 3.943000078201294
-31.05500030517578 17.33300018310547 -3.9590001106262207
-31.909000396728516 6.021999835968018 -13.852999687194824
-34.35900115966797 5.539000034332275 -9.28499984741211
-40.141998291015625 14.008000373840332 -5.61899995803833
-30.375 15.904000282287598 -17.43600082397461
-29.395000457763672 16.95199966430664 -20.94499969482422
-26.50200080871582 20.788999557495117 -25.368999481201172
-27.767000198364258 15.569999694824219 -25.496000289916992
-25.969999313354492 12.991000175476074 -19.895999908447266
-25.12700080871582 9.282999992370605 -20.01300048828125
-8.470999717712402 -10.810999870300293 -19.843000411987305
-9.635000228881836 -12.85099983215332 -22.91200065612793
-12.22599983215332 -21.273000717163086 -17.72599983215332
-15.670000076293945 -22.80900001525879 -18.472000122070312
-27.917999267578125 -7.025000095367432 -21.52199935913086
-36.54999923706055 -7.426000118255615 -26.361000061035156