-15.508000373840332 -2.3559999465942383 53.375999450683594
-4.198999881744385 -3.3970000743865967 63.82400131225586
8.3149995803833 10.142000198364258 57.138999938964844
15.29699993133545 10.788999557495117 56.65399932861328
16.757999420166016 4.63700008392334 57.21500015258789
17.56999969482422 -0.46399998664855957 61.19599914550781
0.0010000000474974513 -7.401000022888184 43.56700134277344
-9.937999725341797 -3.992000102996826 43.42399978637695
-1.559999942779541 11.052000045776367 55.54999923706055
-1.2239999771118164 11.890000343322754 51.86899948120117
5.479000091552734 3.632999897003174 45.46099853515625
9.269000053405762 -1.5640000104904175 45.42100143432617
9.925000190734863 -5.124000072479248 46.4379997253418
5.908999919891357 -1.722000002861023 42.369998931884766
2.26200008392334 -2.5950000286102295 42.672000885009766
-1.4700000286102295 -9.227999687194824 35.55500030517578
-6.563000202178955 -2.756999969482422 34.92599868774414
-4.291999816894531 8.152000427246094 43.553001403808594
5.302999973297119 -0.27799999713897705 33.893001556396484
0.12800000607967377 -7.203000068664551 28.642000198364258
-11.220999717712402 -1.694000005722046 24.520999908447266
4.738999843597412 8.468999862670898 32.3489990234375
7.743000030517578 0.10700000077486038 24.805999755859375
5.330999851226807 -8.960000038146973 19.38599967956543
-1.0 -3.628999948501587 16.31599998474121
0.0010000000474974513 8.800000190734863 23.20400047302246
10.842000007629395 0.27900001406669617 15.803000450134277
7.51800012588501 -9.164999961853027 8.737000465393066
3.2929999828338623 -5.406000137329102 7.2729997634887695
2.38700008392334 6.942999839782715 8.352999687194824
14.92300033569336 -1.1130000352859497 7.697000026702881
14.699999809265137 -11.45199966430664 6.61299991607666
10.182000160217285 -8.411999702453613 0.11800000071525574
11.819999694824219 7.59499979019165 -2.552999973297119