3.6989998817443848 -0.36000001430511475 -4.9079999923706055
6.289999961853027 -0.004000000189989805 -11.437000274658203
21.46299934387207 16.993999481201172 0.07400000095367432
27.163999557495117 12.010000228881836 2.506999969482422
10.944000244140625 -7.598999977111816 -11.430000305175781
3.0850000381469727 -1.777999997138977 -19.898000717163086
2.819999933242798 -6.973999977111816 -21.339000701904297
14.878000259399414 -8.866999626159668 -26.280000686645508
33.94200134277344 7.482999801635742 1.3630000352859497
29.257999420166016 13.928999900817871 -1.409999966621399
6.638999938964844 2.8529999256134033 -19.736000061035156