-18.041000366210938 -3.7739999294281006 -42.54399871826172
-6.315000057220459 4.236999988555908 -35.60300064086914
-9.644000053405762 12.086999893188477 -58.10200119018555
-9.340999603271484 2.7269999980926514 -58.45500183105469
2.0220000743865967 -1.034999966621399 -60.189998626708984
8.864999771118164 5.711999893188477 -60.69300079345703
7.931000232696533 12.458999633789062 -48.224998474121094
16.393999099731445 9.234000205993652 -49.09000015258789
18.709999084472656 6.298999786376953 -49.847999572753906
4.629000186920166 -9.079000473022461 -51.499000549316406
17.094999313354492 12.812000274658203 -27.975000381469727
19.28499984741211 16.354000091552734 -32.34000015258789
-10.819999694824219 -3.7269999980926514 -58.75600051879883
-11.656999588012695 -2.8459999561309814 -53.02299880981445
13.041000366210938 0.6039999723434448 -37.65399932861328
7.966000080108643 -3.0409998893737793 -32.16699981689453
-15.878999710083008 6.633999824523926 -53.72800064086914
-11.130000114440918 6.4019999504089355 -55.20199966430664
6.986000061035156 -7.836999893188477 -29.715999603271484
5.771999835968018 2.7170000076293945 -25.663999557495117
-2.9679999351501465 16.864999771118164 -62.45500183105469