2.006999969482422 -18.94499969482422 -61.08000183105469
6.947999954223633 -8.145999908447266 -48.314998626708984
5.986999988555908 10.723999977111816 -37.82500076293945
4.196000099182129 9.82699966430664 -43.10900115966797
11.03499984741211 -11.645000457763672 -46.944000244140625
13.517000198364258 -12.456000328063965 -41.946998596191406
19.566999435424805 8.916999816894531 -44.6879997253418
21.85700035095215 5.715000152587891 -40.36600112915039
7.3979997634887695 -11.57699966430664 -39.02899932861328
7.145999908447266 -5.379000186920166 -40.0369987487793
15.118000030517578 -0.7839999794960022 -35.02899932861328
8.11400032043457 3.318000078201294 -37.810001373291016
3.796999931335449 -0.4099999964237213 -41.981998443603516