0.38199999928474426 -7.105000019073486 20.14699935913086
-1.9759999513626099 0.1289999932050705 15.765999794006348
-7.195000171661377 4.01800012588501 15.486000061035156
-10.4399995803833 -0.8100000023841858 16.749000549316406
-0.35600000619888306 -6.770999908447266 9.04800033569336
-0.04800000041723251 -18.878000259399414 12.677000045776367
-6.052999973297119 -12.965999603271484 23.636999130249023
-13.166000366210938 -10.098999977111816 16.472999572753906
-9.222999572753906 -8.51099967956543 4.077000141143799
-7.474999904632568 -17.091999053955078 0.15399999916553497
-3.6659998893737793 -17.05299949645996 3.7170000076293945
-10.836000442504883 -21.878999710083008 11.435999870300293
-10.652999877929688 -22.406999588012695 17.611000061035156
-15.21500015258789 -14.234999656677246 15.503000259399414
-14.090999603271484 -9.630999565124512 3.3519999980926514
-18.451000213623047 0.9789999723434448 -1.5770000219345093
-21.010000228881836 -5.375 22.10300064086914
-11.743000030517578 -5.51200008392334 16.679000854492188
-4.49399995803833 -7.203000068664551 5.432000160217285
-3.4690001010894775 -0.25999999046325684 1.7070000171661377
-18.143999099731445 11.604999542236328 11.354999542236328
-12.194000244140625 11.977999687194824 4.25
1.5770000219345093 4.326000213623047 9.232999801635742
-5.807000160217285 5.85099983215332 -6.557000160217285
-21.990999221801758 8.982999801635742 4.59499979019165