21.805999755859375 60.49800109863281 6.940000057220459
30.274999618530273 59.32099914550781 16.604999542236328
33.25299835205078 63.154998779296875 21.274999618530273
36.39799880981445 68.45999908447266 23.326000213623047
42.1609992980957 66.19999694824219 24.385000228881836
45.5989990234375 62.202999114990234 14.769000053405762
19.0 83.68599700927734 -12.904999732971191
16.124000549316406 80.98600006103516 -7.526000022888184
44.814998626708984 67.3030014038086 -4.133999824523926
35.73099899291992 67.5979995727539 -1.9500000476837158
36.47999954223633 71.71099853515625 3.9230000972747803
41.83300018310547 72.87799835205078 7.039000034332275
49.81399917602539 69.23200225830078 15.730999946594238
43.4379997253418 73.41000366210938 18.222000122070312
43.19200134277344 80.33899688720703 2.490000009536743
37.292999267578125 78.88999938964844 20.312999725341797
34.31399917602539 75.572998046875 17.597999572753906
36.26900100708008 59.358001708984375 11.82699966430664
41.47100067138672 60.32099914550781 13.694999694824219
29.0939998626709 88.52100372314453 5.307000160217285
28.881999969482422 87.61199951171875 1.6319999694824219
43.641998291015625 81.86799621582031 -5.104000091552734
46.76100158691406 76.84200286865234 -4.166999816894531
47.71200180053711 74.50800323486328 -6.991000175476074
44.08100128173828 72.85199737548828 -2.6630001068115234
24.48699951171875 75.22100067138672 -3.884999990463257
17.106000900268555 72.39600372314453 -5.611999988555908
15.831999778747559 72.86499786376953 -9.152000427246094
21.757999420166016 72.00900268554688 -7.336999893188477
22.118999481201172 70.54499816894531 -3.8499999046325684
26.510000228881836 63.12900161743164 -5.546000003814697
33.7400016784668 63.66999816894531 -0.8149999976158142
36.07500076293945 62.882999420166016 1.9859999418258667
33.625 60.84600067138672 4.047999858856201
23.1299991607666 75.73100280761719 12.295999526977539
16.628000259399414 67.81400299072266 8.42199993133545
26.50200080871582 52.69900131225586 -12.300000190734863
23.815000534057617 50.87900161743164 -14.315999984741211