-24.371999740600586 -31.67099952697754 52.97200012207031
-22.448999404907227 -33.939998626708984 44.62799835205078
-16.714000701904297 -34.22700119018555 29.58300018310547
-13.53600025177002 -31.39299964904785 24.791000366210938
-15.137999534606934 -34.775001525878906 24.111000061035156
-24.15999984741211 -36.867000579833984 18.636999130249023
-28.270000457763672 -46.446998596191406 35.625
-26.812999725341797 -34.76499938964844 43.132999420166016
-20.985000610351562 -31.415000915527344 27.665000915527344
-21.23900032043457 -26.048999786376953 24.371999740600586
-31.67099952697754 -35.981998443603516 29.95800018310547
-29.58099937438965 -34.57400131225586 36.207000732421875
-17.929000854492188 -25.742000579833984 30.732999801635742
-21.829999923706055 -7.888000011444092 23.63599967956543
-18.753000259399414 -7.714000225067139 21.426000595092773
-25.48200035095215 -17.06100082397461 31.327999114990234
-31.628999710083008 -23.3700008392334 26.393999099731445
-25.121999740600586 -24.63800048828125 35.849998474121094
-12.057999610900879 -21.344999313354492 36.75199890136719
-7.361000061035156 -25.363000869750977 35.775001525878906
-3.7320001125335693 -22.981000900268555 29.398000717163086
-8.439000129699707 -14.763999938964844 39.297000885009766
-28.562000274658203 -14.493000030517578 36.027000427246094
-25.267000198364258 -22.020999908447266 39.64899826049805
-6.0229997634887695 -25.23900032043457 43.084999084472656
3.5190000534057617 -28.08799934387207 41.56700134277344
7.2270002365112305 -23.690000534057617 47.8380012512207
-1.0130000114440918 -24.259000778198242 48.82600021362305
-19.92099952697754 -11.41100025177002 44.724998474121094
-22.900999069213867 -13.607999801635742 50.887001037597656
-21.702999114990234 -22.211999893188477 44.48899841308594
-8.069999694824219 -29.340999603271484 41.77399826049805
-3.009999990463257 -29.166000366210938 39.70399856567383
-2.069000005722046 -33.32500076293945 37.108001708984375
-7.0960001945495605 -38.904998779296875 50.41999816894531
-17.863000869750977 -15.5600004196167 55.025001525878906
-20.024999618530273 -20.531999588012695 59.79999923706055
-21.25200080871582 -25.351999282836914 51.064998626708984
-16.3799991607666 -28.75200080871582 48.472999572753906
-11.23900032043457 -32.57500076293945 41.292999267578125
-13.675000190734863 -42.98899841308594 44.992000579833984
-15.522000312805176 -40.928001403808594 53.334999084472656
-18.18400001525879 -35.244998931884766 46.099998474121094
-12.649999618530273 -36.01300048828125 34.33399963378906
-11.965999603271484 -38.928001403808594 32.0
-17.20599937438965 -44.35599899291992 30.88800048828125
-17.10700035095215 -46.08599853515625 35.82400131225586
-22.47100067138672 -44.17599868774414 44.15299987792969
-23.66900062561035 -45.09700012207031 49.45000076293945