51.827999114990234 31.4689998626709 114.5199966430664
46.35599899291992 44.2760009765625 110.02300262451172
43.143001556396484 45.62799835205078 108.53600311279297
42.49800109863281 44.367000579833984 113.98999786376953
45.01100158691406 42.37200164794922 115.98799896240234
44.79100036621094 39.077999114990234 117.85199737548828
32.68899917602539 41.020999908447266 125.6500015258789
42.75299835205078 32.38100051879883 133.12399291992188
39.66600036621094 45.766998291015625 95.23699951171875
39.05099868774414 49.7140007019043 99.125
41.154998779296875 50.457000732421875 102.19000244140625
41.58000183105469 46.770999908447266 102.97799682617188
32.24599838256836 41.97200012207031 111.31600189208984
34.86399841308594 30.808000564575195 111.84200286865234
32.099998474121094 35.86600112915039 93.54000091552734
29.20800018310547 37.02399826049805 95.68699645996094
34.49100112915039 48.30799865722656 103.17400360107422
37.26300048828125 53.303001403808594 100.54299926757812
40.569000244140625 55.11600112915039 100.2760009765625
38.70899963378906 57.87200164794922 98.4010009765625