-30.131999969482422 3.7730000019073486 3.3399999141693115
-22.091999053955078 2.683000087738037 8.079999923706055
-8.97700023651123 4.565000057220459 21.465999603271484
-15.569999694824219 9.229999542236328 11.722999572753906
-19.94499969482422 2.2739999294281006 2.8329999446868896
-13.434000015258789 3.2780001163482666 1.2400000095367432
-3.4489998817443848 12.414999961853027 4.671999931335449
-1.9279999732971191 13.781000137329102 1.4559999704360962
-2.691999912261963 16.68000030517578 -0.8479999899864197
-6.994999885559082 13.482999801635742 0.18799999356269836
-7.382999897003174 15.020999908447266 3.615000009536743
-10.873000144958496 7.031000137329102 6.827000141143799
-3.0339999198913574 12.645000457763672 9.550999641418457
-6.117000102996826 -0.5809999704360962 3.61299991607666
-24.30900001525879 -5.940000057220459 0.18299999833106995
-20.6560001373291 -8.92300033569336 5.894000053405762
0.4909999966621399 -3.5390000343322754 0.9700000286102295
-3.0940001010894775 -3.430999994277954 9.708000183105469
-8.012999534606934 -7.264999866485596 17.530000686645508
-3.7699999809265137 -9.729000091552734 14.730999946594238
-3.4130001068115234 -9.043999671936035 8.366000175476074
-1.5299999713897705 -7.611999988555908 0.4830000102519989
-3.8529999256134033 -9.484000205993652 2.803999900817871
-10.73799991607666 -10.241000175476074 6.545000076293945
-17.525999069213867 -7.395999908447266 13.324999809265137
-19.055999755859375 -4.5970001220703125 15.329000473022461
-16.878999710083008 -3.8380000591278076 18.35300064086914
-10.447999954223633 -2.8359999656677246 17.610000610351562
0.4339999854564667 1.1649999618530273 11.616000175476074
7.510000228881836 4.002999782562256 15.821999549865723
12.77299976348877 6.931000232696533 15.373000144958496
7.880000114440918 8.375 19.084999084472656
1.7480000257492065 7.011000156402588 17.288000106811523
-4.269999980926514 4.796000003814697 14.541000366210938
-26.364999771118164 -2.490999937057495 7.999000072479248
-26.145000457763672 -3.1740000247955322 14.01200008392334
-24.097000122070312 -5.817999839782715 12.20300006866455
-21.229000091552734 -8.404000282287598 17.05500030517578
-17.732999801635742 -9.402000427246094 18.042999267578125
-17.78499984741211 -12.1899995803833 20.62299919128418