-45.72600173950195 -8.298999786376953 12.555999755859375
-42.263999938964844 -7.354000091552734 13.793999671936035
-36.74599838256836 -11.13700008392334 21.4060001373291
-36.689998626708984 -5.864999771118164 29.145000457763672
-21.003999710083008 -4.376999855041504 32.104000091552734
-25.652000427246094 -9.11400032043457 24.618999481201172
-41.75699996948242 -13.375 8.494999885559082
-34.867000579833984 -4.188000202178955 4.696000099182129
-34.30799865722656 11.39900016784668 26.180999755859375
-34.874000549316406 11.227999687194824 19.768999099731445
-30.91699981689453 -4.125999927520752 2.7339999675750732
-24.47800064086914 -0.8349999785423279 6.593999862670898
-26.167999267578125 3.940000057220459 10.567000389099121
-22.35700035095215 -4.922999858856201 15.380999565124512
-28.21500015258789 -10.994999885559082 8.920999526977539
-33.79100036621094 -12.10200023651123 11.486000061035156
-19.802000045776367 -7.489999771118164 22.211999893188477
-23.753000259399414 1.437000036239624 30.874000549316406
-28.743000030517578 1.524999976158142 28.47100067138672
-31.56599998474121 2.5269999504089355 26.149999618530273
-40.11600112915039 -4.133999824523926 1.600000023841858
-37.59000015258789 -3.117000102996826 -1.0839999914169312
-38.582000732421875 1.0529999732971191 1.6469999551773071
-42.93299865722656 -1.3179999589920044 10.380000114440918
-41.143001556396484 -3.759000062942505 16.586000442504883
-36.69300079345703 -3.555000066757202 24.08799934387207
-21.832000732421875 -2.3399999141693115 36.61000061035156
-34.678001403808594 -4.3979997634887695 43.90800094604492
-38.21699905395508 -5.559000015258789 43.150001525878906
-43.16699981689453 -3.2039999961853027 46.98899841308594
-58.58000183105469 2.802000045776367 49.638999938964844
-65.05599975585938 8.690999984741211 52.21900177001953
-70.25900268554688 9.401000022888184 44.15599822998047
-67.0 8.163999557495117 42.67499923706055
-33.895999908447266 -0.5370000004768372 37.650001525878906
-42.09400177001953 -2.3369998931884766 35.82600021362305
-62.58599853515625 -9.682000160217285 39.95600128173828
-60.055999755859375 -9.505000114440918 34.88399887084961
-58.43600082397461 -0.17299999296665192 31.44499969482422
-57.17100143432617 3.9809999465942383 34.94200134277344
-47.7760009765625 7.763999938964844 35.68000030517578
-40.04899978637695 9.366999626159668 40.4630012512207
-36.95899963378906 8.130999565124512 45.74399948120117
-37.89400100708008 4.335999965667725 41.8489990234375
-68.88099670410156 4.619999885559082 44.638999938964844
-69.08200073242188 -0.335999995470047 48.2859992980957
-61.92900085449219 -7.59499979019165 44.39099884033203
-38.301998138427734 -7.461999893188477 34.97999954223633
-32.69200134277344 -11.137999534606934 37.369998931884766
-32.768001556396484 -14.607999801635742 35.78499984741211
-35.80799865722656 -12.116999626159668 39.941001892089844
-38.41600036621094 -11.265999794006348 37.3380012512207
-41.64699935913086 -11.493000030517578 39.334999084472656
-64.82599639892578 -3.441999912261963 48.47100067138672
-69.68399810791016 -0.8989999890327454 52.88800048828125