-1.9839999675750732 -1.9709999561309814 5.144000053405762
1.0770000219345093 5.355999946594238 5.9670000076293945
6.202000141143799 9.310999870300293 6.579999923706055
4.701000213623047 6.867000102996826 2.378000020980835
5.133999824523926 -6.4029998779296875 11.041000366210938
24.604999542236328 0.6869999766349792 11.00100040435791
6.269999980926514 3.128000020980835 -10.982000350952148
12.562999725341797 -3.812999963760376 -11.288999557495117
19.8799991607666 -6.965000152587891 -2.9070000648498535
22.010000228881836 -12.352999687194824 -1.5950000286102295
22.950000762939453 -3.549999952316284 2.0439999103546143
21.231000900268555 5.743000030517578 9.39799976348877
16.41200065612793 10.89900016784668 1.8519999980926514
10.185999870300293 4.677999973297119 10.656000137329102
9.133000373840332 -5.438000202178955 5.754000186920166
8.970999717712402 10.668000221252441 -4.928999900817871
11.911999702453613 11.939000129699707 -6.939000129699707
15.329000473022461 10.097999572753906 -4.208000183105469
21.645000457763672 7.066999912261963 -12.66100025177002
22.863000869750977 5.663000106811523 -16.00200080871582
17.240999221801758 4.945000171661377 -12.991000175476074
15.87600040435791 7.4070000648498535 -15.574000358581543
11.029000282287598 4.9679999351501465 -6.927000045776367
24.33799934387207 -2.3499999046325684 15.371999740600586