-10.781999588012695 16.760000228881836 -1.7380000352859497
-7.71999979019165 18.301000595092773 -0.039000000804662704
21.979999542236328 3.7360000610351562 13.942000389099121
22.042999267578125 0.10199999809265137 7.636000156402588
-7.294000148773193 19.18899917602539 7.51800012588501
-9.531999588012695 -2.062000036239624 3.3340001106262207
-6.833000183105469 -3.003000020980835 13.076000213623047
0.9070000052452087 -5.183000087738037 10.234000205993652
23.985000610351562 8.338000297546387 -12.079000473022461
25.558000564575195 3.558000087738037 -9.501999855041504
-2.1089999675750732 2.631999969482422 11.857000350952148
3.4820001125335693 4.59499979019165 14.024999618530273
22.402999877929688 -5.545000076293945 0.1589999943971634
20.155000686645508 7.2789998054504395 3.625
13.36299991607666 7.995999813079834 3.5269999504089355
1.2619999647140503 6.2179999351501465 3.6730000972747803
-1.1519999504089355 7.301000118255615 8.64799976348877
-3.5999999046325684 7.646999835968018 11.529999732971191
-6.8379998207092285 9.210000038146973 10.253000259399414
-12.555999755859375 9.119999885559082 12.777000427246094
-8.072999954223633 7.64300012588501 3.49399995803833
-7.330999851226807 6.638999938964844 -0.10999999940395355
-7.223999977111816 0.7459999918937683 -1.9839999675750732
-1.809000015258789 1.2669999599456787 -5.3480000495910645
17.222999572753906 21.95599937438965 -5.626999855041504
16.399999618530273 14.187999725341797 -9.336999893188477
-1.0099999904632568 -12.199000358581543 2.265000104904175
2.259999990463257 -8.579999923706055 4.839000225067139
21.766000747680664 14.638999938964844 -13.161999702453613
23.594999313354492 15.583999633789062 4.585000038146973
23.167999267578125 15.071999549865723 8.314000129699707
6.932000160217285 17.711000442504883 7.086999893188477
-6.533999919891357 13.156999588012695 -8.76099967956543
-4.5329999923706055 10.991999626159668 -5.468999862670898
26.70800018310547 19.51799964904785 7.461999893188477
19.54800033569336 23.368000030517578 4.013999938964844
-4.676000118255615 -1.3220000267028809 -8.45199966430664