0.640999972820282 30.54599952697754 -17.34000015258789
6.175000190734863 30.084999084472656 -14.925999641418457
22.83300018310547 30.92799949645996 -11.871999740600586
29.98900032043457 25.815000534057617 -11.493000030517578
34.417999267578125 26.573999404907227 -6.300000190734863
26.423999786376953 30.285999298095703 -4.735000133514404
2.9609999656677246 35.387001037597656 -16.19499969482422
2.884000062942505 34.46200180053711 -2.2690000534057617
21.54599952697754 16.229000091552734 -4.958000183105469
15.404000282287598 19.176000595092773 0.5509999990463257
8.145999908447266 39.99300003051758 -0.035999998450279236
11.87600040435791 34.79399871826172 5.289999961853027
16.018999099731445 25.04599952697754 7.041999816894531
20.201000213623047 28.77400016784668 8.0649995803833
21.315000534057617 30.83799934387207 3.4860000610351562
9.795000076293945 43.356998443603516 -6.9039998054504395
12.560999870300293 37.75199890136719 -8.880000114440918
27.715999603271484 30.740999221801758 1.371000051498413
30.64900016784668 19.291000366210938 -2.6600000858306885
26.173999786376953 20.014999389648438 -5.565999984741211
22.520000457763672 19.680999755859375 -6.535999774932861
-4.7210001945495605 37.40999984741211 1.3930000066757202
-3.930000066757202 32.13399887084961 3.8559999465942383
-1.3660000562667847 26.400999069213867 2.065999984741211
4.139999866485596 25.43899917602539 -9.369999885559082
10.548999786376953 25.875999450683594 -11.789999961853027
19.214000701904297 24.67099952697754 -12.425000190734863
34.31100082397461 21.843000411987305 -7.7170000076293945
35.494998931884766 22.652999877929688 -20.341999053955078
33.3650016784668 22.714000701904297 -23.469999313354492
34.02299880981445 18.069000244140625 -28.538999557495117
27.011999130249023 8.342000007629395 -39.11600112915039
15.151000022888184 2.0929999351501465 -40.20500183105469
30.358999252319336 20.37299919128418 -15.574999809265137
21.423999786376953 19.575000762939453 -23.972999572753906
17.402999877929688 20.034000396728516 -36.479000091552734
13.036999702453613 16.910999298095703 -34.816001892089844
11.199999809265137 15.317999839782715 -31.871999740600586
17.14299964904785 9.84000015258789 -27.077999114990234
21.673999786376953 9.305999755859375 -22.878999710083008
29.334999084472656 8.961000442504883 -18.19300079345703
35.340999603271484 9.454000473022461 -17.18199920654297
31.67099952697754 13.878000259399414 -18.836999893188477
16.222000122070312 4.669000148773193 -44.14099884033203
18.81100082397461 9.163000106811523 -45.45600128173828
22.086000442504883 18.094999313354492 -37.382999420166016
25.844999313354492 26.540000915527344 -20.98200035095215
28.64699935913086 28.868999481201172 -23.486000061035156
29.63800048828125 26.315000534057617 -26.125999450683594
25.43899917602539 13.241999626159668 -39.10599899291992
26.23200035095215 8.708000183105469 -44.46699905395508