0.4950000047683716 -27.7189998626709 15.861000061035156
-7.251999855041504 -28.31599998474121 9.175000190734863
-1.7699999809265137 -37.08000183105469 9.531999588012695
-1.8669999837875366 -33.46799850463867 5.296999931335449
-5.632999897003174 -24.5049991607666 4.13100004196167
0.5109999775886536 -32.6609992980957 1.371000051498413
-3.569000005722046 -23.80500030517578 -0.4020000100135803
2.38100004196167 -32.03099822998047 -2.944999933242798
-1.722000002861023 -23.479999542236328 -5.197999954223633
2.569000005722046 -32.810001373291016 -7.39300012588501
-0.7139999866485596 -23.836000442504883 -10.04699993133545
2.2809998989105225 -33.8380012512207 -12.288999557495117
-0.004000000189989805 -24.56100082397461 -15.46399974822998
1.4839999675750732 -16.674999237060547 -19.836000442504883
3.3340001106262207 -13.79800033569336 -21.490999221801758
8.508999824523926 -11.79699993133545 -23.41900062561035
11.704000473022461 -13.859000205993652 -23.541000366210938
9.284000396728516 -32.97800064086914 -19.72599983215332
6.201000213623047 -33.36000061035156 -21.898000717163086
2.1010000705718994 -31.334999084472656 -17.71500015258789
-3.625 -30.086999893188477 -19.33799934387207
-1.4859999418258667 -21.586000442504883 -23.545000076293945
-2.0769999027252197 -15.265000343322754 -23.40399932861328
0.6389999985694885 -23.851999282836914 -26.31999969482422
3.434000015258789 -22.485000610351562 -24.13800048828125
6.580999851226807 -21.158000946044922 -28.468000411987305
12.35200023651123 -18.69700050354004 -29.860000610351562
10.012999534606934 -13.838000297546387 -28.316999435424805
11.821000099182129 -10.633999824523926 -27.444000244140625
13.493000030517578 -9.227999687194824 -24.309999465942383
8.89900016784668 -7.76200008392334 -20.900999069213867
7.414999961853027 -5.7179999351501465 -18.010000228881836