19.56399917602539 14.3100004196167 -13.258999824523926
19.22800064086914 19.523000717163086 -19.666000366210938
20.777999877929688 22.951000213623047 -19.17099952697754
19.496999740600586 30.13800048828125 -19.0049991607666
22.80299949645996 39.375 -16.964000701904297
20.058000564575195 40.32699966430664 -21.86400032043457
22.08099937438965 7.107999801635742 -28.861000061035156
23.305999755859375 13.225000381469727 -30.42799949645996
10.229000091552734 38.930999755859375 -24.708999633789062
12.96500015258789 38.41999816894531 -32.57400131225586
16.617000579833984 32.60599899291992 -39.74599838256836
24.889999389648438 29.666000366210938 -34.25199890136719
34.202999114990234 22.798999786376953 -27.80699920654297
22.694000244140625 19.350000381469727 -38.917999267578125
17.173999786376953 22.172000885009766 -38.7130012512207
8.460000038146973 34.46799850463867 -40.72700119018555
9.187000274658203 44.84299850463867 -41.63800048828125
9.645999908447266 46.459999084472656 -38.21099853515625
13.977999687194824 46.92900085449219 -41.875999450683594
14.133999824523926 40.54600143432617 -41.9370002746582
7.85699987411499 34.926998138427734 -29.44499969482422
9.62600040435791 31.56599998474121 -29.33300018310547
27.466999053955078 12.63700008392334 -35.0989990234375
29.940000534057617 15.722999572753906 -22.259000778198242
14.154000282287598 44.78200149536133 -31.83300018310547
20.680999755859375 43.435001373291016 -33.382999420166016
25.05299949645996 12.979000091552734 -22.018999099731445
12.199000358581543 14.696999549865723 -25.211000442504883
7.011000156402588 19.1299991607666 -37.5989990234375
10.218000411987305 19.3799991607666 -46.06800079345703
11.718999862670898 18.7450008392334 -49.474998474121094
4.940999984741211 22.479999542236328 -55.5359992980957
17.791000366210938 43.766998291015625 -64.8949966430664
15.39799976348877 41.24100112915039 -60.78499984741211
1.0149999856948853 20.31800079345703 -56.97600173950195
4.613999843597412 33.18600082397461 -48.44300079345703
20.42099952697754 35.04100036621094 -51.22999954223633
20.729999542236328 41.11000061035156 -51.04499816894531
14.300000190734863 42.724998474121094 -51.49100112915039
6.190999984741211 40.375 -54.56700134277344
-5.236000061035156 29.20400047302246 -59.652000427246094
0.23999999463558197 29.472999572753906 -60.57099914550781
26.010000228881836 44.07699966430664 -50.459999084472656
22.322999954223633 46.9119987487793 -59.03300094604492
23.441999435424805 43.321998596191406 -58.69900131225586
21.766000747680664 28.584999084472656 -56.00400161743164
-2.1700000762939453 26.128000259399414 -45.87300109863281
2.552999973297119 23.325000762939453 -45.28499984741211
18.68899917602539 30.636999130249023 -60.834999084472656
13.569999694824219 26.79599952697754 -66.79499816894531