-20.06999969482422 -21.95599937438965 -5.2779998779296875
-15.105999946594238 -13.447999954223633 -3.5850000381469727
-12.75 -1.0579999685287476 -1.0110000371932983
-11.371999740600586 2.1679999828338623 -5.122000217437744
-0.03700000047683716 8.491000175476074 -3.611999988555908
-1.2960000038146973 -0.25699999928474426 -0.32499998807907104
-7.053999900817871 -23.520999908447266 1.784999966621399
-4.223999977111816 -21.18000030517578 0.8460000157356262
-6.0920000076293945 -18.202999114990234 -3.6510000228881836
-4.203999996185303 -2.318000078201294 -16.694000244140625
-1.2489999532699585 -10.60099983215332 -15.026000022888184
-1.1039999723434448 -19.974000930786133 -3.3499999046325684
3.9200000762939453 -16.979000091552734 -3.503000020980835
4.8520002365112305 -15.480999946594238 -9.737000465393066
4.020999908447266 -7.298999786376953 -4.013999938964844
4.909999847412109 -2.132999897003174 0.1860000044107437
3.5199999809265137 4.854000091552734 -10.706999778747559
-2.115999937057495 2.2179999351501465 -10.291000366210938
-7.135000228881836 -2.86899995803833 -10.968000411987305
-9.951000213623047 -22.329999923706055 -7.636000156402588
-14.138999938964844 -17.344999313354492 -9.661999702453613
-13.428000450134277 -11.015999794006348 -7.057000160217285
-10.288000106811523 -3.0329999923706055 -6.456999778747559
-4.7870001792907715 10.552000045776367 -4.705999851226807
-11.493000030517578 19.18199920654297 -7.1570000648498535
-15.097000122070312 20.12299919128418 -7.8470001220703125
-17.04199981689453 22.332000732421875 -13.746999740600586
-29.20800018310547 21.770999908447266 -25.756999969482422
-30.594999313354492 22.43000030517578 -34.638999938964844
-35.82699966430664 13.965999603271484 -35.939998626708984
-34.46900177001953 13.317000389099121 -32.39099884033203
-12.428000450134277 11.928000450134277 -6.49399995803833
-23.31399917602539 12.204000473022461 -9.871000289916992
-39.98699951171875 21.12299919128418 -16.2189998626709
-39.630001068115234 16.618999481201172 -12.932000160217285
-36.05099868774414 11.907999992370605 -15.109000205993652
-30.090999603271484 8.9399995803833 -19.538999557495117
-12.836000442504883 9.022000312805176 -18.599000930786133
-11.91100025177002 12.53499984741211 -14.015999794006348
-38.27899932861328 15.413999557495117 -30.525999069213867
-41.42300033569336 21.06399917602539 -22.30699920654297
-36.91400146484375 23.974000930786133 -18.70599937438965
-19.79800033569336 16.058000564575195 -5.620999813079834
-24.743999481201172 22.733999252319336 -9.02299976348877
-35.91400146484375 25.72100067138672 -24.83799934387207
-34.500999450683594 31.242000579833984 -25.493999481201172