32.992000579833984 72.38400268554688 17.593000411987305
39.15299987792969 70.75299835205078 17.14699935913086
45.91299819946289 69.5459976196289 16.375999450683594
54.70100021362305 64.66100311279297 22.988000869750977
29.875999450683594 74.4219970703125 22.920000076293945
34.78200149536133 76.66999816894531 27.48200035095215
57.16699981689453 61.35300064086914 27.940000534057617
58.584999084472656 63.92100143432617 30.4060001373291
62.3129997253418 64.48100280761719 30.795000076293945
65.49500274658203 66.83100128173828 35.7140007019043
68.93000030517578 68.48300170898438 32.05099868774414
72.10299682617188 75.79499816894531 28.114999771118164
37.09400177001953 91.59700012207031 24.621000289916992
38.994998931884766 83.28399658203125 18.152000427246094
69.47899627685547 74.70099639892578 33.395999908447266
65.95600128173828 80.18199920654297 34.34400177001953
50.58000183105469 84.65499877929688 19.486000061035156
54.130001068115234 89.13600158691406 21.062000274658203
62.93000030517578 69.59300231933594 38.095001220703125
59.270999908447266 72.00599670410156 34.62699890136719
58.0369987487793 90.58699798583984 31.881999969482422
48.82400131225586 89.31900024414062 34.33399963378906
48.57600021362305 85.56199645996094 33.94200134277344
53.39500045776367 80.697998046875 31.906999588012695
62.30400085449219 63.30699920654297 25.92099952697754
61.26599884033203 68.7959976196289 23.309999465942383
47.11899948120117 92.71900177001953 29.389999389648438
42.915000915527344 88.58999633789062 27.55500030517578
67.79900360107422 73.43399810791016 18.570999145507812
70.76799774169922 71.45099639892578 17.257999420166016