-11.006999969482422 3.0950000286102295 37.909000396728516
-5.658999919891357 6.478000164031982 43.930999755859375
-1.7120000123977661 2.572999954223633 45.426998138427734
1.8940000534057617 0.27399998903274536 50.09600067138672
12.901000022888184 -2.819000005722046 24.121999740600586
16.222999572753906 -3.4790000915527344 32.95399856567383
-5.741000175476074 12.098999977111816 47.00699996948242
-0.7870000004768372 12.755999565124512 44.17100143432617
20.64900016784668 -5.199999809265137 35.19200134277344
22.43400001525879 0.6119999885559082 42.50400161743164
-4.557000160217285 12.361000061035156 38.577999114990234
0.12399999797344208 9.77400016784668 35.09400177001953
19.871999740600586 8.840999603271484 40.91899871826172
13.92300033569336 10.13700008392334 34.00400161743164
-5.5320000648498535 -5.921999931335449 43.48099899291992
-0.5230000019073486 -5.947999954223633 39.959999084472656
15.100000381469727 10.579000473022461 28.89299964904785
10.75 2.874000072479248 25.68400001525879
4.085000038146973 -6.978000164031982 48.724998474121094
4.982999801635742 -4.705999851226807 54.41999816894531