-0.9110000133514404 9.027999877929688 8.423999786376953
-5.423999786376953 17.704999923706055 0.7179999947547913
-8.109000205993652 21.451000213623047 -3.493000030517578
-8.121999740600586 4.39900016784668 11.175000190734863
-20.695999145507812 9.210000038146973 34.14699935913086
-26.552000045776367 7.21999979019165 35.62099838256836
-29.554000854492188 5.011000156402588 36.29600143432617
-30.909000396728516 7.622000217437744 25.8439998626709
-22.625 17.481000900268555 26.888999938964844
-29.899999618530273 21.801000595092773 31.014999389648438
-29.334999084472656 15.78499984741211 31.316999435424805
-14.350000381469727 25.413999557495117 11.342000007629395
-15.73799991607666 28.349000930786133 15.571000099182129
-30.253000259399414 12.503000259399414 19.47100067138672
-41.558998107910156 10.88700008392334 23.81100082397461
-30.91900062561035 30.448999404907227 22.30900001525879
-32.31399917602539 26.773000717163086 13.772000312805176
-31.847999572753906 14.677000045776367 9.166000366210938
-40.321998596191406 6.636000156402588 10.708999633789062
-37.65700149536133 1.0290000438690186 7.892000198364258
-39.2599983215332 1.8559999465942383 12.937000274658203
-36.53099822998047 7.019999980926514 14.628000259399414
-49.89400100708008 25.351999282836914 19.31399917602539
-43.40700149536133 21.41699981689453 29.68199920654297
-42.39500045776367 25.9950008392334 26.423999786376953
-40.06999969482422 21.089000701904297 -1.097000002861023
-36.66999816894531 19.055999755859375 2.4230000972747803
-45.560001373291016 29.788999557495117 29.576000213623047
-38.527000427246094 33.55699920654297 19.43600082397461
-36.742000579833984 14.428999900817871 4.047999858856201
-26.350000381469727 17.86400032043457 -4.821000099182129
-29.555999755859375 30.839000701904297 10.5649995803833
-27.547000885009766 25.195999145507812 15.392999649047852
-30.89900016784668 12.484999656677246 13.331999778747559
-24.10700035095215 9.442999839782715 11.769000053405762
-7.824999809265137 26.02199935913086 -0.2549999952316284
-7.322999954223633 22.69300079345703 1.5679999589920044
-8.486000061035156 17.74799919128418 6.191999912261963
-11.487000465393066 15.470000267028809 6.769999980926514
-13.463000297546387 14.003000259399414 21.16200065612793
-17.42099952697754 4.4039998054504395 5.545000076293945
-20.381999969482422 25.503000259399414 -5.945000171661377