-10.28600025177002 45.0260009765625 45.87900161743164
-9.307999610900879 31.253999710083008 42.86199951171875
-6.853000164031982 32.624000549316406 37.15299987792969
-9.381999969482422 37.45800018310547 34.49300003051758
-8.571000099182129 34.79999923706055 27.707000732421875
3.2809998989105225 34.0099983215332 37.72600173950195
-5.6539998054504395 28.94300079345703 41.46200180053711
-4.117000102996826 33.755001068115234 46.124000549316406
-4.276000022888184 37.486000061035156 46.82400131225586
3.688999891281128 39.9640007019043 44.18899917602539
5.144000053405762 44.606998443603516 36.37099838256836
1.4229999780654907 42.51300048828125 27.707000732421875
-6.322999954223633 43.76900100708008 37.2140007019043
-3.052999973297119 43.74700164794922 41.62200164794922
4.738999843597412 49.22600173950195 35.51300048828125
-0.41100001335144043 47.3489990234375 27.277000427246094
-12.043000221252441 51.46200180053711 34.430999755859375
-9.142000198364258 53.14500045776367 38.51300048828125
4.468999862670898 53.84700012207031 34.303001403808594
-1.5119999647140503 52.23500061035156 26.363000869750977
-11.711999893188477 59.66699981689453 33.76300048828125
-7.864999771118164 60.56700134277344 37.680999755859375
4.724999904632568 58.33300018310547 32.77199935913086
-1.559999942779541 57.099998474121094 24.81800079345703
-9.218999862670898 67.35900115966797 29.180999755859375
-2.503000020980835 64.19400024414062 36.57899856567383
6.434000015258789 62.111000061035156 30.91900062561035
0.30799999833106995 61.70399856567383 22.91900062561035
-5.109000205993652 73.98300170898438 27.509000778198242
1.194000005722046 69.64199829101562 34.35300064086914
9.145999908447266 65.06700134277344 28.43400001525879
2.4230000972747803 65.91100311279297 20.854999542236328
0.41999998688697815 78.97899627685547 24.43199920654297
4.4730000495910645 78.64199829101562 28.086999893188477
12.213000297546387 67.24600219726562 25.645999908447266
5.861000061035156 68.9469985961914 18.170000076293945
6.526000022888184 82.85600280761719 20.738000869750977
10.597000122070312 81.60399627685547 24.18000030517578
15.244000434875488 68.6729965209961 22.447999954223633
9.177000045776367 71.06800079345703 14.95199966430664
-3.385999917984009 76.43699645996094 8.62600040435791