30.16699981689453 9.298999786376953 16.503000259399414
26.97100067138672 18.77199935913086 15.717000007629395
13.140999794006348 27.73699951171875 16.23699951171875
16.222000122070312 31.604999542236328 13.961000442504883
34.124000549316406 23.381000518798828 12.109999656677246
31.448999404907227 23.707000732421875 22.275999069213867
19.371999740600586 41.137001037597656 16.32699966430664
14.371000289916992 41.983001708984375 31.409000396728516
29.93899917602539 23.531999588012695 29.947999954223633
27.30299949645996 26.81599998474121 35.137001037597656
20.198999404907227 46.96200180053711 29.966999053955078
23.106000900268555 38.12799835205078 28.91900062561035
32.566001892089844 34.520999908447266 40.63800048828125
23.117000579833984 32.69300079345703 39.611000061035156
18.09000015258789 41.707000732421875 39.13600158691406
33.082000732421875 43.130001068115234 33.933998107910156
10.770000457763672 51.56700134277344 18.820999145507812
-6.21999979019165 47.801998138427734 29.979000091552734
-2.128999948501587 50.09199905395508 34.35499954223633