31.67799949645996 -10.380000114440918 80.84700012207031
32.380001068115234 -6.1579999923706055 84.44200134277344
34.53200149536133 -3.440000057220459 85.89800262451172
33.30500030517578 2.0169999599456787 88.76599884033203
37.11000061035156 4.630000114440918 85.88099670410156
26.695999145507812 8.529999732971191 70.05899810791016
27.71299934387207 10.984999656677246 75.15399932861328
43.25600051879883 1.972000002861023 86.39600372314453
45.3650016784668 3.253999948501587 80.24400329589844
21.66699981689453 7.7820000648498535 81.16899871826172
14.972000122070312 -1.5410000085830688 79.1520004272461
34.0099983215332 -8.802000045776367 73.24400329589844
39.14099884033203 -4.375999927520752 65.4749984741211
38.24399948120117 -1.9809999465942383 68.31600189208984
36.57899856567383 -3.868000030517578 74.48699951171875
26.2810001373291 -2.630000114440918 84.34700012207031
25.70400047302246 2.135999917984009 82.32599639892578
40.91299819946289 5.205999851226807 72.89399719238281
36.39400100708008 8.682999610900879 62.65999984741211
38.27399826049805 8.156000137329102 59.41600036621094
43.77199935913086 16.461999893188477 56.28300094604492
49.30099868774414 7.331999778747559 48.53099822998047
34.77199935913086 -15.513999938964844 62.29100036621094
34.558998107910156 5.244999885559082 56.67300033569336
36.39500045776367 3.194000005722046 61.0369987487793
44.70500183105469 6.015999794006348 66.4000015258789
42.60100173950195 2.0490000247955322 61.34000015258789
33.981998443603516 -0.24199999868869781 64.91200256347656
21.893999099731445 2.492000102996826 50.7599983215332
25.128000259399414 -1.559999942779541 50.34299850463867
22.51099967956543 -4.447999954223633 45.2130012512207
18.13800048828125 -8.555999755859375 52.28300094604492
30.843000411987305 -11.246000289916992 53.49800109863281
38.89400100708008 10.972999572753906 47.94200134277344
19.048999786376953 6.9039998054504395 47.47600173950195
22.118999481201172 0.609000027179718 35.047000885009766
46.26100158691406 5.109000205993652 41.108001708984375
44.4900016784668 3.119999885559082 38.40299987792969
31.547000885009766 -3.6740000247955322 42.75199890136719
28.488000869750977 -11.380999565124512 44.3120002746582
33.93299865722656 -10.277999877929688 43.810001373291016
38.94300079345703 -10.387999534606934 51.87900161743164
55.91299819946289 -2.5490000247955322 44.60300064086914
55.14899826049805 1.1610000133514404 45.13399887084961
52.35499954223633 5.686999797821045 39.67300033569336
46.99399948120117 7.5229997634887695 37.13199996948242
44.233001708984375 8.260000228881836 34.60300064086914