9.406999588012695 -9.732000350952148 -7.179999828338623
5.760000228881836 -8.736000061035156 -7.289000034332275
3.8970000743865967 -0.5789999961853027 -13.418999671936035
5.13100004196167 -3.1059999465942383 -15.970000267028809
15.095999717712402 -13.984000205993652 -28.097999572753906
14.168999671936035 -15.67300033569336 -33.50199890136719
8.633000373840332 -18.812000274658203 -34.34400177001953
8.678000450134277 -15.425999641418457 -30.284000396728516
6.23799991607666 -10.206000328063965 -37.75
7.414000034332275 -9.1850004196167 -31.562000274658203
4.084000110626221 -15.465999603271484 -30.68199920654297
2.8389999866485596 -17.975000381469727 -28.152000427246094
-2.8289999961853027 -5.742000102996826 -13.92300033569336
1.7120000123977661 -3.359999895095825 -18.722000122070312
18.19099998474121 -10.192000389099121 -26.638999938964844
19.236000061035156 -16.327999114990234 -26.038000106811523
17.329999923706055 -7.693999767303467 -12.730999946594238
11.244999885559082 -13.395999908447266 -16.06999969482422
9.593000411987305 -16.636999130249023 -21.461000442504883
13.767999649047852 -25.882999420166016 -21.3799991607666
13.918000221252441 -26.635000228881836 -17.670000076293945
19.266000747680664 -29.02400016784668 -13.97700023651123
21.679000854492188 -24.141000747680664 -10.487000465393066
14.107999801635742 -21.101999282836914 -10.697999954223633
7.760000228881836 -22.37299919128418 -13.215999603271484
4.098999977111816 -25.731000900268555 -23.090999603271484
-5.763000011444092 -37.93600082397461 -46.66600036621094
11.361000061035156 -37.63800048828125 -40.16299819946289
13.708999633789062 -38.81999969482422 -46.80699920654297
9.29699993133545 -32.86800003051758 -50.428001403808594
10.956999778747559 -20.77400016784668 -41.86600112915039
11.498000144958496 -26.30500030517578 -34.994998931884766
19.075000762939453 -31.905000686645508 -40.57500076293945
13.73900032043457 -31.764999389648438 -50.00400161743164
7.09499979019165 -17.312000274658203 -44.46799850463867
2.4779999256134033 -21.809999465942383 -42.18899917602539
-2.0959999561309814 -28.548999786376953 -53.95000076293945
4.071000099182129 -33.35499954223633 -46.13600158691406
1.2389999628067017 -30.10700035095215 -33.01900100708008
-9.126999855041504 -29.003999710083008 -43.70800018310547
-5.4730000495910645 -33.52000045776367 -44.70100021362305
0.24300000071525574 -39.165000915527344 -39.98500061035156
8.005999565124512 -35.67499923706055 -32.654998779296875
9.253000259399414 -23.21299934387207 -18.437999725341797
12.626999855041504 -18.663000106811523 -15.522000312805176
15.067000389099121 -15.39900016784668 -9.890999794006348
9.164999961853027 -16.584999084472656 -4.533999919891357
-5.057000160217285 -21.288000106811523 -18.040000915527344