5 -0.575447

6 -0.584565

7 -0.654078

8 -0.781459

9 -0.820364

10 -0.823126

11 -1.26654

12 -1.2976

13 -0.722083

14 -0.0367845

15 0.0419538

16 0.203815

17 0.216401

18 -0.0731574

19 -0.0604367

20 0.302982

21 0.465959

22 0.433289

23 0.521798

24 0.574222

25 0.461892

26 0.998439

27 1.04203

28 1.15652

29 1.17119

30 1.28614

31 1.41309

32 1.43501

33 1.10537

34 1.04852

35 1.03225

36 1.14713

37 1.1788

38 1.23005

39 1.20045

40 1.20663

41 1.34346

42 1.35062

43 1.49683

44 2.04903

45 2.03147

46 1.88932

47 1.60701

48 1.66856

49 1.77226

50 2.28983

51 2.68284

52 2.73037

53 2.93

54 2.60075

55 2.4485

56 2.40414

