5 0.00793982

6 0.0348625

7 0.0203584

8 0.044098

9 0.0559466

10 0.164334

11 -0.0291289

12 -0.140189

13 -0.167461

14 -0.275334

15 -0.32849

16 -0.335082

17 -0.273537

18 -0.24469

19 -0.482299

20 -0.510213

21 -0.466235

22 -0.439299

23 -0.192882

24 -0.373338

25 -0.00974837

26 1.05667

27 1.06004

28 0.823319

29 0.845472

30 0.922957

31 0.695698

32 0.657427

33 0.817325

34 0.844792

35 1.09565

36 1.36204

37 1.29579

38 1.237

39 1.20204

40 1.17938

41 1.55703

42 2.02644

43 2.08935

44 1.92013

45 2.37632

46 1.95137

47 1.94701

48 2.47874

