5 0.002662

6 0.0018831

7 0.079582

8 0.418628

9 0.473579

10 0.527072

11 0.58429

12 0.640557

13 0.673872

14 0.681976

15 0.713427

16 0.93763

17 1.00733

18 1.019

19 1.14573

20 1.33503

21 1.39269

22 1.39017

23 1.26808

24 1.49339

25 1.32606

26 1.37393

27 1.42933

28 1.38808

29 1.58758

30 2.37316

31 2.48062

32 2.63319

33 2.66128

34 2.9033

35 2.77557

36 2.08577

37 2.18541

38 2.56526

39 2.78726

40 2.6744

41 2.60843

42 2.50114

43 2.51202

44 2.59667

45 2.32819

46 2.00172

47 1.9307

48 1.93224

49 1.95723

50 1.84534

51 1.55766

