5 0.0398843

6 0.0298347

7 0.075108

8 -0.0804437

9 -0.162417

10 -0.212758

11 -0.262022

12 -0.344972

13 -0.331191

14 -0.381138

15 -0.311589

16 -0.358129

17 -0.145698

18 0.488771

19 0.862826

20 1.0869

21 1.24731

22 1.25448

23 1.3128

24 1.30715

25 1.29771

26 1.29854

27 1.22394

28 1.35496

29 1.51441

30 1.40297

31 1.65368

32 1.8375

33 1.93451

34 1.9404

35 1.91496

36 1.88986

37 1.77612

38 1.75826

39 2.12607

40 1.85978

41 2.57247

42 2.70833

43 2.84762

44 2.85038

45 2.90241

46 2.70137

47 2.64711

48 2.46778

49 2.46086

