5 -0.414102

6 -0.442113

7 0.917884

8 0.985536

9 1.08749

10 1.13098

11 1.02319

12 1.095

13 1.09726

14 1.14165

15 1.13869

16 0.581915

17 0.68272

18 1.16877

19 1.16665

20 0.688389

21 0.784693

22 1.58202

23 1.57249

24 0.860403

25 1.0049

26 1.69907

27 1.72746

28 1.64385

29 1.72193

30 1.73638

31 1.76048

32 1.59345

33 1.54819

34 2.84218

35 2.92705

36 3.00187

37 2.86867

38 2.867

39 3.65682

40 3.75047

41 3.48962

42 3.38026

43 4.81247

44 4.79339

45 4.16644

46 4.21498

47 4.28653

48 4.3251

49 4.25612

50 4.25745

51 4.21133

52 3.85992

53 3.89333

54 4.337

55 4.47528

56 4.50607

57 4.69345

58 4.79742

