5 0.0195695

6 0.1374

7 0.320174

8 0.347032

9 0.356542

10 0.0937069

11 0.0538638

12 -0.532612

13 -0.552341

14 -0.339836

15 -1.2201

16 -1.16478

17 -0.360269

18 -0.153391

19 -0.11309

20 -0.193083

21 0.335239

22 0.500948

23 0.817079

24 0.799028

25 0.746788

26 0.732527

27 0.476728

28 0.678757

29 0.598019

30 1.12362

31 1.75467

32 1.78927

33 1.71614

34 1.70378

35 1.63033

36 0.992348

37 1.1029

38 1.3172

39 1.29413

40 1.41991

41 1.81137

42 1.96376

43 1.93307

44 2.01728

45 1.95678

46 1.87314

47 1.85564

48 1.92352

49 1.9605

50 1.56684

51 1.81837

52 1.54868

53 0.915742

54 0.905899

55 0.991216

56 0.999495

57 1.02809

58 0.973541

59 0.133274

60 0.247699

61 -0.146914

62 0.825023

63 0.740763

64 0.834613

65 0.915279

66 1.04507

67 1.04314

68 0.982146

69 0.797894

70 0.809491

71 0.818309

72 0.762852

73 0.415528

74 0.401182

75 0.0765339

76 -0.413925

77 0.0946385

78 0.117942

79 -0.538907

80 -0.488067

81 -0.555482

82 -0.494023

83 -0.473146

84 -0.821359

85 -0.979489

86 -0.837313

87 -0.628205

88 -0.55536

89 -0.553036

90 -0.562916

91 -0.786776

92 -1.22344

93 -1.16108

94 -1.34105

95 -0.374247

96 -1.05297

97 -0.99624

98 -0.849709

99 -0.892016

100 -0.903143

101 -0.891501

102 -1.7015

103 -1.8267

104 -1.81541

