5 -0.018273

6 -0.0275937

7 -0.00531034

8 -0.0648369

9 -0.202933

10 -0.338694

11 0.106624

12 0.183491

13 0.175288

14 -0.195012

15 -0.242878

16 -0.281871

17 -0.155133

18 -0.0810427

19 0.0510417

20 0.139976

21 -0.0238211

22 -0.440277

23 -0.465133

24 -0.514546

25 -0.61873

26 -0.697387

27 -0.850775

28 -1.10068

29 -0.81014

30 -0.828738

31 -1.05314

32 -0.968626

33 -0.486775

34 -0.333218

35 -0.34182

36 -0.33694

37 -0.393541

38 -0.378795

39 -0.400173

40 -0.383675

41 -0.366094

42 -0.229529

43 -0.132109

44 -0.141471

45 -0.111275

46 -0.0607115

47 -0.0619446

48 -0.36035

49 -0.563945

50 -0.471638

51 -0.392946

52 -0.448789

53 -0.511299

54 -0.721808

55 -0.695913

56 -0.366614

57 -0.269224

58 -0.334826

59 -1.15168

60 -1.30747

61 -1.37456

62 -1.46197

63 -1.42398

64 -1.39141

65 -1.4259

66 -1.50858

67 -1.62002

68 -1.63992

69 -1.33718

70 -1.36674

71 -1.30096

72 -1.29556

