5 -0.0262467

6 0.0451464

7 -0.0495805

8 -0.0412367

9 -0.164853

10 -0.149972

11 -0.346272

12 -0.422946

13 -0.556579

14 -0.663062

15 -0.644924

16 -0.720993

17 -0.914812

18 -0.952169

19 -1.16075

20 -1.26051

21 -1.22687

22 -1.16871

23 -1.16828

24 -1.27982

25 -1.31857

26 -1.17076

27 -1.30817

28 -1.36523

29 -1.52727

30 -1.60274

31 -1.61745

32 -1.7023

33 -1.72393

34 -1.76037

35 -1.77766

36 -1.73953

37 -1.75317

38 -1.73839

39 -1.695

40 -1.72681

41 -1.61021

42 -1.6457

