5 -0.122687

6 -0.18345

7 -0.239342

8 -0.315373

9 -0.309126

10 -0.257704

11 -0.449745

12 -0.55987

13 -0.613866

14 -0.611481

15 -0.579572

16 -0.483101

17 -0.60565

18 -0.547453

19 -0.414882

20 -0.402113

21 -0.330623

22 -0.345072

23 -0.571109

24 -0.433015

25 -0.361134

26 -0.417366

27 -0.440803

28 -0.449386

29 -0.533506

30 -0.81379

31 -1.03126

32 -1.05512

33 -1.21759

34 -1.39933

35 -1.54633

36 -1.4544

37 -1.4582

38 -1.44309

39 -1.57835

40 -1.5946

41 -1.59176

42 -1.61791

43 -1.61057

44 -1.58411

45 -1.51844

