5 0.0413522

6 0.0452318

7 0.0474915

8 0.0520047

9 -0.151856

10 -0.249898

11 -0.487204

12 -0.709901

13 -0.95496

14 -0.949645

15 -1.07448

16 -1.17341

17 -1.19266

18 -1.2446

19 -1.31682

20 -1.41176

21 -1.48111

22 -1.59935

23 -1.57491

24 -1.86084

25 -1.85538

26 -1.90001

27 -1.90837

28 -1.88968

29 -1.99914

30 -1.74352

31 -1.50075

32 -1.38317

33 -1.31597

34 -1.23963

35 -1.22964

36 -1.1547

37 -1.17612

38 -1.04737

39 -1.09506

40 -1.01384

41 -0.987162

42 -0.831598

43 -1.0455

44 -0.800481

45 -0.955204

46 -0.808359

47 -0.990747

48 -0.81389

49 -0.587082

50 -0.395925

51 -0.182787

52 -0.44603

53 -0.236962

54 0.369539

55 0.133007

56 0.109998

57 0.282569

58 0.178567

59 0.166084

60 0.207449

61 0.302459

62 0.367745

63 0.555794

64 0.670379

65 0.762927

66 0.754715

67 0.672609

68 0.647548

69 0.870182

70 1.39866

71 1.35839

72 1.10026

73 0.438029

74 -0.128996

75 -0.490839

76 -0.343968

77 -0.420934

78 -0.154585

79 -0.0833314

80 0.106497

81 0.0255608

