5 0.0239873

6 0.0501296

7 0.00772303

8 0.226773

9 -0.159018

10 -0.335311

11 -0.355628

12 -0.387624

13 -0.326839

14 -0.629968

15 -0.613042

16 -0.680769

17 -0.776602

18 -0.86946

19 -0.874094

20 -1.3723

21 -1.27087

22 -1.4271

23 -1.51358

24 -1.70331

25 -1.80417

26 -1.763

27 -1.85973

28 -1.93368

29 -1.97817

30 -1.89774

31 -1.90669

32 -2.1542

33 -2.1473

34 -2.0533

35 -2.13638

36 -2.07682

37 -1.93947

38 -1.86369

39 -1.76068

40 -1.86262

41 -1.59739

42 -1.83987

43 -1.98229

44 -2.10947

45 -1.65886

46 -0.908416

47 -0.783643

48 -0.783546

49 -0.998457

50 -1.10906

51 -0.0601322

52 -0.566508

53 -0.692215

54 -1.23286

55 -1.28342

56 -1.19269

57 -0.891329

58 -0.676832

59 -0.83099

60 -0.701151

61 -1.5943

62 -1.87888

63 -1.7324

64 -1.65295

65 -1.77252

66 -1.76345

67 -2.35831

