5 0.00683147

6 0.00767615

7 0.0050246

8 -0.11563

9 -0.198712

10 -0.26357

11 -0.507564

12 -0.764254

13 -0.742781

14 -0.708548

15 -0.801022

16 -0.806836

17 -1.02738

18 -1.05136

19 -1.08605

20 -1.1147

21 -1.18847

22 -1.32208

23 -1.39492

24 -1.65288

25 -2.09283

26 -2.2079

27 -2.24345

28 -2.09154

29 -2.05455

30 -1.87589

31 -1.91892

32 -2.03625

33 -2.11589

34 -2.1415

35 -2.13799

36 -2.15097

37 -2.09713

38 -2.34065

39 -2.41556

40 -2.42787

41 -2.36666

42 -2.35866

43 -2.34145

44 -2.33449

45 -2.33203

