5 0.0114458

6 0.0983058

7 0.204063

8 0.188925

9 -0.132592

10 -0.200553

11 -0.261545

12 -0.442804

13 -0.644404

14 -0.59689

15 -0.637502

16 -0.61666

17 -1.06892

18 -1.05849

19 -1.04875

20 -1.04877

21 -1.09677

22 -0.992359

23 -0.0391216

24 -0.0312804

25 0.0209497

26 -0.10897

27 -0.0382999

28 0.139243

29 0.108731

30 0.0827912

31 1.23974

32 1.22706

33 1.21817

34 1.35284

35 1.38374

36 1.41594

37 0.917234

38 1.23413

39 1.51031

40 1.47378

41 1.17228

42 1.27808

43 1.82166

44 1.90397

45 1.88149

46 0.888794

