5 -0.0102057

6 -0.0150805

7 0.191112

8 0.333353

9 0.374851

10 0.246528

11 0.257103

12 0.131823

13 -0.129789

14 -0.1485

15 -0.144134

16 -0.126456

17 -0.123304

18 -0.00477017

19 -0.408692

20 -0.491012

21 -0.561411

22 -0.789856

23 -0.836022

24 -0.836437

25 -1.09103

26 -1.01847

27 -0.7792

28 -0.481556

29 -0.4687

30 -0.677237

31 -0.723855

32 -0.702606

33 -0.699293

34 -0.272801

35 -0.189321

36 -0.187473

37 -0.197835

38 -0.3185

39 -0.483541

40 -0.16265

41 -0.260869

42 -0.303036

43 -0.633531

44 -0.596403

45 -0.238354

46 -0.371464

47 -0.414053

48 -1.72047

49 -1.7539

50 -1.73186

