5 -0.00480097

6 -0.00870286

7 -0.28063

8 -0.747922

9 -1.53999

10 -1.49566

11 -1.48271

12 -1.1932

13 -0.993144

14 -0.865071

15 -0.799551

16 -0.775372

17 -0.952355

18 -1.53814

19 -1.61707

20 -1.6731

21 -1.68087

22 -1.73613

23 -1.7729

24 -1.75832

25 -1.76935

26 -2.01159

27 -2.19552

28 -2.50489

29 -2.60236

30 -2.5875

31 -2.57236

32 -2.5767

33 -2.58987

34 -2.89035

35 -3.10835

36 -3.12118

37 -3.19107

38 -3.09059

39 -3.27246

40 -3.29033

41 -3.32068

42 -3.46984

43 -3.32525

44 -3.35821

45 -3.61875

46 -4.16435

47 -5.054

48 -5.02569

49 -5.01072

50 -4.9767

51 -4.97599

52 -5.20821

53 -6.0304

54 -6.03585

55 -6.03712

56 -6.07961

57 -6.07264

58 -5.97773

59 -6.15697

60 -6.3586

61 -6.18418

62 -6.07921

