5 -0.0672087

6 -0.120675

7 -0.138547

8 -0.142758

9 -0.295875

10 0.0857366

11 0.228015

12 0.177575

13 0.489626

14 0.656298

15 0.521688

16 0.457541

17 0.00854317

18 0.00120793

19 0.292916

20 -0.33012

21 -0.422053

22 -0.238011

23 0.0542809

24 0.110502

25 0.140589

26 0.0692215

27 0.0678905

28 0.0391886

29 -0.0128829

30 0.0270293

31 -0.752586

32 -0.100016

33 0.167146

34 0.174245

35 0.0172065

36 -0.163861

37 -0.404637

38 -0.510841

39 -0.545535

40 -0.51255

41 -0.623414

42 -0.910781

43 -0.756023

44 -0.617142

45 -0.766242

46 -0.76267

47 -0.658569

