5 0.0147283

6 0.028964

7 0.0612044

8 0.0827988

9 -0.0235963

10 0.0246076

11 -0.0449685

12 -0.0975421

13 -0.0838493

14 -0.200105

15 -0.310835

16 -0.353523

17 -0.410425

18 -0.320106

19 -0.382626

20 -0.281647

21 0.027219

22 -0.066949

23 -0.463981

24 -0.388411

25 -0.830774

26 -0.827304

27 -0.786679

28 -0.848339

29 -1.03339

30 -0.480783

31 0.0780725

32 0.0833243

33 0.479701

34 0.710905

35 0.987256

36 1.16275

37 0.870635

38 0.433175

39 0.147705

40 -0.37935

41 -0.989227

42 -1.02737

43 -1.18119

44 -1.23318

45 -1.28209

46 -1.45617

47 -1.37235

48 -1.52391

49 -1.61841

50 -1.85184

51 -1.78536

52 -1.7485

53 -1.72832

54 -1.86398

55 -1.83426

56 -2.23497

57 -2.21675

58 -2.15349

59 -2.24586

60 -2.44564

61 -2.53306

62 -2.62059

63 -2.57618

64 -2.43171

65 -2.05583

66 -1.37791

