5 0.0234848

6 -0.00408683

7 0.0148553

8 0.299909

9 0.375506

10 0.422788

11 0.438538

12 0.399569

13 0.280622

14 0.406963

15 0.263428

16 0.203657

17 0.165621

18 0.946534

19 1.52362

20 1.57213

21 1.58598

22 1.64053

23 1.61356

24 1.5647

25 1.43187

26 1.0297

27 0.923525

28 1.38672

29 1.96418

30 2.23473

31 2.01394

32 1.86194

33 2.28398

34 2.67184

35 3.00804

36 3.08586

37 3.13951

38 3.15771

39 3.15709

40 3.19274

41 3.15933

42 3.10918

43 3.07545

44 2.97974

45 2.77151

46 2.78519

47 2.4894

48 2.32897

49 2.46952

50 2.71246

51 3.06679

52 3.28207

53 3.4317

54 3.3183

55 3.63949

56 3.73297

57 3.33733

58 3.15048

59 3.59871

60 4.25165

61 4.5203

62 4.37729

63 4.26692

64 4.24039

65 4.18286

66 4.21046

67 3.99346

68 4.81376

69 5.01062

70 4.69721

71 4.95157

72 5.99292

73 6.27591

74 6.33211

75 6.32287

76 6.31425

77 6.10716

78 6.29893

79 6.15571

80 6.3882

81 6.51476

82 6.58375

83 6.53285

