5 0.00841027

6 0.00618144

7 -0.276135

8 -0.263021

9 -1.15287

10 -0.698779

11 -0.645748

12 -0.647886

13 -0.589581

14 -0.559348

15 -0.598829

16 -0.771252

17 -0.886256

18 -1.07045

19 -1.11693

20 -1.10294

21 -1.17831

22 -1.20514

23 -1.2395

24 -1.22251

25 -1.5738

26 -1.72591

27 -1.70016

28 -1.53805

29 -1.56909

30 -1.52598

31 -1.23028

32 -1.26383

33 -1.23186

34 -1.26425

35 -1.39397

36 -1.48029

37 -1.50205

38 -1.51467

39 -1.19544

40 -1.09009

41 -1.03002

42 -1.08567

43 -0.906637

44 -0.88874

45 -0.859569

