5 0.0425041

6 -0.0571849

7 -0.055503

8 -0.111165

9 0.210954

10 0.166027

11 0.165451

12 1.04476

13 1.14043

14 1.15036

15 1.14878

16 1.13334

17 1.10901

18 1.15989

19 0.783004

20 0.7085

21 0.421999

22 0.458798

23 0.495289

24 0.691366

25 0.679123

26 0.828845

27 0.82926

28 0.790785

29 0.557812

30 1.52713

31 1.73725

32 1.79309

33 1.51177

34 2.18919

35 3.92712

36 4.26173

37 3.96822

38 3.89987

39 3.8611

40 3.86246

41 3.8443

42 3.94175

43 4.0473

44 4.21366

45 4.28432

46 4.23374

47 3.74838

48 3.77565

49 3.88981

50 3.8886

51 4.06105

52 4.24854

53 4.24243

