5 0.00597657

6 -0.0753955

7 -0.196583

8 -0.251279

9 -0.250959

10 -0.253034

11 -0.376884

12 -0.390174

13 -0.34024

14 -0.283557

15 -0.316941

16 -0.177866

17 -0.0997651

18 -0.0387341

19 -0.0218769

20 0.190273

21 0.39199

22 0.394545

23 0.247374

24 0.464587

25 0.622093

26 0.850704

27 1.08137

28 1.14195

29 0.992237

30 1.21259

31 1.62758

32 1.59762

33 1.28722

34 1.08941

35 0.974005

36 0.83826

37 0.78841

38 0.931161

39 0.940106

40 1.00229

41 1.08494

42 1.14652

43 1.12212

44 1.55102

45 1.89758

46 1.9051

47 1.79404

48 1.92422

49 1.59243

50 1.74104

51 1.40484

52 2.23234

53 2.82349

54 2.8084

55 2.87113

56 2.96302

57 3.15641

58 3.16231

59 3.43968

60 3.43398

61 3.34573

62 3.61735

63 3.82779

64 4.00875

65 3.63446

66 3.35466

67 4.8226

