5 0.000556582

6 0.0074096

7 -0.132366

8 -0.465107

9 -0.462179

10 -0.523971

11 -0.519155

12 -0.535727

13 -1.02228

14 -1.29541

15 -1.35869

16 -1.36327

17 -1.40714

18 -1.43353

19 -1.53415

20 -1.61447

21 -1.64854

22 -1.65167

23 -1.64352

24 -1.66615

25 -1.94124

26 -1.9444

27 -2.02237

28 -2.06123

29 -2.11774

30 -2.20315

31 -2.06743

32 -2.11403

33 -2.22798

34 -2.12181

35 -1.85105

36 -1.84361

37 -1.72057

38 -1.55454

39 -1.63553

40 -1.66864

41 -1.63342

42 -1.49472

43 -1.45559

