5 0.0466027

6 0.400395

7 0.834445

8 0.859109

9 0.873655

10 0.992348

11 1.17389

12 1.1632

13 1.04456

14 0.952703

15 0.655273

16 0.612594

17 0.430304

18 0.40493

19 0.223506

20 0.0696555

21 -0.028619

22 -0.0891302

23 -0.0505136

24 0.0687754

25 0.127566

26 0.154998

27 0.173193

28 0.560592

29 0.502095

30 0.661504

31 0.721708

32 0.57802

33 0.691775

34 0.646001

35 0.925288

36 0.964997

37 1.09117

38 1.12679

39 0.906223

40 1.19482

41 1.43576

42 1.60275

43 1.69097

44 1.77291

