5 0.06853

6 -0.0554654

7 -0.0430779

8 0.0443768

9 -0.0285316

10 -0.0542649

11 -0.101579

12 -0.492626

13 -0.42588

14 -0.463949

15 -0.391294

16 -0.27736

17 -0.397128

18 -0.562558

19 -0.692948

20 -0.779009

21 -0.853908

22 -0.927172

23 -0.907821

24 -0.983454

25 -1.10426

26 -1.0325

27 -0.840158

28 -0.929164

29 -1.13017

30 -0.584833

31 -0.703642

32 -0.682796

33 -0.848889

34 -0.613615

35 -0.381031

36 -0.384831

37 -0.216326

38 -0.11673

39 0.0881594

40 0.137719

41 -0.000437151

42 -0.0564462

