5 -0.0306487

6 -0.0245038

7 -0.0258557

8 -0.0701568

9 0.050176

10 0.177795

11 0.354008

12 0.34398

13 0.67081

14 1.07228

15 0.847709

16 0.759457

17 0.924369

18 0.914511

19 1.3221

20 1.74556

21 1.85456

22 1.60469

23 1.52927

24 1.41425

25 1.41235

26 2.2085

27 2.68405

28 2.64422

29 1.93019

30 1.83263

31 2.3478

32 3.31956

33 3.27156

34 3.43644

35 3.30345

36 3.26714

37 2.79913

38 2.84617

39 3.12131

40 3.8391

41 4.06255

42 3.93174

43 3.85438

44 3.74946

45 3.70304

46 3.74747

47 3.63207

48 3.68102

49 3.73629

50 3.79748

51 3.81078

