5 0.090713

6 -0.291668

7 -0.446459

8 -0.469415

9 -0.467312

10 -0.539932

11 -0.425461

12 -0.376825

13 -0.223196

14 -0.182482

15 -0.0183502

16 -0.0131882

17 -0.327612

18 -0.776804

19 -0.77115

20 -0.859779

21 -0.966543

22 -1.0304

23 -0.925656

24 -1.1347

25 -1.18795

26 -1.21161

27 -1.21408

28 -1.20564

29 -1.19114

30 -1.5357

31 -2.07381

32 -2.24214

33 -2.35502

34 -2.37336

35 -2.378

36 -2.39686

37 -2.12261

38 -2.20297

39 -2.13023

40 -1.7429

41 -1.59818

42 -1.5496

43 -1.75214

44 -1.79829

45 -1.8923

46 -2.0387

47 -2.06295

48 -2.03144

49 -2.10964

50 -2.29275

51 -2.25808

