5 -0.0129288

6 0.0903017

7 0.151405

8 0.1443

9 0.120706

10 0.701961

11 0.646841

12 0.838735

13 0.855902

14 0.708458

15 0.813765

16 0.863228

17 0.826121

18 1.38088

19 1.32595

20 1.51167

21 1.54224

22 1.48065

23 1.3601

24 1.76562

25 1.7106

26 2.3468

27 2.29141

28 2.49809

29 2.52774

30 2.37573

31 2.51372

32 2.57755

33 2.54413

34 3.14294

35 3.07603

36 3.29414

37 3.33445

38 3.19781

39 3.33934

40 3.40658

41 3.36689

42 3.94777

43 3.87605

44 4.13498

45 4.14187

46 4.26026

47 4.39984

48 4.45115

