5 0.0610763

6 0.075727

7 0.0851662

8 0.0923305

9 0.104204

10 0.10614

11 0.06077

12 -0.754588

13 -0.596637

14 -0.507507

15 -0.463686

16 -0.626062

17 -0.566921

18 -1.21345

19 -0.730728

20 -0.677181

21 -0.573542

22 -0.565746

23 -0.629302

24 -0.637948

25 -0.724798

26 -0.809282

27 -0.918001

28 -0.975855

29 -1.01452

30 -1.0336

31 -1.15112

32 -1.12736

33 -1.10887

34 -1.10992

35 -1.12422

36 -1.24507

37 -1.31092

38 -1.26685

39 -1.31349

40 -1.4353

41 -1.54111

42 -1.70447

43 -1.81903

44 -1.85149

45 -1.86392

46 -1.98247

47 -2.02118

48 -2.05277

49 -2.10327

50 -2.20754

51 -2.31512

52 -2.15699

53 -2.37074

54 -2.60712

55 -2.75466

56 -2.64476

57 -3.01264

58 -3.15799

59 -2.86318

60 -2.88423

61 -2.95894

62 -2.94633

63 -2.91078

64 -2.96782

65 -3.19836

66 -3.12399

67 -3.14953

68 -3.02979

69 -2.85004

70 -2.90791

71 -2.99668

72 -3.14389

73 -3.2019

74 -3.06307

75 -2.93512

76 -2.84999

77 -2.98525

78 -3.20293

79 -3.51414

80 -3.70197

81 -3.56441

82 -3.6603

83 -3.7456

