5 0.0211709

6 0.0284531

7 0.151377

8 0.367428

9 0.393572

10 0.593025

11 0.665876

12 0.643028

13 0.573408

14 0.639663

15 0.648552

16 0.571583

17 0.886396

18 1.24122

19 1.42922

20 1.53297

21 1.4376

22 1.54145

23 1.31675

24 1.38262

25 1.38038

26 1.69967

27 2.11417

28 2.43314

29 2.23475

30 2.21536

31 2.20924

32 2.16518

33 2.29734

34 2.16287

35 1.92038

36 2.50049

37 2.6363

38 2.67962

39 2.66341

40 2.73442

41 2.6733

42 2.85327

43 2.95941

44 3.11281

45 3.36123

46 3.60536

47 3.70515

48 3.73775

49 3.82727

50 3.72001

51 3.8808

52 3.51797

53 3.56529

54 3.44444

55 2.70942

56 2.65582

57 2.84845

58 2.95603

