5 -0.00806037

6 -0.00669451

7 0.0109212

8 -0.0422237

9 0.134897

10 0.0440838

11 -0.190599

12 -0.455317

13 -0.495363

14 -0.458379

15 -0.482018

16 -0.449208

17 -0.357819

18 -0.0230356

19 -0.211002

20 -0.362138

21 -0.438466

22 -0.521587

23 -0.568706

24 -0.738811

25 -0.850377

26 -0.817496

27 -0.794921

28 -0.825522

29 -0.773225

30 -0.937055

31 -1.16986

32 -1.19336

33 -1.3182

34 -1.35109

35 -1.33277

36 -1.3953

37 -1.44767

38 -1.28464

39 -1.21077

40 -1.95622

41 -2.2825

42 -2.39718

