5 -0.0273228

6 -0.0520434

7 -0.120326

8 -0.128387

9 -0.0812913

10 -0.0606423

11 -0.049974

12 -0.729563

13 -0.918598

14 -0.832632

15 -0.890869

16 -0.753359

17 -0.0153247

18 0.00830347

19 -1.14128

20 -1.27713

21 -1.67262

22 -2.0235

23 -1.98656

24 -2.51346

25 -2.52247

26 -2.42486

27 -1.92191

28 -1.65907

29 -1.65522

30 -1.81156

31 -2.01986

32 -1.75146

33 -1.6218

34 -1.56317

35 -1.02162

36 -1.17555

37 -1.20071

38 -1.232

39 -1.24886

40 -1.49018

41 -1.51492

42 -0.960344

43 -0.660617

44 -0.600653

45 -0.592951

46 -0.522069

47 -0.635863

48 -0.488306

49 0.188261

50 0.362148

51 0.534269

52 0.550288

53 0.611367

54 0.421395

55 0.525051

56 -0.444332

57 -0.387295

