5 0.0425684

6 0.141923

7 0.14539

8 0.0929417

9 0.107322

10 -0.0146082

11 0.118328

12 -0.075243

13 -0.0795898

14 -0.116453

15 -0.127841

16 -0.168506

17 -0.173724

18 -0.388644

19 -0.37114

20 -0.270487

21 -0.246702

22 0.0888887

23 0.0187632

24 -0.0234148

25 -0.148341

26 -1.06507

27 -1.07998

28 -1.1039

29 -0.920887

30 -0.911603

31 -0.886277

32 -0.88391

33 -0.906017

34 -1.06401

35 -1.01067

36 -1.78764

37 -1.84478

38 -2.00775

39 -2.02899

40 -2.22335

41 -2.30025

42 -2.47832

43 -2.43652

44 -2.63724

45 -2.53643

46 -2.20665

47 -2.22411

48 -2.53154

49 -2.44953

50 -2.39323

51 -2.46242

52 -2.40312

53 -2.46867

54 -2.42476

55 -2.39543

56 -2.29316

57 -2.16501

