5 -0.201095

6 -0.168882

7 -0.0380347

8 0.220953

9 0.238248

10 0.748871

11 0.737435

12 0.770101

13 0.805131

14 0.694785

15 0.627857

16 0.794594

17 0.883589

18 1.07097

19 1.58449

20 1.62476

21 1.52436

22 1.38723

23 1.5099

24 1.47557

25 1.42571

26 1.2793

27 1.19852

28 1.25256

29 1.21434

30 1.31712

31 1.99529

32 2.17113

33 2.01103

34 2.02822

35 1.97587

36 2.03248

37 2.34306

38 3.05933

39 3.05017

40 3.00242

41 2.97807

42 3.14369

43 3.14322

44 3.22559

45 3.15528

46 3.09246

47 3.06932

48 2.89703

49 2.82513

50 2.6676

51 2.62846

52 2.20084

53 2.16353

54 2.00697

55 1.83331

56 1.36292

