5 -0.0282972

6 0.0124969

7 -0.00798802

8 0.0243382

9 0.0136017

10 -0.0140598

11 -0.0619779

12 -0.0607788

13 -0.0490625

14 -0.192148

15 -0.18516

16 -0.0520115

17 -0.0971162

18 -0.0554079

19 -0.0368858

20 -0.10297

21 -0.539288

22 -0.526228

23 -0.336222

24 -0.5399

25 -0.423405

26 -0.378168

27 -0.392669

28 -0.291713

29 -0.149043

30 -0.116154

31 -0.191678

32 -1.38902

33 -1.59604

34 -1.54279

35 -2.05041

36 -2.11319

37 -2.01139

38 -2.01945

39 -1.97773

40 -2.49549

41 -2.49976

