5 -0.00795983

6 -0.0789539

7 -0.0566354

8 -0.137347

9 0.439602

10 0.823431

11 0.552078

12 0.503155

13 0.996407

14 1.79503

15 1.77788

16 1.72515

17 0.711957

18 0.55231

19 0.477918

20 0.558985

21 0.556999

22 0.463005

23 0.403945

24 0.400849

25 0.339793

26 0.0586731

27 0.0234715

28 0.111776

29 0.423835

30 0.456662

31 0.553246

32 0.615554

33 0.754964

34 1.01633

35 1.20462

36 1.19277

37 0.974919

38 0.46123

39 0.578438

40 0.444199

41 0.403885

42 0.391903

43 0.361722

