5 0.00402402

6 0.0762604

7 0.100117

8 0.0344942

9 0.0835346

10 0.206791

11 0.205593

12 0.191433

13 0.286371

14 0.181837

15 -0.0704106

16 -0.864296

17 -0.777829

18 -0.740416

19 -0.445122

20 -0.416933

21 -0.572822

22 -0.642168

23 -0.659391

24 -0.625546

25 -0.808589

26 -1.03353

27 -1.19355

28 -1.15882

29 -1.24797

30 -1.12835

31 -0.989827

32 -0.958625

33 -0.80642

34 -0.851399

35 -0.853859

36 -0.835171

37 -0.841011

38 -1.02039

39 -0.714284

40 -0.852069

41 -0.687097

42 -0.714278

43 0.111461

