5 0.0366928

6 0.0978229

7 -0.0344808

8 -0.00878303

9 0.0245759

10 0.0511953

11 0.0881017

12 0.121166

13 0.147035

14 0.158327

15 0.162542

16 0.157418

17 0.023779

18 0.125446

19 0.0303393

20 0.0529081

21 -0.0295562

22 -0.196041

23 -0.427441

24 0.101191

25 0.0717915

26 0.0626372

27 0.127612

28 0.236218

29 0.30769

30 0.226491

31 -0.135457

32 -0.4611

33 -0.664302

34 -0.869168

35 -1.20695

36 -1.27433

37 -1.03976

38 -1.69685

39 -1.61808

40 -1.74198

41 -1.79235

42 -1.82247

43 -1.88156

44 -2.20547

45 -2.21989

46 -2.29833

47 -2.17435

