5 -0.0325442

6 0.115981

7 0.00278286

8 -0.0602402

9 -0.287839

10 -0.402556

11 -0.40468

12 -0.435632

13 -0.46507

14 -0.447342

15 -0.439893

16 -0.483883

17 -0.626098

18 -0.616289

19 -0.669738

20 -0.529972

21 -0.365356

22 -0.285405

23 -0.315994

24 -0.161689

25 -0.0847816

26 -0.0578561

27 0.137931

28 0.0764833

29 0.164379

30 0.286471

31 0.30867

32 0.464444

33 0.50646

34 0.432814

35 0.141696

36 0.263509

37 0.556491

38 0.85365

39 0.925537

40 0.490167

41 0.778731

42 1.11773

43 1.51945

44 1.45966

45 1.26489

46 1.23631

47 1.27838

48 1.20781

49 1.24081

50 1.1052

51 1.09939

52 1.02857

53 1.24397

54 1.89249

55 1.77688

56 1.7004

57 1.8191

58 2.64313

59 2.73962

60 2.20084

61 1.70178

62 1.45633

63 1.36394

