5 -0.810993

6 -0.902445

7 -1.26667

8 -1.39021

9 -1.67598

10 -1.70946

11 -1.77208

12 -1.75987

13 -1.79719

14 -2.36401

15 -2.40156

16 -2.36878

17 -2.54066

18 -2.93043

19 -2.91876

20 -2.9199

21 -2.92507

22 -2.91642

23 -2.93677

24 -2.92258

25 -2.85314

26 -2.90503

27 -2.84595

28 -3.30328

29 -3.33901

30 -3.49374

31 -4.21653

32 -4.60248

33 -4.62596

34 -4.69607

35 -4.88598

36 -5.06335

37 -5.11831

38 -5.14238

39 -5.29223

40 -5.32238

41 -5.40823

42 -4.04076

43 -4.05675

44 -4.14798

45 -4.24106

46 -4.35978

47 -4.49031

48 -4.53411

49 -4.53532

50 -4.70711

51 -4.59988

52 -4.79482

