5 -0.0187111

6 -0.117338

7 -0.0922584

8 -0.0652347

9 -0.0560403

10 -0.0593731

11 -0.0543564

12 -0.0393004

13 -0.0435233

14 -0.0815653

15 -0.206365

16 -0.428259

17 -0.561861

18 -0.568728

19 -0.42929

20 -0.453429

21 -0.547603

22 -0.738793

23 -0.859828

24 -0.87891

25 -0.902236

26 -0.994666

27 -0.93708

28 -1.13437

29 -1.12161

30 -1.04987

31 -1.21108

32 -1.24471

33 -1.26416

34 -1.23713

35 -1.42002

36 -1.45374

37 -1.52218

38 -1.56219

39 -1.45732

40 -1.48671

41 -1.5455

42 -1.56751

43 -1.63059

44 -1.68943

45 -1.75286

46 -1.73783

47 -2.07262

48 -2.21483

49 -2.12379

50 -1.92072

51 -1.86437

52 -1.83996

53 -1.79698

54 -1.87502

55 -1.98685

56 -2.04456

57 -2.07269

58 -2.01561

59 -2.12235

60 -2.23105

61 -2.40004

62 -2.43205

63 -2.38718

64 -2.73101

65 -2.85942

