5 0.000350241

6 -0.043464

7 -0.0255129

8 0.0161711

9 0.0287345

10 0.0150764

11 -0.00586726

12 -0.0723488

13 -0.08544

14 -0.12224

15 -0.85733

16 -0.906945

17 -0.862228

18 -0.902108

19 -0.768596

20 -0.756707

21 -0.838331

22 -0.95869

23 -0.894132

24 -1.01669

25 -0.756102

26 -0.415331

27 -0.33673

28 -0.521858

29 -0.834104

30 -1.00153

31 -0.972034

32 -0.966203

33 -1.01026

34 -1.04042

35 -1.07799

36 -1.06315

37 -1.16568

38 -1.40485

39 -1.46251

40 -1.41289

41 -1.42756

42 -1.65494

43 -1.5005

44 -1.37732

45 -1.21606

46 -0.979107

