5 0.183614

6 0.148809

7 0.161318

8 0.267334

9 -0.952521

10 -0.935342

11 -0.740472

12 -0.863936

13 -1.0712

14 -1.08666

15 -1.09088

16 -1.06819

17 -0.955215

18 -0.96383

19 -1.98974

20 -1.99632

21 -1.98735

22 -1.77907

23 -2.06718

24 -2.14942

25 -2.18519

26 -1.86498

27 -1.82584

28 -1.69572

29 -1.70997

30 -1.69714

31 -1.62016

32 -2.60337

33 -2.46072

34 -2.33795

35 -2.36574

36 -2.44637

37 -2.57485

38 -2.45479

39 -3.33257

40 -3.42543

41 -3.43022

42 -3.30393

43 -4.43877

44 -4.4379

45 -4.53656

