5 -0.965833

6 -0.901642

7 -0.959903

8 -0.663484

9 -0.632134

10 -0.75383

11 -0.892312

12 -0.914238

13 -0.795542

14 -0.78399

15 -0.746395

16 -0.610736

17 -0.689858

18 -0.710666

19 -0.718535

20 -0.557838

21 -0.76384

22 -0.707388

23 -0.605836

24 -0.650127

25 -1.0076

26 -1.1385

27 -1.2205

28 -1.27681

29 -1.21667

30 -1.21295

31 -1.17617

32 -1.18291

33 -1.19448

34 -1.10223

35 -1.21714

36 -1.34618

37 -1.38848

38 -1.40488

39 -1.46172

40 -1.58033

41 -1.64264

42 -1.4914

43 -1.73148

44 -1.84208

45 -1.89939

46 -1.80801

47 -2.19756

48 -2.35668

49 -2.02701

50 -2.32449

51 -2.23341

52 -2.17046

53 -2.11414

54 -2.21093

55 -2.42202

56 -2.53345

57 -2.48812

58 -2.40909

59 -2.44691

60 -2.6795

61 -2.87162

62 -2.97598

63 -2.81716

64 -2.89354

65 -2.98227

