5 -0.101495

6 -0.371637

7 -0.33423

8 -0.261794

9 -0.269244

10 -0.652263

11 -0.59488

12 -0.511298

13 -0.462004

14 -0.479462

15 -0.41964

16 -0.353765

17 -0.446136

18 -0.377957

19 -0.376361

20 -0.354246

21 -0.356704

22 -0.799507

23 -0.758238

24 -0.6881

25 -0.739754

26 -0.591269

27 -0.574778

28 -0.489367

29 -0.348903

30 -0.379724

31 -0.313784

32 -0.185466

33 -0.0857237

34 0.221684

35 0.237344

36 0.565037

37 0.573604

38 0.341233

39 -0.00741811

40 0.0379978

41 0.203238

42 0.134391

43 0.188882

44 0.218579

