5 0.0667419

6 0.0978408

7 0.118999

8 0.12139

9 0.0953912

10 0.12618

11 0.133275

12 0.100424

13 0.0624086

14 0.244218

15 -0.209468

16 -0.082701

17 -0.0789744

18 -0.0420666

19 -0.0139668

20 -0.185502

21 -0.378239

22 -0.791205

23 -0.888675

24 -0.984519

25 -1.033

26 -1.1436

27 -1.13072

28 -1.23154

29 -1.29137

30 -1.14538

31 -1.06288

32 -0.866527

33 -0.807565

34 -0.553225

35 -0.569065

36 -0.762989

37 -0.732546

38 -0.417993

39 -0.380931

40 -0.562387

41 -0.45062

42 -0.373891

43 -0.338877

44 -0.476165

45 -0.395954

46 -0.106377

47 -0.120676

48 -0.680198

49 -0.688675

