5 0.103149

6 0.0603841

7 -0.0593308

8 -0.062306

9 0.15814

10 -0.0385162

11 -0.0718243

12 -0.0918122

13 -0.103476

14 -0.224445

15 -0.0265309

16 0.091566

17 0.0608014

18 -0.0540764

19 -0.012792

20 -0.0573678

21 -0.17646

22 -0.378002

23 -0.368117

24 -0.24032

25 -0.152903

26 -0.163949

27 -0.335282

28 -0.687517

29 -0.719832

30 -0.809604

31 -0.934661

32 -0.97945

33 -0.902773

34 -0.782944

35 -0.782913

36 -0.818444

37 -0.784087

38 -0.89155

39 -0.734253

40 -0.949259

41 -0.964966

42 -2.27719

43 -2.35759

44 -2.30767

45 -2.29747

