5 -0.0441862

6 -0.228357

7 -0.517621

8 -0.512713

9 -0.960612

10 -0.78397

11 -1.09243

12 -0.98065

13 -1.15555

14 -0.613569

15 -0.170403

16 -0.0145213

17 0.0263126

18 0.330555

19 0.338704

20 0.352771

21 0.366287

22 0.421265

23 0.409194

24 0.347352

25 0.321278

26 0.489224

27 0.561872

28 0.589126

29 0.655811

30 0.113072

31 0.490432

32 0.50239

33 0.608899

34 0.66426

35 0.933466

36 0.775524

37 0.388402

38 0.151699

39 0.413848

40 -0.116274

41 -0.178288

42 -0.00957398

43 0.19069

44 0.552522

45 0.537864

46 0.512321

47 0.257204

48 -0.0150764

