5 -0.0503351

6 -0.0583075

7 -0.105761

8 0.270705

9 0.859179

10 0.949253

11 0.710388

12 0.637485

13 1.5294

14 1.76404

15 1.71389

16 1.71314

17 1.8996

18 2.64009

19 2.56075

20 2.66843

21 2.86457

22 3.27644

23 3.29693

24 3.31229

25 3.31067

26 3.46108

27 3.45925

28 3.51076

29 3.55814

30 3.91358

31 3.99331

32 3.61072

33 3.98564

34 3.91985

35 3.62354

36 3.64704

37 3.68933

38 3.89935

39 4.49831

40 4.21204

41 4.12823

42 4.13553

43 3.67553

44 3.82395

45 4.30582

46 4.32352

47 4.2335

48 4.11581

49 4.25083

50 5.07144

51 5.1474

52 4.60673

53 4.54123

54 4.34664

55 4.25495

56 4.72715

57 4.50808

58 3.63465

59 4.07953

60 4.26517

