5 0.00243808

6 0.000458253

7 -0.024268

8 0.0124892

9 0.0280252

10 0.0302542

11 -0.00700309

12 0.877018

13 0.868405

14 0.641601

15 0.656441

16 0.720062

17 0.855368

18 0.967348

19 0.994137

20 0.981663

21 1.15831

22 1.11381

23 1.08519

24 -0.991917

25 -1.04823

26 -1.31522

27 -1.28438

28 -1.1314

29 -0.715089

30 -0.874772

31 -0.433004

32 -0.307579

33 -0.382044

34 -0.396647

35 -0.434901

36 -0.501189

37 -0.489001

38 -0.369433

39 -0.292791

40 -0.236144

41 -0.429605

42 -0.559691

43 -0.718059

44 -0.757824

45 -0.805108

46 -0.73949

47 -0.65955

48 -0.573917

49 -0.47252

50 -0.413386

51 -0.553032

52 -0.658324

53 -0.520204

54 -0.74268

55 -1.40024

56 -1.77298

57 -1.30937

58 -0.886322

59 -1.03776

60 -1.8139

61 -1.95572

62 -1.61846

63 -1.53197

64 -1.56579

65 -1.43832

66 -1.68913

67 -2.07166

68 -2.32999

