5 -0.0784082

6 -0.103936

7 -0.107721

8 -0.1191

9 -0.111539

10 0.218997

11 0.190274

12 0.30364

13 0.217746

14 0.807845

15 1.02723

16 1.09748

17 1.27219

18 1.16619

19 1.06654

20 1.04395

21 1.29217

22 2.21155

23 2.20494

24 2.0974

25 2.06302

26 1.9455

27 1.63443

28 1.6698

29 1.41727

30 1.25571

31 1.25211

32 1.33708

33 1.41154

34 1.94183

35 1.89144

36 2.12808

37 2.20348

38 2.18275

39 2.20439

40 1.50161

41 1.39579

42 1.95656

43 2.3447

44 1.43754

45 2.50503

46 2.77724

47 2.9841

48 2.95651

49 2.64048

50 2.67793

51 2.70757

52 2.27922

53 1.91083

54 1.92255

55 1.89142

56 1.89467

57 1.7462

58 1.57673

59 1.90316

60 2.21992

61 2.25852

