5 -0.0453575

6 -0.0148058

7 0.0290418

8 0.0621796

9 -0.0153173

10 -0.315316

11 -0.393872

12 -0.347873

13 -0.536192

14 -0.388935

15 -0.390873

16 -0.429686

17 -0.531796

18 -0.537506

19 -0.373986

20 -0.348413

21 -0.505472

22 -0.14193

23 -0.11823

24 -0.207816

25 -0.551449

26 -0.466818

27 0.00251479

28 0.0492672

29 0.19717

30 0.220142

31 0.761118

32 0.645582

33 0.671544

34 0.878233

35 0.986808

36 1.10622

37 0.575567

38 0.586324

39 0.584178

40 1.01804

41 1.01756

42 0.295351

43 0.174898

44 -0.116018

