5 0.019298

6 0.0474025

7 -0.0502234

8 -0.0312615

9 0.149472

10 -0.197063

11 -0.375504

12 -0.221374

13 -0.124985

14 -0.526369

15 -0.786314

16 -0.825064

17 -0.808097

18 -0.999152

19 -0.790919

20 -0.693819

21 -0.703993

22 -0.810231

23 -1.05543

24 -1.36449

25 -1.04106

26 -0.838332

27 -0.833476

28 -0.627565

29 -0.476735

30 -0.529693

31 -0.423013

32 -0.385735

33 -0.379325

34 -0.51218

35 -0.499675

36 -0.569175

37 -0.559141

38 -0.597479

39 -0.693713

40 -0.762275

41 -0.805411

42 -0.770736

43 -0.816169

44 -0.942985

45 -0.99545

46 -1.17724

47 -1.35928

