5 0.00726161

6 -0.00137879

7 0.0801927

8 0.0625408

9 -0.0628078

10 -0.138826

11 -0.178647

12 -0.211114

13 -0.228917

14 -0.232583

15 -0.196771

16 -0.351924

17 -0.453829

18 -0.518386

19 -0.401448

20 -0.492135

21 -0.654614

22 -0.619256

23 -0.72745

24 -0.751142

25 -0.720597

26 -0.678027

27 -1.06033

28 -1.11688

29 -1.05192

30 -0.767403

31 -0.565144

32 -0.330083

33 -0.153533

34 -0.179103

35 -0.306749

36 -0.321626

37 -0.0252547

38 0.680634

39 0.609695

40 0.107578

41 0.186697

42 0.175969

43 0.241374

44 0.700524

