5 -0.167241

6 -0.15435

7 -0.156506

8 -0.298409

9 -0.255328

10 -0.128687

11 -0.239036

12 -0.460148

13 -0.583813

14 -1.05623

15 -1.02996

16 -1.43888

17 -0.932438

18 -1.01378

19 -1.02051

20 -0.664933

21 -0.752147

22 -0.80994

23 -0.805458

24 -0.373058

25 -0.499314

26 -0.580288

27 -0.563877

28 -0.155585

29 -0.268332

30 -0.333714

31 -0.312518

32 0.0904989

33 -0.0251929

34 -0.103839

35 -0.0829683

36 0.302393

37 0.182848

38 0.109108

39 0.125073

40 0.323559

41 0.437132

42 0.768893

43 0.794212

44 0.957362

45 1.05048

46 1.54017

47 1.55948

48 1.66717

49 1.8046

50 2.25235

51 2.26851

52 2.52934

53 2.53853

54 2.58916

55 2.60252

56 2.97691

57 2.8692

58 2.85492

59 2.86449

60 3.01802

61 3.12412

62 3.48487

63 3.49659

64 3.6028

65 3.69808

66 4.2229

67 4.24458

68 4.31035

69 4.4404

70 4.92265

71 4.93969

72 5.04749

73 5.18476

74 5.3727

