5 -0.000879335

6 -0.142882

7 -0.234072

8 -0.534478

9 -0.781922

10 -0.851869

11 -0.857976

12 -0.817394

13 -0.878329

14 -1.07932

15 -1.13007

16 -1.15764

17 -1.15757

18 -1.26588

19 -1.21661

20 -1.43876

21 -1.58504

22 -1.43274

23 -1.49346

24 -1.52924

25 -1.4562

26 -1.66935

27 -1.72579

28 -0.919219

29 -0.715395

30 -0.588952

31 -0.559614

32 -0.57169

33 -0.604831

34 -0.609348

35 -0.609811

36 -0.644565

37 -0.804181

38 -0.908706

39 -0.951278

40 -1.05732

41 -1.69072

42 -1.44385

43 -1.45602

44 -1.41192

