5 0.00448494

6 0.338097

7 0.303396

8 0.711308

9 1.03069

10 1.08538

11 1.01105

12 0.652083

13 0.785926

14 0.574493

15 0.994654

16 1.16408

17 1.2739

18 0.97619

19 1.07744

20 1.78927

21 2.02021

22 1.88826

23 1.88611

24 1.9912

25 2.07056

26 2.16018

27 2.15028

28 2.10269

29 2.27944

30 2.2938

31 2.50012

32 2.56021

33 2.99551

34 3.00523

35 3.13872

36 3.12652

37 2.957

38 3.28107

39 3.36248

40 3.04394

41 4.24749

42 4.28023

43 4.39552

44 4.41473

45 4.46739

46 4.52976

47 4.56225

48 4.46256

49 4.41793

50 4.79204

51 5.00767

52 5.21147

53 4.49847

54 4.34488

55 4.11369

56 3.97002

57 3.68799

58 3.68741

59 4.15279

