5 -0.000142563

6 -0.000903682

7 0.0197589

8 -0.0472781

9 -0.23177

10 -0.318862

11 -0.313208

12 -0.264417

13 -0.0802653

14 0.324082

15 0.51399

16 0.398741

17 0.240724

18 1.21484

19 1.41881

20 1.31223

21 1.31351

22 1.30215

23 1.26654

24 1.44604

25 1.62856

26 1.56633

27 1.59063

28 1.60754

29 1.79142

30 1.86798

31 1.94575

32 2.10523

33 2.13931

34 1.96961

35 1.33194

36 0.607141

37 0.699805

38 1.71103

39 1.77261

40 1.67646

41 1.83844

42 1.65731

43 1.62402

44 1.48076

45 1.49554

46 1.38096

47 1.27342

48 1.19644

49 1.06275

50 1.02896

51 2.03234

52 1.99713

