5 0.00080491

6 -0.0217733

7 -0.0192194

8 -0.192942

9 -0.160849

10 0.0499998

11 0.0782982

12 0.107061

13 0.0122453

14 -0.0709725

15 -0.0747569

16 -0.141013

17 -0.207218

18 -0.140657

19 -0.101916

20 -0.111075

21 -0.378512

22 -0.589465

23 -0.620372

24 -0.649199

25 -0.658084

26 -0.911617

27 -0.898881

28 -1.03806

29 -1.04978

30 -0.972743

31 -0.612637

32 -0.583897

33 -0.586707

34 -0.583579

35 -0.566845

36 -1.02227

37 -0.805318

38 -0.69177

39 -0.622235

40 -0.558653

41 -0.519875

42 -0.628762

43 -0.97225

44 -1.12219

45 -1.15288

46 -1.14284

47 -1.18377

48 -1.04222

49 -1.86006

50 -1.86249

51 -1.87196

52 -1.8761

53 -1.88775

54 -2.34171

55 -2.22289

56 -2.17125

57 -2.26353

58 -2.34894

59 -2.63865

60 -2.69768

61 -2.60695

62 -2.63669

