5 0.0303353

6 0.0215577

7 -0.21003

8 -0.239478

9 -0.272243

10 -0.289374

11 -0.0840827

12 -0.0322997

13 -0.0180187

14 0.0228423

15 -0.148595

16 -0.046835

17 0.0140619

18 -0.194034

19 -0.140815

20 -0.212531

21 -0.46572

22 -0.732472

23 -0.857519

24 -0.699486

25 -0.659691

26 -0.566387

27 -0.538993

28 -0.528482

29 -0.65573

30 -0.70564

31 -0.897861

32 -1.17843

33 -1.27878

34 -1.46583

35 -1.5363

36 -1.50451

37 -1.41644

38 -1.67602

39 -1.60184

40 0.0129346

41 -0.0105311

