5 -0.231408

6 -0.23552

7 -1.08809

8 -1.05756

9 -1.13387

10 -1.313

11 -1.32009

12 -1.32891

13 -1.31258

14 -1.04015

15 -1.36644

16 -1.2462

17 -1.23989

18 -1.31698

19 -1.29987

20 -1.36141

21 -1.52637

22 -1.8259

23 -1.77826

24 -1.86839

25 -2.0279

26 -2.12117

27 -2.20424

28 -2.22821

29 -2.11996

30 -2.11719

31 -2.17419

32 -1.60358

33 -1.81904

34 -1.91525

35 -1.83762

36 -2.14186

37 -2.14861

38 -2.17518

39 -1.41567

40 -1.27746

41 -1.24475

42 -1.17508

43 -1.26067

44 -1.15288

45 -1.0426

46 -1.11228

47 -1.22733

48 -1.17879

