5 0.00149084

6 0.0104203

7 0.0106594

8 -0.0292343

9 -0.0898343

10 -0.0311183

11 0.180311

12 0.227882

13 0.579531

14 0.789593

15 0.902958

16 0.941543

17 0.897181

18 1.01627

19 1.23159

20 1.36842

21 1.43615

22 1.55927

23 1.54634

24 1.70391

25 1.9091

26 2.00378

27 2.3345

28 2.3279

29 2.38445

30 2.40238

31 2.70605

32 2.79061

33 3.03374

34 3.13442

35 2.98029

36 3.26065

37 3.30724

38 3.40242

39 3.74008

40 3.82701

41 3.83383

42 3.90252

43 3.88552

44 4.10091

45 4.17468

46 4.14713

