5 -0.204751

6 -0.188317

7 -0.942932

8 -0.911322

9 -0.90801

10 -0.914401

11 -0.91686

12 -0.855532

13 -0.748162

14 -0.787771

15 0.0145087

16 -0.0760109

17 -0.788611

18 -0.306156

19 0.578217

20 0.614446

21 0.619145

22 0.803906

23 0.866596

24 0.855004

25 0.859738

26 0.886603

27 0.777232

28 0.777715

29 0.483319

30 0.430168

31 0.453461

32 0.607022

33 0.525314

34 0.446266

35 1.54269

36 1.54412

37 1.54787

38 1.60887

39 1.6645

40 0.822657

41 0.455081

42 0.3468

43 0.201926

44 0.155617

45 0.173158

46 0.293325

47 0.400478

48 0.260071

49 0.407848

