5 -0.0377677

6 -0.0243351

7 -0.0402027

8 -0.0622844

9 0.164391

10 0.564361

11 0.706152

12 0.871446

13 1.00613

14 0.966725

15 0.768702

16 0.739556

17 0.876119

18 0.985468

19 1.25527

20 1.59922

21 1.72764

22 1.51203

23 1.58929

24 1.73516

25 2.07226

26 2.26152

27 2.42899

28 2.33073

29 2.30656

30 2.28581

31 2.4509

32 2.64794

33 2.9526

34 3.05164

35 3.03279

36 2.83697

37 3.09962

38 3.37695

39 3.29514

40 4.17379

41 4.25207

42 4.29414

43 4.26729

44 4.22306

45 4.86727

46 4.8481

47 4.44204

48 4.10039

49 3.68822

50 3.63802

51 4.19291

