5 -0.0921914

6 -0.0904727

7 -0.396445

8 -0.392007

9 -0.296894

10 -0.324826

11 -0.236389

12 -0.109077

13 -0.0946915

14 -0.142541

15 0.0150802

16 0.0849756

17 0.315488

18 0.406565

19 0.319027

20 -0.665486

21 -0.738627

22 -0.820918

23 -0.702414

24 -0.833037

25 -0.848989

26 -0.930567

27 -0.956179

28 -0.974212

29 -1.03647

30 -1.02923

31 -1.05516

32 -1.07888

33 -1.21668

34 -1.18702

35 -1.25641

36 -1.39254

37 -1.31206

38 -1.33025

39 -1.29859

40 -1.25982

41 -1.32542

42 -1.24077

43 -0.863199

44 -0.900575

45 -1.10073

46 -1.38583

47 -1.42241

48 -1.53521

49 -1.69484

50 -1.79503

51 -1.81064

52 -1.6752

53 -1.85133

54 -1.86336

55 -1.65195

