5 0.0221254

6 0.0320425

7 0.0406106

8 0.0245745

9 -0.00802628

10 -0.0995219

11 0.180694

12 0.243011

13 0.245108

14 0.256944

15 0.293437

16 0.281124

17 -0.0184297

18 -0.0364338

19 0.0328399

20 0.14131

21 0.230456

22 0.207385

23 0.22563

24 0.534955

25 0.249231

26 0.00620549

27 0.0346496

28 0.0358137

29 -0.0081616

30 0.155994

31 0.314288

32 0.312792

33 0.277412

34 0.145291

35 -0.115669

36 -0.139603

37 -0.0353661

38 0.0195497

39 -0.0484647

40 -0.270539

41 -0.0252775

42 0.152115

