5 0.00782184

6 0.00878948

7 0.00935407

8 0.00933112

9 0.00942527

10 0.0520714

11 0.0628612

12 -0.0796854

13 -0.149237

14 -0.226672

15 -0.268629

16 -0.299843

17 -0.308295

18 -0.358565

19 -0.0502381

20 -0.346911

21 -0.697313

22 -0.629974

23 -0.51522

24 -0.344416

25 -0.324856

26 -0.305602

27 -0.266985

28 -0.173827

29 -0.125376

30 -0.394897

31 -0.52819

32 -0.660684

33 -0.812892

34 -0.953721

35 -1.42572

36 -1.74848

37 -1.72851

38 -1.65177

39 -1.64866

40 -1.75326

41 -1.60175

42 -1.61057

43 -1.62242

44 -1.67904

45 -1.7331

46 -1.7383

47 -1.76798

48 -1.8597

49 -1.89181

50 -1.96043

51 -2.14759

52 -2.02115

53 -1.95505

54 -2.00005

55 -1.82459

56 -1.77683

57 -1.82512

58 -1.73557

59 -1.43922

60 -1.2645

61 -1.2318

62 -1.30319

63 -1.5726

64 -2.06134

65 -2.68694

66 -2.8717

67 -3.12414

68 -2.98201

69 -2.99102

70 -2.91045

71 -2.91918

72 -2.85154

73 -2.89016

74 -3.15129

75 -3.17567

76 -4.22488

77 -4.58359

78 -4.86778

