5 -0.0633522

6 0.0206143

7 0.129799

8 -0.0762299

9 -0.0278958

10 0.564096

11 0.626744

12 0.65893

13 0.648658

14 0.723132

15 0.819781

16 0.85203

17 0.931733

18 0.935885

19 0.899237

20 1.2242

21 1.35934

22 -0.415845

23 -0.626882

24 -0.583441

25 -0.714389

26 -0.784479

27 -0.696424

28 -0.51458

29 -0.468661

30 -0.468878

31 -0.384665

32 -0.420308

33 -0.663144

34 -0.763354

35 -0.761564

36 -0.805011

37 -1.02351

38 -0.909945

39 -1.08915

40 -1.10128

41 -1.13546

42 -1.12773

