5 -0.256922

6 -0.238704

7 -0.829494

8 -0.865637

9 -1.44321

10 -1.60532

11 -1.49342

12 -1.46544

13 -1.48022

14 -1.46973

15 -1.75227

16 0.142588

17 0.221021

18 0.214794

19 0.096999

20 0.0296938

21 -0.0724334

22 0.0425506

23 -0.0210339

24 0.046607

25 0.107362

26 0.197335

27 0.283224

28 0.291514

29 0.306325

30 0.144254

31 0.103047

32 0.246321

33 0.330951

34 0.473336

35 0.462663

36 0.45783

37 0.482018

38 0.421401

39 0.32749

40 0.65119

41 0.726484

42 0.631952

43 0.325404

