5 -0.0203088

6 0.0513381

7 0.221626

8 0.241778

9 0.267602

10 0.217653

11 0.336803

12 0.364631

13 0.286365

14 0.119434

15 -0.416187

16 -0.793472

17 -0.826927

18 -0.909663

19 -0.71873

20 -0.448397

21 -0.183419

22 -0.0923215

23 -0.17156

24 -0.214335

25 -0.34007

26 -0.278466

27 -0.104399

28 -0.0731929

29 -0.0614307

30 0.25104

31 0.254553

32 0.189325

33 0.108777

34 0.287412

35 0.190337

36 0.809811

37 1.05683

38 0.790031

39 0.790016

40 1.61088

41 1.90942

42 1.8891

43 1.87434

44 1.94372

45 1.91136

46 0.936256

47 0.892191

48 -0.137933

49 -0.251637

