5 -0.181042

6 -1.46521

7 -1.47714

8 -1.47668

9 -1.3486

10 -1.53553

11 -1.48084

12 -1.44772

13 -1.42614

14 -1.4143

15 -1.40747

16 -1.50847

17 -2.52467

18 -2.42428

19 -2.73226

20 -2.69155

21 -2.68679

22 -2.50792

23 -2.58207

24 -3.06857

25 -3.08752

26 -3.12579

27 -3.27033

28 -3.42037

29 -3.42587

30 -3.67221

31 -3.71621

32 -3.67204

33 -3.67091

34 -3.19811

35 -3.10616

36 -3.00556

37 -3.00091

38 -2.90204

39 -2.90449

40 -2.76049

41 -2.22646

42 -2.18287

43 -2.17593

44 -2.09074

45 -2.0095

46 -2.12046

47 -2.35665

