5 -0.0510019

6 0.134324

7 -0.0523549

8 -0.0215726

9 -0.131046

10 0.0186171

11 0.325081

12 0.268533

13 0.292422

14 -0.26623

15 -0.435069

16 -0.416162

17 -0.378987

18 1.26762

19 1.21016

20 1.14004

21 1.38695

22 2.29353

23 2.47315

24 2.49934

25 2.50727

26 2.48698

27 2.43818

28 2.43364

29 2.41837

30 2.42774

31 2.46882

32 2.42635

33 2.62676

34 2.55614

35 2.53183

36 2.21749

37 2.03193

38 1.94915

39 1.9052

40 2.05205

41 2.0268

42 2.01301

43 1.85313

44 1.71066

45 1.63377

46 1.67934

47 1.68192

48 1.41634

49 1.42252

50 1.30697

51 1.2702

52 1.25543

53 1.11817

54 1.05728

55 0.967307

56 0.944083

57 0.719918

58 0.51732

59 0.49635

60 0.495541

61 0.578195

62 0.636596

63 0.599094

64 0.449707

65 0.24029

66 0.0905367

67 0.242316

