5 -0.112194

6 0.0194865

7 0.0671274

8 0.0483983

9 -0.104957

10 -0.164379

11 -0.276862

12 -0.343086

13 -0.35658

14 -0.405192

15 -0.553206

16 -0.534857

17 -0.575163

18 -0.479441

19 -0.459946

20 -0.417687

21 -0.364567

22 -0.319372

23 -0.290905

24 -0.285743

25 -0.34715

26 -0.179264

27 -0.231264

28 -0.318242

29 -0.346958

30 -0.299797

31 -0.321326

32 -0.277459

33 -0.363263

34 -0.699663

35 -0.620038

36 -0.484325

37 -0.624475

38 -0.767905

39 -1.13956

40 -1.27308

41 -1.44481

42 -1.50385

43 -1.49712

