5 0.0828472

6 0.0882921

7 0.258722

8 0.280308

9 0.303112

10 0.137781

11 -1.26277

12 -1.31489

13 -1.29522

14 -1.37162

15 -0.825296

16 -0.725414

17 -0.882625

18 -0.621469

19 -0.669159

20 -0.436487

21 -0.357438

22 -0.261206

23 -0.301337

24 -0.433246

25 -0.537088

26 -1.34005

27 -1.46992

28 -1.23461

29 -0.910489

30 -0.924099

31 -0.839484

32 -0.610299

33 -1.3407

34 -1.38891

35 -1.25524

36 -1.29372

37 -1.60509

38 -1.73018

39 -1.59096

40 -1.16509

41 -1.13305

42 -1.16567

43 -1.21394

44 -1.22899

45 -1.1897

46 -1.24947

47 -1.21963

48 -1.16883

49 -1.1421

50 -1.23626

51 -2.09288

