5 0.0212989

6 0.0776576

7 0.0879196

8 -0.36369

9 -0.0205472

10 -0.00386542

11 0.0123409

12 0.0454079

13 0.0434334

14 0.0657907

15 -0.429781

16 -0.0934567

17 -0.129709

18 -0.146666

19 -0.275483

20 -0.366292

21 -0.503407

22 -0.507814

23 -0.497922

24 -0.686466

25 -0.596824

26 -0.780656

27 -0.723

28 -0.691953

29 -0.788747

30 -0.297224

31 -0.235098

32 -0.175014

33 -0.569924

34 -1.20496

35 -1.17332

36 -1.65076

37 -1.67695

38 -1.61135

39 -1.29297

40 -1.25139

41 -1.14426

42 -1.10305

43 -1.11692

44 -1.06721

45 -1.26617

46 -1.5295

47 -1.54203

48 -1.28262

49 -1.64837

50 -2.36557

51 -2.75804

52 -3.05666

53 -3.11328

