5 0.0592513

6 0.0496567

7 -0.0416907

8 -0.266552

9 -0.416233

10 -0.414016

11 -0.256273

12 -0.484456

13 -0.532752

14 -0.520397

15 -0.511647

16 -0.562085

17 -0.591224

18 -0.621685

19 -0.7388

20 -0.624048

21 -0.63592

22 -0.927483

23 -1.07651

24 -0.95662

25 -1.17762

26 -0.99047

27 -0.849488

28 -0.749333

29 -0.693609

30 -0.910745

31 -0.941877

32 -0.94416

33 -1.15659

34 -0.908699

35 -0.799616

36 -1.2162

37 -1.34687

38 -1.4024

39 -1.34096

40 -1.43918

41 -1.51168

42 -1.4796

43 -1.59201

44 -1.60663

45 -1.56834

46 -1.67173

47 -1.68797

