5 0.0167384

6 0.0157893

7 0.389783

8 0.408132

9 0.18318

10 -0.914026

11 -1.21169

12 -1.26682

13 -1.33105

14 -1.19167

15 -1.34467

16 -1.33011

17 -1.45443

18 -1.47471

19 -1.55495

20 -1.68635

21 -1.70823

22 -1.69186

23 -1.62687

24 -1.73415

25 -1.7314

26 -2.02329

27 -2.03827

28 -1.99419

29 -1.93029

30 -1.90622

31 -1.87441

32 -2.02121

33 -1.99966

34 -2.0443

35 -2.18653

36 -2.1463

37 -2.20676

38 -1.88691

39 -1.86066

40 -2.06809

41 -2.42567

42 -2.48768

43 -2.11894

44 -1.99384

45 -1.96516

46 -1.95295

47 -1.88596

48 -1.80072

49 -1.71001

50 -1.60171

51 -1.51757

52 -1.43937

53 -1.33077

54 -1.50524

55 -1.85436

56 -2.23446

57 -2.7593

