5 -0.0300788

6 0.0140212

7 -0.0270744

8 0.302212

9 0.19388

10 0.575826

11 0.949125

12 1.0045

13 0.884209

14 0.881144

15 0.888272

16 0.803757

17 1.00693

18 1.60699

19 1.76248

20 1.84635

21 1.46748

22 1.56361

23 1.9591

24 2.17687

25 2.05216

26 2.04749

27 1.90349

28 1.89701

29 1.98728

30 2.07052

31 2.06245

32 2.36631

33 2.37564

34 2.18429

35 2.42034

36 2.50637

37 2.49626

38 2.2819

39 2.79908

40 2.81402

41 2.68221

42 3.75181

43 3.74708

44 3.85718

45 3.87325

46 3.99208

47 4.00734

48 4.00929

49 3.92435

50 3.9649

51 4.31651

52 4.53081

53 4.73638

54 4.12721

55 3.93479

56 3.71305

57 3.53022

58 3.31328

59 3.30247

60 3.73538

61 3.63737

