5 -0.00314329

6 0.0077334

7 -0.00818784

8 -0.0311826

9 0.092166

10 0.0532281

11 -0.0972284

12 -0.183113

13 -0.0079182

14 -0.0298435

15 0.0178837

16 0.0517431

17 0.0280164

18 -0.279878

19 -0.529156

20 -0.532399

21 -0.509442

22 -0.423224

23 -0.3131

24 -0.255128

25 -0.225778

26 -0.29658

27 -0.29104

28 0.0300053

29 -0.0320412

30 -0.123004

31 -0.270162

32 -0.518284

33 -0.601753

34 -0.628592

35 -0.630487

36 -0.657852

37 -1.09648

38 -0.992034

39 -1.16949

40 -1.08097

41 -1.01584

42 -0.95767

43 -1.09922

44 -1.20472

45 -0.976975

46 -0.722609

