5 -0.0505709

6 0.0461432

7 0.167796

8 0.00468591

9 0.0776626

10 0.570649

11 0.62388

12 0.680686

13 0.598896

14 0.696509

15 0.753515

16 0.788352

17 0.854101

18 0.746795

19 0.772663

20 0.613819

21 0.738151

22 -1.03374

23 -1.30972

24 -1.24079

25 -1.43011

26 -1.49866

27 -1.58204

28 -1.59876

29 -1.90457

30 -1.73239

31 -1.52784

32 -1.2916

33 -1.20504

34 -1.20478

35 -1.18073

36 -1.16644

37 -1.36984

38 -1.13848

39 -0.858738

40 -0.939031

41 -1.20311

42 -1.26796

43 -1.25775

44 -1.29061

45 -1.49495

46 -1.37976

47 -1.58593

48 -1.54687

49 -1.73318

50 -1.67849

