5 -0.106202

6 -0.116669

7 -0.0836373

8 -0.290453

9 -0.742128

10 -0.78787

11 -0.544809

12 -0.470678

13 -0.225942

14 -0.0841442

15 -0.089742

16 -0.248117

17 -0.192658

18 -0.094819

19 0.139817

20 0.0956903

21 0.0315904

22 0.242174

23 -0.0401065

24 -0.0463241

25 0.647485

26 0.730355

27 0.654838

28 0.625451

29 1.14531

30 1.29981

31 1.72957

32 1.77938

33 1.71005

34 1.69111

35 1.6624

36 1.42543

37 1.43011

38 1.78293

39 2.07174

40 2.33296

41 2.45158

42 2.09234

43 2.31273

44 2.90939

45 3.19406

