5 -0.0361144

6 -0.236092

7 -0.258125

8 -0.318307

9 -0.337531

10 -0.35486

11 -0.368089

12 -0.358228

13 -0.406328

14 -0.391186

15 -0.127705

16 -0.168499

17 0.0665717

18 0.148887

19 0.218293

20 0.280228

21 0.380951

22 0.380814

23 0.449714

24 0.591523

25 0.381034

26 0.905667

27 1.05154

28 1.23649

29 1.07332

30 1.40981

31 1.75721

32 1.42662

33 1.30356

34 1.35182

35 1.4861

36 1.46695

37 1.76583

38 2.36495

39 2.3235

40 2.33185

41 2.39409

42 2.13002

43 2.01826

44 1.99215

45 1.98421

46 2.02735

47 2.17073

48 2.51409

49 2.80967

50 2.94804

51 2.97566

52 2.91877

53 3.5104

54 3.80357

55 4.00429

56 3.88872

57 3.84939

58 3.85418

59 3.90753

60 3.68678

61 3.56718

62 3.28138

63 2.9635

64 3.12302

65 3.597

66 3.68795

67 3.71435

