5 0.168946

6 0.191105

7 0.148491

8 0.175259

9 0.169528

10 0.181088

11 0.0316876

12 -0.0964513

13 -0.189951

14 -0.230203

15 -0.29763

16 -0.337612

17 -0.330292

18 -0.799374

19 -0.971247

20 -1.13229

21 -1.24254

22 -1.75296

23 -1.6112

24 -1.57417

25 -1.59534

26 -2.07345

27 -2.31926

28 -2.18706

29 -2.1503

30 -2.14495

31 -2.14257

32 -2.46043

33 -2.77144

34 -2.84312

35 -2.81314

36 -2.84076

37 -2.75864

38 -2.89603

39 -2.87659

40 -2.58248

41 -2.55323

42 -2.60043

43 -2.55207

44 -2.49517

45 -2.51978

