5 -0.0294602

6 -0.0507039

7 -0.0401891

8 -0.0358752

9 -0.0689713

10 -0.130057

11 -0.154546

12 -0.15407

13 -0.191773

14 -0.259148

15 -0.502951

16 -0.533207

17 -0.685164

18 -0.783537

19 -0.827616

20 -0.815637

21 -0.724243

22 -0.713299

23 -0.704612

24 -0.67837

25 -0.624209

26 -0.976443

27 -1.00442

28 -1.20513

29 -1.11357

30 -1.04244

31 -0.907381

32 -0.846163

33 -0.795927

34 -0.791182

35 -0.730941

36 -1.37399

37 -2.49907

38 -2.70153

39 -2.73324

40 -2.79093

41 -2.79094

42 -2.89642

43 -2.87512

44 -2.90361

45 -2.9252

46 -2.96029

47 -2.99954

48 -2.91223

49 -3.14483

50 -3.3141

51 -3.62328

52 -3.76013

53 -3.76147

54 -3.70605

55 -3.6667

56 -3.67362

57 -3.67906

58 -3.71681

59 -4.60453

