5 0.108492

6 0.13859

7 0.174951

8 0.378742

9 0.275496

10 -0.203626

11 -0.236704

12 -0.275656

13 -0.210028

14 -0.217459

15 -0.193749

16 -0.205184

17 -0.394508

18 -0.377905

19 -0.400008

20 -0.269274

21 -0.312794

22 -0.230119

23 -0.141591

24 -0.0829645

25 -0.0345886

26 0.0402077

27 0.0289561

28 0.0409765

29 0.149391

30 0.245345

31 -0.0176208

32 0.0572741

33 0.0633195

34 0.0265381

35 -0.0544753

36 -0.126249

37 -0.15622

38 -0.404028

39 -0.547165

40 -0.715187

41 -0.584638

42 -0.613341

43 -0.0883465

44 -1.2588

45 -1.40299

46 -1.35697

47 -1.5461

48 -1.91935

49 -1.93963

50 -2.06386

51 -2.14402

52 -1.81919

53 -1.69855

54 -1.75696

55 -2.65177

