5 -0.215855

6 -0.247843

7 0.286969

8 0.174726

9 0.54886

10 0.769988

11 0.578491

12 0.534388

13 0.830202

14 1.14953

15 1.34775

16 1.39826

17 1.3578

18 1.38878

19 1.28406

20 1.25617

21 1.37086

22 2.18415

23 2.01194

24 2.04089

25 2.21723

26 2.11782

27 2.01451

28 1.95738

29 2.06741

30 2.03611

31 1.81846

32 2.06679

33 2.28191

34 2.48619

35 2.66254

36 2.68288

37 2.53322

38 2.42297

39 2.50155

40 2.55072

41 2.72651

42 2.99803

43 3.3089

44 3.43903

45 3.69087

46 3.43537

47 3.34729

48 2.92904

49 2.76922

50 2.46984

51 2.28734

