5 0.0360424

6 0.0814184

7 0.0930472

8 0.0979514

9 0.0909399

10 0.0793824

11 0.157426

12 0.25582

13 0.252979

14 -0.654495

15 -0.834694

16 -0.654364

17 -0.675945

18 -0.446875

19 0.0142225

20 0.215104

21 0.246343

22 0.252446

23 0.0510503

24 0.571145

25 0.589016

26 0.484745

27 -1.27683

28 -1.48838

29 -1.86541

30 -1.58108

31 -1.4667

32 -1.44415

33 -1.62912

34 -1.54791

35 -0.622824

36 -0.734092

37 -2.33464

38 -2.36779

39 -2.38859

40 -2.33515

41 -2.27113

42 -2.14409

43 -1.94517

44 -0.815069

45 -0.724236

46 -0.705153

47 -0.499791

48 -0.458436

