5 0.174943

6 0.183754

7 0.286508

8 0.375837

9 0.599173

10 0.58165

11 0.596754

12 0.518867

13 0.659643

14 0.67244

15 0.905491

16 0.906999

17 1.14309

18 1.07563

19 1.20385

20 1.12814

21 1.32319

22 1.3175

23 1.54613

24 1.52479

25 1.78205

26 1.71717

27 1.86509

28 1.81751

29 2.03164

30 2.00169

31 2.24816

32 2.22186

33 2.45567

34 2.41558

35 2.61814

36 2.59251

37 2.72407

38 2.70821

39 2.97152

40 2.94936

41 3.17517

42 3.13647

43 3.37084

44 3.31968

45 3.48603

46 3.44401

47 3.7486

48 3.7381

49 3.96163

50 3.94942

51 4.08674

52 4.13045

53 4.07829

54 4.26765

55 4.25369

56 4.521

57 4.46404

58 4.71009

59 4.65562

60 4.88474

61 4.86364

62 5.06858

63 5.038

64 5.30953

65 5.26533

66 5.47481

67 5.46903

68 5.82345

69 5.89138

70 5.80013

71 5.76978

72 5.55652

73 5.51868

74 5.77531

75 5.73713

76 6.00725

77 5.94581

78 6.11875

79 6.05658

80 6.24496

81 6.2819

82 6.52398

83 6.498

84 6.75229

85 6.74954

86 6.89631

87 6.87592

88 7.07417

89 7.09388

90 7.27745

91 7.23669

92 7.78042

93 7.62434

