5 0.00356727

6 0.0344183

7 0.183321

8 0.472268

9 0.518499

10 0.488286

11 0.229538

12 0.237828

13 0.207903

14 1.2577

15 1.42303

16 1.49332

17 1.87129

18 1.26752

19 1.19598

20 1.21585

21 1.36182

22 1.42026

23 1.2576

24 1.08868

25 1.12061

26 0.897995

27 0.894554

28 0.983326

29 1.06781

30 1.29316

31 1.43663

32 1.45479

33 1.3661

34 1.01141

35 1.02012

36 0.738988

37 1.75867

38 1.94206

39 1.97576

40 2.13974

41 2.55756

42 2.41028

43 2.11574

44 2.07174

45 1.87576

46 1.82358

47 1.51797

48 1.45307

49 1.35263

