5 0.00676611

6 0.00840745

7 -0.0361387

8 0.119251

9 -0.0315506

10 -0.140586

11 -0.196661

12 -0.196578

13 -0.237391

14 -0.378392

15 -0.398145

16 -0.317143

17 -0.274892

18 0.319229

19 0.401065

20 0.273142

21 -0.480754

22 -0.390464

23 -0.3072

24 -0.479991

25 -0.303071

26 -0.23436

27 -0.365801

28 -0.286776

29 -0.346238

30 -0.484818

31 -0.508085

32 -0.435226

33 -0.588215

34 -0.792958

35 -0.675389

36 -0.664323

37 -0.572444

38 -0.376847

39 -0.450193

40 -0.563671

41 -0.695701

42 -0.650553

43 -0.717588

44 -0.81154

45 -2.04553

46 -2.09874

47 -2.41773

48 -2.41881

