5 7.13133e-06

6 -0.00902214

7 -0.0455548

8 -0.0403114

9 0.186548

10 0.732834

11 0.731289

12 0.741446

13 0.770882

14 0.741452

15 1.31968

16 1.32843

17 1.99725

18 2.29321

19 2.10514

20 2.08374

21 2.05958

22 1.80098

23 1.84165

24 2.02307

25 2.27368

26 2.45905

27 2.62886

28 2.62769

29 2.26456

30 2.49054

31 2.36255

32 2.44128

33 2.4979

34 2.86158

35 2.93031

36 3.15086

37 3.09735

38 3.33285

39 3.55602

40 3.78999

41 3.30803

42 3.28501

43 4.22143

44 4.46212

45 4.36005

46 4.32595

47 4.13534

48 4.27496

49 4.12055

50 4.13883

