5 -0.0360903

6 -0.0226571

7 -0.620934

8 -0.613749

9 -0.802007

10 -1.22729

11 -1.23038

12 -0.496288

13 -1.28652

14 -1.29289

15 -1.28626

16 -1.48742

17 -1.45237

18 -1.41024

19 -1.5044

20 -1.83648

21 -1.81671

22 -1.87777

23 -1.99526

24 -1.98247

25 -2.04021

26 -2.44563

27 -2.44934

28 -2.03672

29 -2.04648

30 -1.81171

31 -1.53702

32 -1.25104

33 -1.208

34 -0.785702

35 -0.441711

36 -0.128006

37 -0.20532

38 -0.184485

39 -0.118584

40 -0.507849

41 -0.569413

42 -0.727939

43 -0.690426

44 -0.660741

45 -1.49383

46 -1.4594

47 -1.52183

48 -1.59387

49 -1.67703

