5 -0.0439851

6 -0.182143

7 -0.187372

8 -0.589114

9 -0.602246

10 -0.6

11 -0.544955

12 -0.566967

13 -0.400772

14 -0.23593

15 -0.104106

16 0.0663901

17 0.0680937

18 -0.133853

19 -0.0845163

20 -0.429767

21 -0.208942

22 -0.17191

23 0.456826

24 0.503338

25 0.214123

26 0.308511

27 0.934656

28 0.893828

29 1.01901

30 -0.0526534

31 -0.0776255

32 -0.0901471

33 -0.0799808

34 -0.162224

35 -0.179451

36 -0.206313

37 -0.189027

38 -0.0132395

39 -1.51543

40 -1.4014

41 -1.37761

42 -1.17812

43 -2.47982

44 -2.71735

45 -2.48668

46 -2.2429

47 -2.14378

48 -2.09033

49 -2.23173

50 -2.23721

51 -2.28519

52 -2.4758

53 -2.4282

54 -2.46259

55 -2.94412

56 -3.27477

57 -3.13685

58 -3.08951

59 -2.71324

60 -2.67665

61 -2.85038

62 -2.88247

63 -2.86277

64 -2.88852

65 -2.97652

66 -2.93335

67 -3.49868

68 -3.32156

69 -3.2558

70 -3.34583

71 -3.33801

