5 -0.00620202

6 -0.0351046

7 -0.0328889

8 -0.0189672

9 -0.00995681

10 -0.00535444

11 -0.0293419

12 -0.107865

13 -0.042983

14 -0.031151

15 -0.189606

16 -0.175658

17 -0.2087

18 -0.221027

19 -0.206247

20 -0.19722

21 -0.224159

22 -0.467156

23 -0.525594

24 -0.519675

25 -0.380712

26 -0.3717

27 -0.160212

28 -0.188884

29 -0.557902

30 -0.841071

31 -1.02883

32 -1.22637

33 -1.37661

34 -1.39975

35 -1.47114

36 -1.38011

37 -1.45126

38 -1.38128

39 -1.4503

40 -1.56174

41 -1.68064

42 -1.77579

43 -1.74539

44 -1.74877

45 -1.74029

46 -1.78443

47 -1.77414

