5 -0.0037016

6 0.0181488

7 0.0985697

8 0.0732693

9 0.0725863

10 -0.0636734

11 -0.125972

12 -0.377819

13 -0.389899

14 -0.425285

15 -0.62346

16 -0.56283

17 -0.522576

18 -0.271334

19 -0.0215557

20 -0.0510019

21 -0.506943

22 -0.44794

23 -0.467765

24 -0.468773

25 -0.367382

26 -0.410867

27 -0.567468

28 -0.267249

29 -0.012073

30 0.0123715

31 0.0888971

32 0.140942

33 0.225337

34 0.115202

35 -0.0447877

36 -0.047242

37 -0.205462

38 -0.351307

39 -0.365814

40 -0.457858

41 -0.561475

42 -1.20804

43 -1.25284

44 -1.77051

45 -1.80375

46 -1.7797

