5 -0.0606844

6 -0.0573107

7 -0.154928

8 -0.0755271

9 -0.152235

10 -0.176287

11 -0.212267

12 -0.360356

13 -0.540474

14 -0.498586

15 -0.593195

16 -0.616673

17 -0.446853

18 -0.324774

19 -0.299888

20 -0.244816

21 -0.254656

22 -0.300816

23 -0.244201

24 0.0353518

25 0.258488

26 0.498157

27 0.4291

28 0.449381

29 0.196925

30 0.14112

31 0.364005

32 0.571688

33 1.0103

34 1.54603

35 1.30585

36 0.955665

37 1.05555

38 1.06136

39 1.05182

40 0.748862

41 2.20875

42 2.30232

43 2.4127

44 2.43389

45 2.51211

46 2.70134

