5 -0.0511814

6 -0.099254

7 -0.106934

8 0.0734852

9 0.502523

10 0.543732

11 0.424699

12 0.890098

13 0.941809

14 0.95181

15 1.03674

16 1.04542

17 1.20449

18 1.0729

19 1.42625

20 1.59487

21 1.78184

22 1.47456

23 1.4415

24 1.4374

25 1.94866

26 2.20333

27 2.15539

28 2.13456

29 1.85919

30 1.83205

31 1.98379

32 1.95008

33 2.35025

34 2.7739

35 2.67665

36 2.50765

37 2.58866

38 2.47625

39 3.28996

40 3.35039

41 3.40787

42 3.38924

43 1.54958

44 1.50414

45 1.32669

46 1.25161

47 1.16677

48 1.1858

49 1.44918

50 1.44841

51 1.59703

52 1.87443

53 1.98439

