5 -0.375557

6 -0.305462

7 0.887543

8 0.889084

9 0.577318

10 0.566377

11 1.36652

12 1.34457

13 1.54844

14 1.53706

15 2.27129

16 2.40265

17 2.41227

18 2.50259

19 2.44312

20 2.45367

21 2.40945

22 2.45037

23 2.47951

24 2.47401

25 2.50485

26 2.45654

27 2.40207

28 2.38056

29 2.3085

30 3.17523

31 3.12791

32 3.05874

33 3.04629

34 3.15412

35 3.24843

36 3.30186

37 3.29179

38 3.16553

39 3.37529

40 3.62363

41 3.69754

42 3.6027

43 3.64191

44 3.99822

45 3.87414

46 4.02624

47 4.39612

48 4.21889

49 4.23083

50 4.18181

51 4.02562

