5 -0.0893614

6 -0.0485323

7 -0.0612229

8 -0.0649107

9 -0.0650421

10 -0.0691693

11 -0.0195829

12 -0.186037

13 -0.264133

14 -0.359739

15 -0.56133

16 -0.51276

17 -0.444528

18 -0.462294

19 -0.479966

20 -0.477871

21 -0.477159

22 -0.486208

23 -0.425828

24 -0.578248

25 -0.733315

26 -0.830464

27 -0.848602

28 -0.712327

29 -0.564866

30 -0.540387

31 -0.481377

32 -0.763734

33 -1.99765

34 -1.70285

35 -1.49493

36 -1.4445

37 -1.44512

38 -1.50932

39 -1.48169

40 -1.67559

41 -1.61538

42 -2.22529

43 -2.68441

44 -2.73004

45 -2.66399

46 -2.50599

47 -2.45527

48 -2.66078

49 -2.76326

50 -2.39166

51 -2.44856

52 -2.45313

53 -2.33969

54 -2.29745

55 -2.20956

56 -2.22208

57 -2.08128

