5 -0.259829

6 -0.49256

7 -0.522007

8 -0.701483

9 -0.701108

10 -0.805008

11 -0.761541

12 -0.764172

13 -1.16431

14 -1.13387

15 -1.18779

16 -1.27592

17 -1.3543

18 -1.40892

19 -1.42626

20 -1.39179

21 -1.42527

22 -1.17601

23 -1.05223

24 -0.884336

25 -0.704906

26 -0.715403

27 -0.821077

28 -0.930877

29 -0.929793

30 -1.15929

31 -0.78207

32 -0.272167

33 -0.191294

34 0.16637

35 0.264435

36 0.209147

37 0.306925

38 0.364739

39 0.468213

40 0.169429

41 0.210441

42 0.229217

43 0.168212

44 0.163516

45 -0.263963

46 -0.350566

47 -0.325755

48 -0.67839

