5 -0.00639539

6 -0.00684355

7 -0.00855183

8 -0.0127876

9 -0.155841

10 -0.223222

11 -0.272787

12 -0.0506702

13 -0.290208

14 -0.755704

15 -1.00392

16 -1.45128

17 -1.44138

18 -1.50354

19 -1.7131

20 -1.98619

21 -2.12974

22 -2.25171

23 -2.21194

24 -2.66393

25 -3.01959

26 -3.33759

27 -3.28901

28 -3.31724

29 -3.34292

30 -3.3347

31 -3.18352

32 -3.02925

33 -3.08282

34 -3.29367

35 -3.26657

36 -3.46336

37 -3.35871

38 -3.27714

39 -3.14138

40 -3.04038

41 -3.03516

42 -2.88598

43 -3.05535

44 -2.92196

