5 0.861062

6 0.787374

7 0.782418

8 0.918826

9 0.793841

10 0.836723

11 0.757189

12 0.739662

13 0.787976

14 0.805657

15 0.757463

16 0.807842

17 0.727528

18 0.446998

19 0.0942706

20 -0.0376602

21 0.0145004

22 -0.172316

23 -0.180206

24 -0.319523

25 -0.441497

26 -0.485794

27 -0.456559

28 -0.743957

29 -0.758091

30 -0.479032

31 -0.441787

32 -0.699811

33 -0.841079

34 -0.687692

35 -0.809367

36 -0.919895

37 -0.990281

38 -0.772592

39 -0.366449

40 -0.0380089

41 0.176546

42 0.192638

43 0.216196

44 0.207366

45 0.19413

46 0.104061

47 0.146442

48 0.164067

49 0.189263

50 0.0775157

51 -0.0761442

52 -0.144041

53 -0.132685

