5 0.0989072

6 0.0987758

7 -0.702428

8 -0.536907

9 -0.428764

10 -0.373808

11 -0.702384

12 -1.02097

13 -0.316358

14 -0.312491

15 -0.430662

16 -0.33431

17 -0.509393

18 -0.523433

19 -0.649703

20 -0.661294

21 -0.805114

22 -0.923469

23 -0.962226

24 -0.915637

25 -1.4996

26 -1.49006

27 -1.44704

28 -1.44621

29 -1.3523

30 -1.49249

31 -1.63493

32 -1.68917

33 -1.98302

34 -2.02794

35 -1.90738

36 -2.67718

37 -2.82384

38 -2.66153

39 -3.07967

40 -3.11602

41 -3.30943

42 -3.29852

43 -3.34839

44 -3.06147

45 -3.08778

46 -2.93863

47 -2.90485

48 -3.15268

49 -3.92741

50 -3.96936

51 -4.0376

