5 -0.0173773

6 0.0297353

7 0.0637396

8 0.0766945

9 -0.222325

10 -0.383482

11 -0.252093

12 -0.299208

13 -0.381952

14 -0.460932

15 -0.542889

16 -0.562772

17 -0.496847

18 -0.465993

19 -0.405551

20 -0.168233

21 -0.0225252

22 0.163907

23 0.158772

24 -0.0159621

25 -0.142793

26 0.159103

27 0.757762

28 0.944964

29 1.26511

30 1.36131

31 1.47202

32 1.44503

33 0.876407

34 0.928518

35 0.803475

36 0.715771

37 0.890732

38 0.895506

39 0.520255

40 0.53543

41 0.331669

42 0.297072

