5 -0.0121609

6 -0.0549925

7 -0.126876

8 -0.184697

9 -0.277325

10 -0.325783

11 -0.260051

12 0.0631102

13 0.360335

14 0.503491

15 0.739287

16 1.11106

17 1.15427

18 1.31921

19 1.10255

20 1.27712

21 1.14917

22 1.15783

23 1.0918

24 0.836785

25 -0.899554

26 -0.989823

27 -1.17328

28 -1.17792

29 -1.26388

30 -1.28188

31 -1.26169

32 -1.21802

33 -1.12835

34 -0.942145

35 -0.820209

36 -0.787903

37 -0.774873

38 -0.73922

39 -0.720507

40 -0.788795

41 -0.71741

42 -0.536917

43 -0.233147

44 -0.323306

45 -1.25364

46 -1.29838

47 -1.39588

48 -1.68208

49 -1.8585

50 -1.7827

51 -1.7435

52 -1.64676

53 -1.70767

54 -1.70237

55 -1.67155

56 -2.23996

57 -2.56751

58 -2.46249

59 -2.41656

60 -2.26934

61 -2.13649

62 -2.10015

63 -2.1908

64 -2.39991

65 -2.51376

66 -2.52113

67 -2.50281

68 -2.54706

69 -2.49534

