5 0.0182384

6 0.227528

7 0.390957

8 0.440145

9 0.505894

10 0.506859

11 0.516434

12 0.454772

13 0.458769

14 0.486362

15 0.5137

16 0.607713

17 0.658175

18 0.632188

19 0.635095

20 0.708293

21 0.747492

22 0.0535237

23 -0.154725

24 -0.143716

25 0.0386918

26 -0.214021

27 -0.225695

28 0.157096

29 0.162647

30 0.109086

31 0.0219037

32 0.084701

33 -0.141976

34 0.0370801

35 0.252136

36 0.230613

37 0.133255

38 -0.237304

39 -0.326137

40 -0.316412

41 0.128294

42 0.0713693

43 0.135896

44 -0.130424

45 0.165941

46 1.12823

47 1.07465

48 1.04817

49 1.12524

50 1.14664

51 1.08059

52 1.19941

53 1.10971

54 1.06269

55 0.835851

56 0.663982

57 0.619658

58 0.649653

59 0.197947

60 -0.604119

61 -0.602154

62 -0.353135

63 -0.701365

64 -0.885499

65 -0.466028

66 0.844869

67 0.971338

68 0.828261

69 0.934725

70 1.27167

71 1.2328

72 -0.0717888

73 -0.425553

74 0.270124

