5 0.529402

6 0.365254

7 0.430768

8 0.460694

9 0.481763

10 0.484546

11 0.500191

12 0.444165

13 0.445714

14 0.467532

15 0.498915

16 0.5284

17 0.578003

18 0.547371

19 0.556899

20 0.596923

21 0.644528

22 -0.025427

23 -0.174271

24 -0.312507

25 -0.170894

26 0.0398879

27 0.151002

28 0.210725

29 0.0245898

30 0.179547

31 0.395237

32 0.37266

33 0.294769

34 -0.089767

35 -1.62969

36 -1.68323

37 -1.67393

38 -1.92286

39 -1.71735

40 -0.789841

41 -0.762908

42 -0.735327

43 -0.552155

44 -0.571152

45 -0.553233

46 -0.809517

47 -1.03709

48 -1.11289

49 -1.12468

50 -1.54196

51 -2.27392

52 -2.29001

53 -2.27601

54 -2.5374

55 -2.17933

56 -0.999381

57 -0.819191

58 -0.875614

59 -0.877132

60 -0.815927

61 -0.62615

62 -0.632186

63 -1.52741

64 -0.541794

65 0.01504

66 0.208538

67 0.790596

