5 -0.00167753

6 -0.049791

7 -0.124874

8 -0.325165

9 -0.597063

10 -0.587912

11 -0.658298

12 -0.792588

13 -0.824729

14 -0.831145

15 -0.861781

16 -0.869462

17 -0.797128

18 -1.50245

19 -1.26089

20 -1.20067

21 -1.32327

22 -1.28361

23 -0.880675

24 -0.586056

25 -0.544036

26 -0.574855

27 -0.639829

28 -0.579202

29 0.0488066

30 -0.49909

31 -1.22387

32 -1.02768

33 -0.935861

34 -0.972936

35 -0.971546

36 -0.956895

37 -1.14202

38 -1.52878

39 -0.207547

40 -0.194274

41 -0.315224

42 -0.369823

43 -0.590434

44 -0.670043

45 -0.789878

