5 -0.168618

6 -0.290801

7 -0.181595

8 0.372565

9 0.44953

10 0.549868

11 0.488569

12 0.742517

13 0.622435

14 0.456327

15 0.476675

16 0.49557

17 0.520089

18 0.569518

19 0.539455

20 0.353912

21 0.497496

22 0.625823

23 0.807669

24 0.954107

25 0.927752

26 0.930116

27 1.12255

28 1.15381

29 1.17366

30 1.36925

31 1.46505

32 1.48931

33 1.51715

34 1.53261

35 1.60089

36 1.60899

37 1.48532

38 1.48786

39 1.65842

40 1.63975

41 1.8898

42 1.72841

43 1.83274

44 1.96286

45 1.7686

