5 0.0396896

6 0.0215261

7 0.0578669

8 0.0551118

9 0.0391898

10 0.712306

11 0.756646

12 0.796111

13 1.06501

14 1.1278

15 1.07696

16 1.20569

17 1.48699

18 1.70831

19 1.65798

20 2.05276

21 2.38179

22 2.2393

23 2.20479

24 2.11435

25 1.88499

26 1.82435

27 1.97534

28 2.14397

29 2.61937

30 2.57324

31 2.60717

32 2.64052

33 2.62038

34 2.62909

35 2.63553

36 2.63792

37 2.50136

38 2.69577

39 2.98216

40 3.02366

41 3.05802

42 3.05076

43 2.83807

44 2.84188

45 2.9122

46 2.85386

47 2.67177

48 2.15309

49 1.50701

50 1.37685

51 0.864656

52 0.788473

53 0.931002

54 0.847797

55 1.01841

56 1.25556

57 1.68367

58 1.9755

59 2.12588

60 1.97928

61 1.93683

