5 0.272767

6 0.220849

7 0.151932

8 0.111476

9 0.0964795

10 0.102691

11 0.151226

12 0.260581

13 0.307752

14 0.283364

15 0.462575

16 0.661977

17 0.610128

18 0.651215

19 0.653901

20 0.867822

21 0.953448

22 1.12171

23 1.21388

24 1.25344

25 1.2609

26 1.30124

27 1.26116

28 1.2117

29 1.12238

30 0.992505

31 0.799961

32 0.789468

33 0.921345

34 0.642158

35 0.707865

36 0.646712

37 0.778097

38 0.641001

39 0.67419

40 0.612325

41 0.815684

42 0.997378

43 1.62537

44 0.327712

45 -0.148535

46 -0.868146

47 -0.854357

48 -0.942457

49 -0.974857

50 -0.996056

51 -0.947156

52 -0.943459

