5 -0.0365001

6 -0.0946112

7 -0.0601338

8 -0.0405445

9 0.123406

10 0.137183

11 0.25057

12 0.242817

13 0.316477

14 0.265903

15 0.319702

16 0.370576

17 0.539358

18 0.532941

19 0.643045

20 0.62476

21 0.705615

22 0.646545

23 0.713886

24 0.781977

25 0.940457

26 0.922307

27 1.02946

28 1.00821

29 1.09652

30 1.04148

31 1.11203

32 1.19413

33 1.35527

34 1.33989

35 1.44363

36 1.42352

37 1.50884

38 1.44278

39 1.52012

40 1.57142

41 1.75081

42 1.82759

43 1.90482

44 2.02268

45 1.99984

46 2.04969

47 2.05142

48 2.39219

49 2.4044

