5 0.00760973

6 0.0426258

7 -0.291881

8 -0.254826

9 -0.380508

10 -0.664203

11 -0.683205

12 -0.699764

13 -0.73488

14 -0.395407

15 -0.352228

16 -0.25564

17 -0.218046

18 -0.294049

19 0.0875095

20 0.219048

21 0.604264

22 0.735073

23 0.358226

24 0.173398

25 0.272324

26 0.416531

27 0.0385087

28 1.01324

29 1.17925

30 1.53436

31 1.56954

32 1.60046

33 1.59572

34 1.58806

35 1.65384

36 1.4088

37 1.54414

38 1.46547

39 1.40025

40 1.4933

41 1.45147

42 1.20725

43 1.18826

44 1.07612

45 1.00153

46 0.885317

