5 -0.0330951

6 -0.0521974

7 -0.0492991

8 -0.058707

9 0.0329082

10 -0.279887

11 -0.304785

12 -0.333695

13 -0.0842475

14 0.385585

15 0.276713

16 0.32853

17 0.526719

18 0.440847

19 0.195049

20 0.404673

21 0.512709

22 1.10717

23 0.957225

24 0.442918

25 0.691229

26 1.18782

27 1.4075

28 1.59446

29 1.72281

30 1.75556

31 1.86223

32 1.97462

33 2.03513

34 1.99619

35 1.52417

36 1.94492

37 2.08035

38 1.70079

39 2.42466

40 2.42282

41 2.71365

42 2.65803

43 2.25778

44 1.87402

45 1.83908

46 1.65063

47 1.65759

