5 0.0326695

6 0.0144762

7 -0.279881

8 -0.292828

9 -0.234128

10 0.0648976

11 0.0971279

12 0.206857

13 0.496964

14 0.407839

15 -0.191857

16 -0.135302

17 0.0127784

18 0.0182929

19 0.131258

20 0.128315

21 0.156614

22 0.240553

23 0.254286

24 0.242254

25 0.203551

26 0.194044

27 0.129484

28 -0.468549

29 -0.275081

30 0.130957

31 0.152937

32 -0.0856836

33 -0.0696345

34 0.0137768

35 0.0842607

36 0.140172

37 0.30802

38 0.291766

39 0.365116

40 0.423944

41 0.0765218

42 -0.320103

43 -0.289369

44 0.31747

45 0.327877

46 0.530638

47 -0.929505

48 -1.10839

49 -1.14165

50 -1.23605

51 -1.26096

52 -1.19765

53 -1.08714

54 -0.889863

