5 -0.0120336

6 -0.0228016

7 -0.245328

8 -0.232703

9 -0.0405476

10 -0.0509929

11 0.0079293

12 0.043843

13 0.0317662

14 -0.451798

15 -0.434867

16 -0.442585

17 -0.461903

18 -0.530545

19 -0.648192

20 -0.387925

21 -0.548333

22 -0.907298

23 -0.935401

24 -1.00721

25 -1.03771

26 -1.09215

27 -1.44999

28 -1.4458

29 -1.51253

30 -2.09442

31 -2.06604

32 -1.87889

33 -1.6238

34 -1.48342

35 -1.48484

36 -1.52946

37 -1.55304

38 -1.54311

39 -1.58689

40 -1.74423

41 -1.67027

42 -1.57127

43 -1.43062

44 -1.41047

45 -1.5437

46 -1.4967

47 -1.64009

48 -1.57305

49 -1.57333

50 -1.61185

51 -1.50442

52 -2.44339

53 -2.40962

54 -2.54382

55 -2.53844

56 -2.62819

57 -2.54153

58 -2.51813

59 -2.75627

60 -2.52012

61 -2.60825

62 -2.76046

63 -2.28991

