5 0.00142613

6 0.0702965

7 0.0111646

8 -0.0171123

9 -0.000332607

10 0.104268

11 0.140302

12 0.162883

13 -0.0402402

14 0.0209976

15 -0.60842

16 -0.562969

17 -0.545674

18 -0.557817

19 -0.451259

20 -0.455815

21 -0.781996

22 -0.695959

23 -0.709326

24 -0.590704

25 -0.549019

26 -0.668772

27 -0.692084

28 -0.766701

29 -0.79846

30 -0.808109

31 -0.887841

32 -0.807447

33 -0.776726

34 -0.77404

35 -0.823348

36 -0.817456

37 -1.79594

38 -2.01021

39 -1.91972

40 -1.4779

41 -1.406

42 -1.22165

43 -1.28842

44 -1.47082

45 -1.43403

46 -1.26973

47 -1.33395

48 -1.6083

