5 0.000532468

6 -0.00569114

7 -0.104955

8 -0.284212

9 -0.263604

10 -0.446078

11 -0.570996

12 -0.680828

13 -0.765426

14 -1.1289

15 -1.1432

16 -1.14802

17 -1.08839

18 -1.08207

19 -1.10002

20 -1.30469

21 -1.70078

22 -1.83276

23 -1.76496

24 -1.94972

25 -1.94781

26 -2.02971

27 -2.1457

28 -2.22714

29 -2.21088

30 -2.45456

31 -2.46478

32 -2.26415

33 -2.21894

34 -2.17231

35 -2.08317

36 -2.42708

37 -2.66982

38 -2.57409

39 -2.81666

40 -2.86965

41 -2.91114

42 -2.70874

43 -2.11873

44 -2.06825

45 -2.07388

46 -1.96895

47 -1.92737

48 -1.90137

49 -1.93961

50 -2.03181

51 -1.9928

52 -2.02962

53 -1.84256

54 -1.85661

55 -2.26206

56 -2.36651

57 -2.39277

