5 -0.172903

6 0.891058

7 0.98685

8 1.01439

9 0.771372

10 0.726885

11 1.62654

12 1.59085

13 1.25594

14 1.18817

15 2.51546

16 2.57195

17 2.62047

18 2.63356

19 2.87339

20 2.89756

21 2.65181

22 2.59653

23 3.75342

24 3.88543

25 3.93021

26 3.90835

27 3.8616

28 3.90037

29 3.98531

30 3.62361

31 3.63995

32 3.61103

33 3.56374

34 3.59712

35 3.68228

36 4.78059

37 4.76533

38 4.01777

39 4.11056

40 4.11527

41 3.84013

42 3.72841

43 5.21527

44 5.18574

45 4.68126

46 4.63978

47 5.64983

48 6.04271

49 6.17274

50 6.43136

51 6.34373

52 6.24815

53 6.36815

54 6.29043

55 6.14255

