5 0.014812

6 0.0124333

7 0.0279805

8 0.097432

9 -0.132413

10 -0.184864

11 -0.38241

12 -0.5416

13 -0.597752

14 -0.630274

15 -0.478891

16 -0.486586

17 -0.533831

18 -0.603838

19 -0.669781

20 -0.657436

21 -0.79935

22 -0.846606

23 -1.00575

24 -1.07012

25 -1.24906

26 -1.28219

27 -1.52188

28 -1.55813

29 -1.54788

30 -1.57322

31 -1.44555

32 -1.56126

33 -1.60157

34 -1.55676

35 -1.29357

36 -1.30175

37 -1.35996

38 -1.62947

39 -1.83909

40 -1.87149

41 -1.89306

42 -1.84805

43 -2.29958

44 -2.35221

