5 0.00418932

6 0.0082479

7 0.0300014

8 0.0155475

9 -0.153487

10 -0.0784885

11 -0.0572217

12 -0.00475374

13 0.0429305

14 0.029296

15 -0.123684

16 -0.183622

17 -0.240065

18 -0.0957931

19 0.153239

20 0.0238785

21 -0.117635

22 -0.364682

23 -0.467268

24 -0.507654

25 -0.534047

26 -0.548336

27 -0.586417

28 -0.670172

29 -0.908656

30 -1.02587

31 -1.06195

32 -1.09839

33 -1.1951

34 -1.33383

35 -1.39419

36 -1.05735

37 -0.83753

38 -0.793763

39 -0.783268

40 -0.817276

41 -0.808865

42 -0.802915

43 -0.792978

44 -0.800753

45 -0.779246

46 -0.770824

47 -0.822363

48 -0.895112

49 -1.01756

50 -1.1872

51 -1.0747

52 -0.766154

53 -0.67122

54 -0.675919

55 -0.67719

56 -0.656378

57 -0.665435

58 -0.961939

59 -1.12091

60 -1.13606

61 -1.18492

62 -1.2906

63 -1.21505

64 -1.53298

65 -1.63125

66 -1.89051

67 -2.05461

68 -2.18311

69 -2.09511

70 -1.96398

71 -1.92818

72 -2.00546

73 -2.1904

74 -2.26474

75 -2.17722

76 -2.29649

