5 -0.00435245

6 0.0120798

7 -0.403423

8 -0.580077

9 -0.128623

10 0.0453368

11 0.186768

12 0.167632

13 0.104805

14 0.138663

15 0.279437

16 0.640185

17 0.701815

18 0.778364

19 0.800296

20 0.862986

21 0.689198

22 0.803574

23 0.922857

24 1.25291

25 1.56055

26 1.74835

27 1.8642

28 1.76816

29 1.76193

30 1.88181

31 1.79443

32 1.82768

33 1.48054

34 1.47776

35 1.41615

36 1.45575

37 1.59071

38 1.90696

39 2.296

40 2.59355

41 2.01671

42 2.34204

43 2.66443

44 3.1491

45 3.71427

46 3.49506

47 3.42598

48 2.70719

