5 -0.000987974

6 -0.00310395

7 -0.00779399

8 -0.0049752

9 -0.0369166

10 0.00868592

11 0.0442053

12 0.00232684

13 -0.017028

14 -0.0845404

15 -0.110515

16 -0.0129587

17 -0.017321

18 0.393015

19 0.263216

20 -0.0775402

21 -0.453627

22 -0.772961

23 -0.643639

24 -1.19406

25 -0.992227

26 -0.943017

27 -1.04446

28 -1.17808

29 -1.1887

30 -1.2266

31 -1.3307

32 -1.46843

33 -1.51419

34 -1.57617

35 -1.56291

36 -1.84962

37 -1.97679

38 -1.74845

39 -2.01941

40 -2.06081

41 -2.17181

42 -2.25346

43 -2.50006

44 -2.61816

45 -2.55651

46 -2.63964

47 -2.65422

48 -2.68401

49 -2.60887

50 -2.90593

51 -2.85917

52 -2.88789

53 -2.8435

