5 -0.00648869

6 -0.0291641

7 -0.101907

8 -0.0716245

9 0.0779821

10 0.0989953

11 -0.0656202

12 0.0184557

13 -0.969178

14 -1.05776

15 -1.18631

16 -1.40139

17 -1.48437

18 -1.131

19 -1.07366

20 -1.18549

21 -1.13947

22 -2.22538

23 -2.22345

24 -2.21396

25 -2.51951

26 -2.67016

27 -2.66408

28 -2.49045

29 -2.52857

30 -2.59496

31 -2.61298

32 -2.57891

33 -2.57193

34 -3.06213

35 -3.16559

36 -3.52132

37 -3.47488

38 -4.30807

39 -4.40318

40 -4.38693

41 -5.53728

42 -5.52586

43 -5.48363

44 -5.47247

45 -5.37422

46 -5.42485

47 -6.28958

