5 -0.48982

6 -0.439181

7 -0.683078

8 -0.459085

9 -0.675314

10 -0.641895

11 0.666606

12 0.664082

13 0.721143

14 0.602092

15 0.59804

16 0.0996304

17 0.0997441

18 0.876583

19 0.843866

20 1.13665

21 1.1217

22 1.75644

23 1.76354

24 1.73626

25 1.75517

26 1.76073

27 1.84807

28 1.85927

29 1.84502

30 1.92738

31 2.12104

32 2.1767

33 2.29049

34 2.27434

35 2.35822

36 2.34244

37 2.65158

38 2.61282

39 2.66362

40 2.73628

41 2.45546

42 2.42218

43 2.38969

44 2.42167

45 2.21634

46 2.32735

47 2.35949

48 2.40335

49 2.2809

50 2.36488

51 2.47252

52 2.50501

53 2.39038

54 2.49003

55 2.68696

56 2.80905

57 3.0439

58 3.04318

59 4.11515

60 4.1299

61 3.61632

62 3.66515

63 3.66702

64 3.71427

65 3.42119

66 3.35922

67 4.14394

68 4.9231

69 4.6926

70 4.65442

71 4.51698

72 4.65658

73 4.23531

74 4.18182

