5 0.00498452

6 0.102647

7 0.140036

8 0.445409

9 0.748606

10 0.783143

11 0.693267

12 0.557942

13 0.711677

14 0.752232

15 0.547747

16 1.28586

17 1.42367

18 1.47725

19 1.50271

20 1.3682

21 1.81189

22 2.21434

23 1.96977

24 1.94988

25 1.9605

26 2.35749

27 2.78729

28 2.79982

29 2.81265

30 2.78288

31 3.02815

32 3.0743

33 2.97513

34 3.24551

35 4.36159

36 4.3772

37 4.40513

38 4.25405

39 3.93501

40 3.80681

41 3.48531

42 3.60804

43 3.77637

44 5.05944

45 4.85079

46 4.70687

47 4.35348

48 4.24133

49 3.93849

50 3.53598

51 2.97502

52 2.35543

