5 -0.0304152

6 -0.0036592

7 -0.0753718

8 0.0221559

9 0.0116788

10 0.070307

11 0.0614947

12 0.178633

13 0.207626

14 0.194344

15 0.198397

16 0.207249

17 0.197729

18 -0.196968

19 -0.218428

20 -0.661406

21 -0.689522

22 -0.717564

23 -0.802925

24 -0.87047

25 -1.16322

26 -1.06986

27 -1.02875

28 -1.06498

29 -1.12366

30 -1.08321

31 -0.858754

32 -0.675137

33 -0.751586

34 -1.09495

35 -1.13409

36 -1.18305

37 -1.2241

38 -1.34395

39 -1.25013

40 -1.10386

41 -1.02661

42 -1.1358

43 -1.21506

44 -1.4105

45 -1.5188

46 -1.55332

47 -1.38962

48 -1.32211

49 -1.27412

50 -1.4035

51 -1.26932

52 -1.4101

53 -1.33833

54 -1.35069

55 -1.4591

56 -1.77912

57 -1.98527

58 -2.12987

59 -2.26847

60 -2.40579

61 -2.50195

62 -2.62992

63 -2.26486

64 -2.10126

65 -1.95721

66 -1.86624

67 -1.93193

