5 0.0214765

6 0.0189194

7 0.00662131

8 0.0310348

9 0.0482941

10 0.0673037

11 0.085126

12 0.113609

13 0.0274496

14 0.0286234

15 0.15703

16 0.0420439

17 -0.0453896

18 -0.190356

19 -0.174878

20 -0.215434

21 -0.367317

22 -0.47932

23 -0.474957

24 -0.508298

25 -0.579822

26 -0.589586

27 -0.433692

28 -0.487196

29 -0.578578

30 -0.64714

31 -0.668054

32 -0.492867

33 -0.626441

34 -0.790532

35 -0.947789

36 -0.956609

37 -1.03461

38 -1.07005

39 -1.10837

40 -1.19692

41 -1.32553

42 -1.45595

43 -1.57615

44 -1.52406

45 -1.52729

46 -1.52677

47 -1.53546

48 -1.62846

49 -1.71611

50 -1.65782

51 -1.72997

52 -1.83881

53 -1.9436

54 -2.07689

55 -2.05417

56 -1.88078

57 -1.76045

58 -1.9844

59 -2.22405

