5 -0.0118005

6 0.106728

7 -0.155433

8 -0.316528

9 -0.321784

10 -0.264832

11 -0.324049

12 -0.292335

13 -0.441018

14 -1.14295

15 -1.03866

16 -1.17223

17 -1.24745

18 -1.46378

19 -1.52189

20 -1.74253

21 -1.93434

22 -1.90939

23 -1.63168

24 -1.65377

25 -1.66478

26 -1.28392

27 -1.26995

28 -1.28622

29 -1.26848

30 -1.12223

31 -0.567323

32 -0.511502

33 -0.539088

34 -0.545941

35 -0.614163

36 -0.589837

37 -1.34832

38 -1.32445

39 -1.31351

40 -1.13757

41 -1.18257

42 -1.11423

43 -0.916778

44 -0.741944

45 -1.88279

