5 -0.148691

6 -0.264236

7 -0.31358

8 -0.309527

9 -0.364505

10 -0.356749

11 -0.710009

12 -0.743598

13 -0.278278

14 0.0694835

15 0.242524

16 0.233713

17 -0.0226288

18 0.0703059

19 0.157787

20 0.760104

21 0.795871

22 0.486694

23 1.09652

24 1.60086

25 1.75433

26 1.68212

27 1.58241

28 1.47282

29 1.35923

30 1.84799

31 2.57873

32 2.71906

33 2.32083

34 2.30196

35 2.59532

36 3.53089

37 3.68597

38 3.85041

39 3.90703

40 3.90055

41 3.50372

42 3.28747

43 2.80326

44 2.91475

45 3.06506

46 3.85166

47 4.08337

48 4.10002

49 3.4044

50 3.41703

51 3.49748

52 4.76045

53 4.29531

54 4.41721

55 5.2271

56 4.83329

57 4.81391

58 4.74151

59 4.77987

