5 -0.0176651

6 -0.0499116

7 -0.253544

8 -0.174461

9 -0.0913245

10 -0.0341725

11 0.0903474

12 0.132417

13 0.342087

14 0.329899

15 0.269932

16 0.255884

17 0.319434

18 0.329806

19 0.405854

20 0.46405

21 0.513178

22 0.560401

23 0.576611

24 0.55176

25 1.09894

26 1.15682

27 1.13749

28 1.17433

29 1.25927

30 1.3104

31 1.32422

32 1.31153

33 1.87556

34 1.8884

35 1.92405

36 2.00067

37 1.56475

38 1.64161

39 1.70313

40 1.70161

41 1.88888

42 1.88017

43 1.84661

44 1.85432

45 2.2613

46 2.18641

47 2.54956

48 2.56861

49 2.6017

50 2.81473

51 3.12782

52 3.17435

