5 0.0148865

6 0.0279566

7 -0.054246

8 -0.0615532

9 -0.158038

10 0.0439641

11 0.224546

12 0.367233

13 0.474413

14 0.726558

15 0.763365

16 0.805016

17 0.800543

18 0.909749

19 0.443594

20 1.00905

21 1.18922

22 1.23013

23 1.26052

24 1.04661

25 1.38749

26 1.77196

27 1.65802

28 1.57611

29 1.55108

30 1.53742

31 1.68143

32 1.66692

33 2.17827

34 2.14371

35 2.06901

36 2.08802

37 2.22549

38 2.30002

39 2.94888

40 2.97353

41 2.92437

42 2.81694

43 2.97981

44 2.73955

45 1.12209

46 1.14376

47 1.13667

48 0.912637

49 0.877018

50 0.788745

51 0.700204

52 0.630422

53 0.617351

54 0.619893

55 0.61615

56 0.923905

57 0.744587

58 0.521742

59 0.451779

60 0.110558

61 0.070775

