5 -0.0230997

6 0.232978

7 0.171586

8 0.59408

9 0.932324

10 1.06048

11 0.897993

12 0.894956

13 1.00492

14 1.52563

15 1.89908

16 1.52698

17 1.61231

18 2.13457

19 2.26409

20 2.16225

21 2.15696

22 2.17515

23 2.05096

24 1.99534

25 2.13721

26 2.32831

27 2.45095

28 2.40527

29 2.88514

30 3.15072

31 3.36269

32 3.36063

33 3.09853

34 2.78696

35 2.78476

36 3.11479

37 3.20099

38 2.93001

39 3.70823

40 3.91004

41 4.03158

42 4.06392

43 4.29777

44 4.27535

45 4.27119

46 4.57166

47 4.52228

48 4.74113

49 4.86423

50 5.25073

51 4.91113

52 4.81647

53 4.66709

54 4.41887

55 4.11938

56 4.09023

57 4.47729

58 3.92217

59 3.66353

