5 0.0709457

6 0.0667769

7 -0.6272

8 -0.579371

9 -0.558642

10 -0.617936

11 -0.536559

12 -0.415018

13 -0.461441

14 -0.306007

15 -0.262712

16 -0.371592

17 0.0588258

18 0.0757211

19 -0.68163

20 -0.759668

21 -0.568313

22 -0.454922

23 -0.461099

24 -0.445107

25 -0.0850782

26 -0.033918

27 0.065248

28 -0.778997

29 -0.787253

30 -0.773841

31 -0.712513

32 -1.96943

33 -2.14112

34 -2.15779

35 -1.48134

36 -1.49805

37 -1.75678

38 -2.70953

39 -2.80113

40 -2.81193

41 -2.15533

42 -2.09525

43 -1.96401

44 -2.04755

45 -2.6416

46 -2.58442

47 -2.39767

