5 0.0376399

6 0.0669676

7 0.0414667

8 0.0216503

9 -0.0746783

10 -0.145075

11 -0.189103

12 -0.250089

13 -0.220937

14 -0.237214

15 -0.504237

16 -0.368264

17 -0.566075

18 -0.392414

19 -0.665043

20 -0.745779

21 -0.707431

22 -0.819477

23 -0.782856

24 -0.288879

25 0.187676

26 0.0422856

27 -0.0729919

28 0.0867806

29 0.138807

30 -0.211659

31 -0.0719377

32 -0.457683

33 -0.144938

34 -0.312886

35 0.349306

36 0.979779

37 0.794035

38 0.850188

39 0.926295

40 0.434208

41 0.895999

42 0.541504

43 0.830327

44 0.74161

45 1.06957

46 1.92229

47 2.15249

48 2.27052

49 2.23685

50 1.8886

51 1.6539

52 1.48126

53 1.50241

54 1.56286

55 1.57433

56 1.34946

57 1.42104

58 1.19195

59 1.13827

60 1.14497

