5 -0.000514419

6 -0.00582805

7 0.0109493

8 -0.0107984

9 -0.0303711

10 -0.0185627

11 0.00855749

12 -0.012095

13 -0.0232516

14 -0.034835

15 -0.0312495

16 -0.256714

17 -0.445076

18 -0.619938

19 -0.702233

20 -0.767759

21 -0.840545

22 -0.854125

23 -0.68273

24 -0.565205

25 -0.561657

26 -0.597221

27 -0.42374

28 -0.868653

29 -0.960093

30 -0.98135

31 -0.932487

32 -0.0592191

33 -0.0135997

34 0.0239536

35 0.0804611

36 0.112757

37 0.106534

38 -0.112326

39 -0.300666

40 -0.356771

41 -0.517159

42 -0.638795

43 -0.462296

44 -0.430768

45 -0.415211

46 -0.368496

