5 -0.103675

6 0.0100611

7 0.0115921

8 -0.293025

9 -0.241554

10 -0.167278

11 -0.166973

12 -0.929741

13 -1.42289

14 -1.38929

15 -1.22702

16 -1.22983

17 -1.33904

18 -1.22601

19 -1.25892

20 -1.251

21 -1.27047

22 -1.20668

23 -1.10052

24 -1.10533

25 -1.0647

26 -1.03985

27 -0.829954

28 -0.770116

29 -0.773002

30 -0.846521

31 -0.7584

32 -0.777484

33 -0.80597

34 -0.783391

35 -0.564182

36 -0.67806

37 -0.436938

38 -0.251611

39 -0.210576

40 -0.331973

41 -1.26914

42 -1.17351

43 -1.11822

44 -1.18542

45 -1.32503

46 -1.36791

47 -1.37258

48 -1.40076

49 -1.38935

50 -1.28331

51 -1.2895

52 -0.906556

53 -0.917222

54 -0.894089

55 -0.928363

56 -0.907581

57 -0.888014

58 -0.946421

59 -0.955165

60 -0.915269

61 -0.9633

62 -0.976617

63 -0.976909

64 -0.995858

65 -1.04848

66 -1.27373

67 -1.23231

68 -1.63488

69 -1.61683

70 -1.7512

71 -1.76483

72 -1.7868

73 -1.78103

74 -1.70976

75 -1.85438

76 -1.88133

77 -1.85635

78 -2.20804

79 -2.27575

