5 -0.171897

6 -0.128696

7 -0.0990637

8 -0.07748

9 0.0185922

10 0.115889

11 0.511613

12 0.514835

13 0.319631

14 0.373646

15 0.460289

16 0.200537

17 0.477963

18 0.35305

19 0.940032

20 0.737743

21 1.35434

22 1.49808

23 1.97185

24 1.89174

25 2.06908

26 2.11884

27 2.08152

28 2.18053

29 2.13877

30 2.00853

31 1.96193

32 1.86119

33 2.76777

34 2.90714

35 2.78505

36 2.89938

37 2.82232

38 2.89121

39 2.62851

40 3.18527

41 3.47563

42 3.38378

43 3.58652

44 3.55141

45 3.68575

46 3.62965

47 3.19627

48 3.71551

49 4.04534

50 3.96866

51 4.16056

52 4.02447

53 4.79147

54 4.76264

55 4.90219

56 4.91259

57 5.52504

58 5.72127

59 5.8408

60 5.835

61 5.99783

62 5.75573

