5 0.00927132

6 0.00876136

7 -0.0261826

8 0.0557073

9 -0.0680552

10 0.0631255

11 0.394485

12 0.481827

13 0.532667

14 0.594254

15 0.685135

16 0.638079

17 0.569359

18 0.529975

19 0.549883

20 0.445621

21 0.398233

22 0.30707

23 -0.255131

24 -0.6051

25 -0.971807

26 -1.35917

27 -1.54006

28 -1.71117

29 -1.89273

30 -1.93584

31 -1.9398

32 -1.37581

33 -1.33459

34 -1.30829

35 -1.35974

36 -1.25663

37 -1.25215

38 -1.20177

39 -1.62252

40 -1.6763

41 -1.80994

42 -2.0107

43 -2.02829

