5 -0.0553872

6 -0.124841

7 -0.21774

8 -0.269747

9 -0.352714

10 -0.432983

11 -0.436696

12 -0.33185

13 -0.277672

14 0.325144

15 0.530169

16 0.680564

17 0.663564

18 0.885249

19 0.800515

20 0.875099

21 0.947244

22 1.1077

23 1.14397

24 1.29293

25 1.39544

26 1.31989

27 1.23136

28 1.16434

29 1.35673

30 1.68222

31 1.83109

32 1.89233

33 1.92001

34 2.00377

35 1.98136

36 2.12053

37 1.95133

38 2.16437

39 2.07467

40 2.23957

41 2.55052

42 2.67573

43 2.61643

44 2.72741

45 2.74967

46 2.91514

47 3.14998

48 3.44006

49 3.66126

50 3.48654

51 3.65833

52 3.10107

53 3.03952

54 2.82379

