5 -0.155375

6 -0.117375

7 -0.193182

8 0.0141078

9 0.22025

10 0.472192

11 0.514864

12 0.504505

13 0.551953

14 0.564878

15 0.587688

16 0.598776

17 0.599209

18 0.581811

19 0.561854

20 0.577946

21 0.624362

22 0.71501

23 0.836487

24 0.745189

25 1.09978

26 1.08815

27 0.519492

28 0.601706

29 0.557777

30 0.221513

31 0.232105

32 -0.25663

33 -0.225392

34 -0.128519

35 -0.00456382

36 0.218894

37 0.327903

38 0.436516

39 0.323014

40 0.387612

41 0.303236

42 0.169927

43 0.074815

44 0.321102

45 0.254427

46 -0.00816909

47 -0.238331

48 -0.0801783

49 -0.17439

50 -0.0837893

51 -0.234713

52 -0.252871

53 -0.310436

54 -0.336869

55 -0.290602

56 -0.309636

57 -0.240994

58 -0.180379

59 -0.0783042

60 0.123068

61 0.0605669

62 -1.47213

63 -1.33833

64 -1.21588

65 -1.11766

66 -0.831808

67 -0.577674

68 -0.523107

69 -0.298969

70 -0.584552

71 -0.821196

72 -1.09109

73 -1.34293

74 -1.18824

