5 0.349292

6 0.356177

7 1.18103

8 1.19928

9 1.24981

10 1.05362

11 1.11873

12 1.90339

13 1.89313

14 1.62205

15 1.68298

16 2.01527

17 2.00952

18 1.8945

19 2.00316

20 2.03608

21 2.09031

22 2.18447

23 2.23189

24 2.47767

25 2.49433

26 2.3256

27 2.44767

28 2.51941

29 2.37797

30 2.6531

31 2.74053

32 3.4453

33 3.43289

34 3.02674

35 3.14591

36 3.58922

37 3.66594

38 3.37393

39 3.40754

40 3.20005

41 2.90762

42 2.80885

43 3.0931

44 3.10347

45 3.13383

46 3.13784

47 3.20282

48 3.11119

49 3.09559

50 3.02604

51 3.02303

