5 -0.0626281

6 -0.0431067

7 -0.0394407

8 -0.0516392

9 -0.00599054

10 -0.0991733

11 0.122447

12 0.133943

13 1.194

14 1.25462

15 1.25517

16 1.30672

17 1.35381

18 1.32985

19 1.41102

20 1.45043

21 1.53163

22 1.50163

23 1.44151

24 1.31342

25 1.25643

26 1.03289

27 0.558844

28 0.669997

29 0.374882

30 0.499835

31 0.502121

32 0.641665

33 0.683339

34 0.640569

35 0.571986

36 0.487546

37 0.534426

38 0.448366

39 0.347655

40 0.383222

41 0.289144

42 0.263807

43 0.36535

44 0.762746

45 0.851772

46 0.913016

47 0.996402

48 0.976013

49 0.889245

50 0.393919

51 0.212579

52 0.198876

