5 0.000593631

6 -0.0104151

7 -0.154408

8 -0.0811671

9 -0.206016

10 -0.192931

11 -0.24724

12 -0.189639

13 -0.475828

14 -0.959735

15 -0.983802

16 -0.868335

17 -0.972644

18 -0.819001

19 -0.938455

20 -0.956571

21 -0.722399

22 -0.636397

23 -0.602988

24 -0.614683

25 -0.618841

26 -0.715248

27 -1.08369

28 -1.23248

29 -1.20844

30 -0.938587

31 -0.918603

32 -0.980356

33 -1.11661

34 -1.41864

35 -1.44962

36 -1.50046

37 -1.60934

38 -1.45479

39 -1.41305

40 -1.41558

41 -1.47044

42 -1.48566

43 -1.53561

44 -1.31976

45 -1.27849

46 -1.15551

47 -1.30233

48 -1.42805

49 -1.48198

50 -1.61769

51 -1.89028

