5 0.0363198

6 0.104428

7 0.137881

8 0.0849931

9 0.0255613

10 -0.045091

11 0.0331741

12 -0.0239432

13 -0.197282

14 -0.192628

15 -0.170187

16 -0.135123

17 -0.123011

18 -0.134099

19 -0.248763

20 0.683138

21 0.64936

22 0.696803

23 0.940954

24 1.21689

25 1.39005

26 1.3858

27 1.48038

28 1.57444

29 1.53734

30 1.46359

31 1.52681

32 1.48335

33 0.887952

34 0.889862

35 0.71276

36 -1.03711

37 -1.002

38 -0.582131

39 0.391679

40 0.43329

41 0.378486

42 0.351419

43 0.291659

44 0.349711

45 0.381437

46 0.409729

47 0.572895

48 0.658928

49 0.63607

50 0.73219

