5 -0.0118772

6 -0.012272

7 -0.0185138

8 -0.0279353

9 -0.053311

10 0.020234

11 -0.157052

12 -0.323079

13 -0.29351

14 -0.158392

15 -0.120627

16 -0.0740444

17 -0.0741045

18 -0.0829398

19 -0.0994775

20 -0.107774

21 -0.483308

22 -0.790755

23 -0.851221

24 -0.850959

25 -0.797097

26 -0.978986

27 -0.868541

28 -0.999069

29 -1.05857

30 -1.13979

31 -1.38833

32 -1.61718

33 -1.56481

34 -1.51148

35 -1.42897

36 -1.38459

37 -1.45569

38 -1.65188

39 -1.65985

40 -2.5553

41 -2.60029

42 -2.59716

