5 0.00741157

6 -0.00958696

7 -0.0226701

8 0.0376629

9 0.0293485

10 -0.0231332

11 0.0505504

12 -0.0821086

13 0.0608411

14 0.0981395

15 0.181609

16 0.265278

17 0.257421

18 0.0417382

19 0.0031615

20 -0.0319013

21 -0.0476226

22 0.000246627

23 0.0210517

24 0.0713254

25 0.162952

26 0.228876

27 0.293538

28 0.295078

29 0.422653

30 0.410951

31 0.344222

32 0.344008

33 -0.508536

34 -0.622904

35 1.07441

36 1.01218

37 0.955156

38 0.933522

39 0.864599

40 0.970003

41 0.811174

42 0.930995

43 0.954377

44 1.05056

45 1.05056

46 1.13744

47 1.11978

48 1.05113

49 0.914367

50 0.831865

51 0.809498

52 0.68526

53 0.628905

54 0.547086

55 0.610401

56 0.503719

57 0.5544

58 0.587014

59 0.308458

60 0.253284

61 0.347766

62 0.379943

63 0.468745

64 0.561903

