5 -0.0694689

6 -0.0660329

7 -0.00249858

8 -0.0355985

9 -0.0402451

10 -0.21151

11 -0.11046

12 -0.124859

13 -0.142626

14 -0.128529

15 -0.198114

16 -0.226848

17 -0.226278

18 -0.170013

19 -0.23794

20 -0.21902

21 -0.251332

22 -0.304139

23 -0.572469

24 -0.571011

25 -0.138249

26 -0.00248542

27 0.305051

28 0.241988

29 0.295679

30 0.277817

31 1.13971

32 1.22643

33 1.3317

34 1.15026

35 1.20881

36 0.191236

37 -0.102909

38 -0.0415309

39 0.0281066

40 0.220552

41 0.292104

42 0.257243

43 -0.100688

44 -0.210737

45 0.0607104

46 -0.0924619

47 0.230571

48 0.451964

49 0.926947

50 0.88956

51 0.818263

52 0.751654

53 0.740346

54 0.854687

55 0.814511

56 1.06463

57 1.56342

58 1.71117

59 1.51029

