5 0.0534463

6 0.00686216

7 -0.0426616

8 0.0793652

9 0.237574

10 0.67745

11 0.676596

12 0.577307

13 -0.0747113

14 -0.0103091

15 -0.00733363

16 0.0698883

17 0.268993

18 0.575067

19 0.631924

20 0.62175

21 0.621926

22 0.54252

23 0.507849

24 0.557607

25 0.493903

26 0.594552

27 0.669577

28 0.720716

29 0.758635

30 0.76552

31 0.639773

32 0.603213

33 0.827415

34 0.699264

35 0.709738

36 0.721491

37 0.643216

38 0.572538

39 0.334354

40 0.292752

41 1.30071

42 1.41781

43 1.36128

44 -0.868396

