5 -0.216482

6 0.00730809

7 0.0167597

8 -0.025053

9 -0.0134586

10 -0.0344615

11 -0.00351096

12 -0.0391646

13 0.146248

14 0.15542

15 0.211574

16 0.137412

17 0.129224

18 0.331536

19 0.385123

20 0.536099

21 0.539633

22 0.508752

23 0.53036

24 0.264361

25 0.203462

26 0.184404

27 -0.163669

28 -0.197699

29 -0.120554

30 -0.207781

31 -0.145077

32 0.0139365

33 -0.105841

34 -0.45105

35 -0.440322

36 -0.952662

37 -1.01848

38 -1.00821

39 -0.997482

40 -0.695425

41 -0.753523

42 -0.997148

43 -0.818028

