5 0.140042

6 0.132737

7 0.232541

8 0.2724

9 0.411037

10 0.530756

11 0.0231943

12 -0.373535

13 -0.611226

14 -1.13961

15 -0.870144

16 -0.972323

17 -1.06118

18 -1.0148

19 -1.27439

20 -1.50998

21 -1.88148

22 -2.09864

23 -2.10368

24 -2.01417

25 -1.91068

26 -1.90457

27 -1.9518

28 -1.99851

29 -2.17143

30 -2.20186

31 -2.00359

32 -1.98071

33 -1.93073

34 -1.85632

35 -1.75467

36 -1.68571

37 -1.24052

38 -1.63467

39 -1.57539

40 -1.51319

41 -1.52567

42 -1.28195

43 -0.178517

44 -0.053464

45 -1.12083

46 -1.10146

47 -0.993283

48 0.478417

49 0.496004

50 0.678129

51 0.688072

52 0.699483

53 0.785224

54 0.886273

55 0.948368

56 1.03163

57 0.960185

58 0.776478

59 0.80693

60 0.655877

61 0.957268

