5 -0.0694147

6 -0.0811648

7 -0.366171

8 -0.676911

9 -0.877731

10 -0.816151

11 -0.876945

12 -0.932895

13 -0.98541

14 -1.0432

15 -1.0692

16 -1.089

17 -1.06188

18 -1.11417

19 -0.74111

20 -0.47474

21 -0.626593

22 -0.821267

23 -0.806718

24 -0.624863

25 -0.984379

26 -0.552041

27 0.117402

28 0.259503

29 0.85578

30 0.864457

31 0.97534

32 0.963431

33 0.909347

34 1.16104

35 0.50171

36 0.611915

37 0.464733

38 0.286893

39 0.438681

40 0.356897

41 0.125923

42 0.210373

43 0.208246

44 0.105259

45 0.299382

46 -0.106456

