5 -0.219787

6 -0.251435

7 -0.0808426

8 -0.0650925

9 -0.0552719

10 -0.069864

11 -0.191376

12 -0.278383

13 -0.573247

14 -0.591935

15 -0.590177

16 -0.615837

17 -0.696106

18 -0.712124

19 -0.754068

20 -0.769554

21 0.451813

22 0.541678

23 0.629056

24 0.624359

25 0.621752

26 -0.225608

27 -0.242819

28 -0.421864

29 -0.366494

30 -0.296336

31 -0.296552

32 -0.339407

33 -0.350172

34 -0.515387

35 -0.499544

36 -0.521789

37 -0.246695

38 -0.117872

39 -0.17401

40 -0.322404

41 -0.308232

42 0.201845

43 0.199797

44 -0.141356

45 -0.152295

