5 -0.030521

6 0.165343

7 0.209431

8 0.0856876

9 -0.0531576

10 -0.0911226

11 -0.0531157

12 -0.0226668

13 -0.11171

14 -0.0894519

15 -0.507399

16 -0.249122

17 0.675459

18 0.756782

19 0.846737

20 1.00894

21 1.02361

22 0.901243

23 0.876488

24 0.89061

25 0.837106

26 -0.0576952

27 -0.169726

28 -0.257678

29 -0.395191

30 -0.259414

31 -0.411789

32 -0.500485

33 -0.489666

34 -0.380578

35 -0.274786

36 -0.308609

37 0.153077

38 0.055053

39 0.0758562

40 0.134584

41 0.072557

