5 0.00866704

6 -0.0218527

7 0.0124057

8 -0.509737

9 -0.649854

10 -0.920721

11 -1.03602

12 -1.079

13 -1.46476

14 -1.44558

15 -1.43158

16 -1.15714

17 -1.1422

18 -1.07468

19 -1.02647

20 -1.11158

21 -1.04937

22 -1.08363

23 -0.499053

24 -0.0671374

25 0.0428957

26 0.0465946

27 0.106932

28 -0.342393

29 -0.433927

30 -0.352247

31 -0.277213

32 -0.190473

33 -0.243792

34 -0.207493

35 -0.345626

36 -0.378823

37 -0.393023

38 -1.16337

39 -1.73733

40 -1.75109

41 -1.71686

42 -1.52976

43 -1.61296

44 -2.31865

45 -2.35688

46 -2.27716

47 -2.27456

