5 -0.302771

6 -0.404947

7 -0.446961

8 -0.488575

9 -0.498959

10 1.16163

11 1.15691

12 0.959097

13 1.08993

14 1.06443

15 1.07202

16 0.427807

17 0.523087

18 0.85428

19 0.815165

20 1.15076

21 1.15283

22 1.68471

23 1.75157

24 1.7382

25 1.51681

26 1.57187

27 1.65333

28 1.66039

29 1.60815

30 1.61985

31 1.63561

32 1.63034

33 1.57132

34 1.47678

35 1.31525

36 1.26744

37 1.36745

38 1.29942

39 1.39503

40 1.36434

41 1.5815

42 1.55095

43 1.60863

44 1.53738

45 1.81805

46 1.84192

47 2.58737

48 2.55426

49 2.36729

50 2.30192

51 2.25015

52 2.33587

53 2.42514

54 2.33617

55 2.5668

56 2.45472

57 2.42907

58 2.36504

59 2.52375

60 2.03129

61 1.99251

