5 0.00285269

6 0.011498

7 -0.00278214

8 -0.0175884

9 0.0734934

10 0.0203792

11 -0.105543

12 -0.168338

13 -0.0360439

14 -0.0511033

15 -0.0194029

16 -0.052692

17 -0.0687546

18 -0.0435498

19 -0.0257646

20 0.146048

21 -0.307896

22 -0.325329

23 -0.359477

24 -0.354638

25 -0.296774

26 -0.39242

27 -0.398262

28 -0.114908

29 -0.224751

30 -0.30771

31 -0.674817

32 -0.693078

33 -0.706519

34 -0.720163

35 -1.13663

36 -1.05002

37 -1.24952

38 -1.19524

39 -1.30231

40 -1.13362

41 -0.856083

42 -0.706136

43 -0.716401

44 -0.775205

45 -0.780844

46 -0.790937

47 -0.782436

48 -0.786502

49 -0.776971

50 -0.758605

51 -0.74078

52 -0.877616

53 -0.753936

54 -0.689875

55 -0.636241

56 -0.772583

57 -0.688261

58 -0.821045

59 -0.647196

60 -0.666497

61 -0.781294

62 -0.511372

63 -0.630571

64 0.333092

65 0.321444

66 0.21952

67 0.126143

68 0.163785

69 0.208194

70 0.172908

71 0.278709

72 0.30944

73 0.212458

74 0.104252

75 0.0534094

76 0.224448

77 0.173628

