5 -0.00937564

6 -0.00470716

7 0.0576485

8 0.0524269

9 -0.0591268

10 -0.0278392

11 0.0329987

12 0.0114946

13 0.0432517

14 0.0086138

15 -0.00739676

16 0.00677935

17 0.0258101

18 0.163438

19 -0.0895996

20 -0.266895

21 -0.340468

22 -0.353415

23 -0.241036

24 -0.182846

25 -0.165909

26 -0.225347

27 -0.221856

28 -0.287506

29 0.0884197

30 -0.0438248

31 -0.519658

32 -0.527828

33 -0.551479

34 -0.577268

35 -0.941031

36 -0.852701

37 -1.07704

38 -1.06973

39 -1.10554

40 -0.888267

41 -0.65877

42 -0.67841

43 -0.628439

44 -0.627637

45 -0.670591

46 -0.725611

47 -0.722313

48 -0.783037

49 -0.956924

50 -1.0291

51 -0.97555

52 -1.01414

53 -0.818385

54 -0.935052

55 -0.822549

56 -0.508015

57 -0.68316

58 -1.05141

59 -1.01184

60 -1.01394

61 -0.807371

62 -0.804944

63 -0.729384

64 -0.771106

65 -0.808621

66 -0.877773

67 -1.03836

68 -1.06446

69 -1.05338

70 -1.10497

71 -1.14932

72 -1.26437

73 -1.41982

74 -1.75156

75 -1.92854

76 -1.99329

77 -1.53709

78 -1.56176

79 -0.93111

