5 -0.0816389

6 -0.0296973

7 -0.311185

8 -0.281521

9 -0.536815

10 -0.821951

11 -0.809252

12 -0.519103

13 -0.558372

14 -0.0185852

15 0.516942

16 0.412377

17 0.346183

18 0.407679

19 0.379379

20 0.221113

21 0.259849

22 0.0795751

23 0.110113

24 0.00351412

25 0.163387

26 0.0682404

27 0.00972434

28 -0.0779028

29 0.76088

30 1.05706

31 1.21121

32 1.26733

33 1.2756

34 1.21889

35 1.29372

36 1.34705

37 1.35925

38 1.42419

39 1.62043

40 1.36468

41 0.766909

42 0.768389

43 0.897802

