5 0.0106409

6 -0.0131584

7 0.0525796

8 0.0580968

9 0.0203097

10 -0.0473798

11 -0.155491

12 -0.16888

13 -0.0677461

14 -0.0856755

15 -0.00518751

16 0.757455

17 1.1802

18 0.899397

19 1.04489

20 1.2611

21 1.24706

22 1.54729

23 1.7974

24 1.81487

25 1.81451

26 1.92179

27 1.90453

28 1.84732

29 2.06209

30 2.33648

31 2.394

32 2.60995

33 2.59213

34 2.24123

35 2.58749

36 2.52026

37 2.8436

38 3.18008

39 3.30868

40 3.4076

41 3.44652

42 3.40442

43 3.14123

44 3.1254

45 3.12687

46 3.16803

47 3.1552

48 2.98873

49 2.95059

50 2.42909

51 2.49826

