5 -0.0438151

6 -0.0184789

7 0.0215808

8 -0.00490319

9 0.0392299

10 0.107198

11 0.142984

12 0.142367

13 0.285713

14 0.157728

15 0.362703

16 0.429478

17 0.445391

18 0.496592

19 0.331889

20 0.526928

21 0.598895

22 0.67746

23 0.704414

24 0.676647

25 0.829083

26 0.690779

27 0.906475

28 0.984441

29 0.985594

30 1.04821

31 0.946327

32 1.14824

33 1.25717

34 1.33343

35 1.34419

36 1.30577

37 1.46976

38 1.33029

39 1.54907

40 1.62927

41 1.60499

42 1.67918

43 1.59074

44 1.80361

45 1.91697

46 2.00412

47 2.02784

48 1.98933

49 2.15024

50 2.01194

51 2.22843

52 2.31007

53 2.26309

54 2.34513

55 2.28813

56 2.50165

57 2.6006

58 2.69661

59 2.7057

60 2.66994

61 2.84316

62 2.69472

63 3.00591

64 2.97217

65 3.05836

66 3.15109

67 3.36655

68 3.31021

