5 -0.087072

6 -0.07868

7 0.716048

8 0.837548

9 0.584197

10 1.07723

11 1.28722

12 1.39936

13 1.41397

14 1.25405

15 1.31104

16 1.29448

17 1.22434

18 1.27343

19 1.1924

20 1.60716

21 1.83116

22 2.1193

23 2.27602

24 2.27353

25 1.94453

26 2.27744

27 2.96345

28 3.06505

29 2.44763

30 2.27011

31 2.18118

32 2.18994

33 2.17018

34 2.18955

35 2.18107

36 2.1898

37 2.11335

38 2.02177

39 1.96315

40 2.09013

41 1.94119

42 1.96025

43 2.06883

44 2.0807

45 2.18457

46 2.29584

