5 -0.0437769

6 0.00502473

7 0.00124922

8 -0.0866452

9 0.0434859

10 0.328821

11 0.324355

12 -0.113609

13 -0.10771

14 -0.318026

15 -0.103449

16 -0.00445627

17 -0.265043

18 -1.70867

19 -1.71458

20 -1.69279

21 -1.66298

22 -1.35945

23 -1.32177

24 -1.27713

25 -1.27545

26 -0.884834

27 -0.931738

28 -1.21451

29 -1.23347

30 -1.47082

31 -1.498

32 -1.50114

33 -1.47827

34 -1.41782

35 -1.40063

36 -1.58087

37 -1.43251

38 -1.35345

39 -1.28198

40 -1.28136

41 -1.27175

42 -1.79597

43 -1.92243

44 -2.35169

45 -2.4262

46 -2.64723

47 -2.72353

48 -2.94268

49 -2.96571

50 -2.96623

51 -2.9493

52 -3.01189

53 -3.13575

54 -3.08056

55 -3.16906

56 -3.02141

57 -3.0508

58 -3.02407

59 -3.097

60 -2.94734

61 -2.75127

62 -2.71533

63 -3.08767

64 -2.98221

65 -2.96621

66 -3.10098

67 -3.1311

68 -3.07154

69 -3.04666

70 -2.97794

71 -3.08928

72 -3.28624

