5 0.0826061

6 0.148811

7 0.0969195

8 -0.453296

9 -0.484011

10 -0.659192

11 -0.646638

12 -0.663685

13 -0.602964

14 -0.721411

15 -0.766137

16 -0.798521

17 -0.876592

18 -0.887138

19 -0.926944

20 -0.854436

21 -0.968154

22 -1.01456

23 -0.932154

24 -0.879

25 -0.773408

26 -0.91529

27 -1.23637

28 -1.52879

29 -1.68064

30 -1.71269

31 -1.7874

32 -1.97174

33 -1.89717

34 -1.73133

35 -1.79633

36 -1.93059

37 -1.8171

38 -1.61414

39 -1.50748

40 -1.51685

41 -1.50934

42 -1.40686

43 -1.15564

44 -0.764545

45 -0.906468

46 -1.60985

47 -1.62593

48 -1.90616

49 -1.70599

50 -1.40608

51 -1.30772

52 -1.27685

53 -1.50789

54 -1.59862

55 -2.27862

56 -1.83897

57 -1.5215

58 -1.38589

59 -1.38509

60 -1.71853

61 -2.11141

62 -2.26655

63 -2.91894

64 -2.4601

65 -2.46901

66 -2.3833

67 -2.38237

