5 -0.0412489

6 -0.0575976

7 0.226035

8 0.451111

9 0.465966

10 0.413327

11 -0.663118

12 -0.77976

13 -0.792432

14 -0.948979

15 -1.11236

16 -1.089

17 -1.0548

18 -0.994905

19 -1.14532

20 -1.16452

21 -1.26674

22 -1.25723

23 -1.26327

24 -1.42319

25 -1.33473

26 -1.4332

27 -1.28624

28 -1.23974

29 -1.22246

30 -2.13839

31 -2.102

32 -1.98348

33 -2.02775

34 -1.994

35 -1.57884

36 -1.59262

37 -1.62303

38 -0.918942

39 -0.729961

40 -0.718199

41 -2.01849

42 -2.03085

43 -2.27437

44 -1.41055

45 -1.3418

46 -2.05959

47 -1.63111

48 -1.35428

49 -1.35072

50 -1.3169

51 -1.57797

52 -2.055

53 -1.72841

54 -1.86123

55 -1.81964

56 -1.86908

57 -1.83228

58 -1.5989

59 -1.52567

60 -1.37531

