5 -0.0468864

6 0.216215

7 0.273621

8 0.181391

9 0.00915594

10 -0.795626

11 -0.681551

12 -0.733113

13 -0.492566

14 -0.207042

15 -0.262523

16 -0.54433

17 -0.587752

18 -0.641887

19 -0.703421

20 -1.68986

21 -1.47582

22 -1.36405

23 -1.35358

24 -1.43263

25 -1.61394

26 -2.42082

27 -2.58511

28 -2.60576

29 -2.55853

30 -3.00849

31 -3.34904

32 -2.49509

33 -2.47708

34 -2.4713

35 -2.56647

36 -3.12155

37 -3.08564

38 -3.1442

39 -3.24234

40 -3.62125

41 -3.70509

42 -4.09773

43 -4.20307

44 -4.13201

45 -4.12012

46 -4.05079

47 -4.38052

48 -4.4375

