5 -0.108997

6 -0.0955408

7 -0.103706

8 -0.0588424

9 -0.0116481

10 -0.103487

11 -0.289368

12 -0.348407

13 -0.173832

14 -0.044795

15 0.0452875

16 0.0920643

17 -0.28749

18 -0.0750224

19 -0.145074

20 0.0620966

21 0.0178806

22 -0.462256

23 -0.400575

24 -0.389301

25 -0.436898

26 -0.437065

27 -0.502802

28 -0.376604

29 -0.44519

30 -0.575474

31 -0.488061

32 -0.664983

33 -0.720231

34 -0.855712

35 -0.750677

36 -0.256839

37 0.163515

38 0.202637

39 0.256183

40 0.516201

41 0.374091

42 0.0402779

