5 -0.0145757

6 -0.0453664

7 -0.219317

8 -0.184699

9 -0.0138903

10 -0.0267422

11 0.0133451

12 0.00434275

13 0.0242243

14 0.105616

15 -0.34626

16 -0.425595

17 -0.481621

18 -0.461225

19 -0.456469

20 -0.496179

21 -0.555853

22 -0.268464

23 -0.441797

24 -0.818261

25 -0.837335

26 -0.87195

27 -0.894565

28 -0.913127

29 -1.41861

30 -1.32166

31 -1.51178

32 -1.51834

33 -1.52107

34 -1.0115

35 -1.00717

36 -1.00877

37 -1.06019

38 -1.08271

39 -1.07723

40 -1.11103

41 -1.15262

42 -0.931933

43 -0.824289

44 -0.77857

45 -0.911603

46 -0.826795

47 -0.968559

48 -0.833496

49 -0.862084

50 -0.993259

51 -0.821501

52 -1.84421

53 -1.82323

54 -1.78559

55 -2.04739

56 -2.04726

57 -2.33154

58 -2.10467

59 -2.16692

60 -2.08514

61 -2.22095

