5 -0.104593

6 0.117264

7 0.018007

8 0.054556

9 0.0457985

10 0.350161

11 0.568031

12 0.61798

13 0.739648

14 0.764458

15 0.702339

16 0.483219

17 0.620341

18 0.63669

19 0.637609

20 0.624598

21 0.653651

22 0.475661

23 0.745229

24 0.581213

25 0.715365

26 0.696947

27 1.43258

28 1.31254

29 1.51348

30 1.49124

31 1.53775

32 1.54068

33 1.57422

34 1.63706

35 1.73266

36 1.98569

37 2.02077

38 2.19158

39 2.26502

40 2.24233

41 2.1477

42 1.90657

43 2.08037

44 2.08709

45 1.87391

46 2.1691

47 1.9616

48 2.1282

49 2.08885

50 2.81207

51 2.70606

52 2.89385

53 2.92931

54 2.95138

