5 -0.0113024

6 -0.243451

7 -0.221926

8 -0.214939

9 0.0238105

10 0.0325326

11 -0.0249642

12 0.050959

13 0.116513

14 0.225542

15 -1.85983

16 -1.65856

17 -1.13192

18 -0.547753

19 -0.568514

20 -0.277879

21 -0.858905

22 -0.968824

23 -1.0503

24 -1.05774

25 -1.05745

26 -1.03138

27 -1.03175

28 -1.04705

29 -1.02538

30 -1.14824

31 -1.11146

32 -1.04388

33 -1.28094

34 -1.85248

35 -1.71241

36 -1.62832

37 -1.4383

38 -1.85474

39 -1.83776

40 -1.48462

41 -0.987592

42 -1.01309

43 -1.13666

44 -0.915333

45 -0.804009

46 -0.735144

47 -0.884697

48 -1.09178

