5 -0.0331153

6 0.315642

7 0.297805

8 0.302837

9 0.386878

10 0.0842244

11 0.108832

12 0.209223

13 0.211453

14 0.885812

15 0.943126

16 0.939802

17 0.461974

18 0.429448

19 0.921578

20 0.905979

21 0.684856

22 1.2697

23 1.48638

24 1.91351

25 1.97443

26 1.97948

27 2.00545

28 2.01799

29 1.66514

30 1.91929

31 1.88374

32 2.0564

33 2.17203

34 2.20537

35 2.05062

36 1.95477

37 1.8046

38 1.75814

39 1.57477

40 1.56014

41 1.93325

42 1.89145

43 1.52493

44 1.51502

45 1.53208

46 1.54501

47 1.03959

48 1.04549

49 1.08601

50 1.0979

51 1.10474

