5 -0.036534

6 0.0537837

7 0.046837

8 0.0618587

9 0.00171801

10 -0.209912

11 -0.221556

12 -0.218845

13 -0.189132

14 0.052326

15 0.0687117

16 0.13476

17 0.148627

18 0.541686

19 0.476114

20 0.412662

21 0.241851

22 -0.621793

23 -0.647815

24 -0.700196

25 -0.513308

26 -0.48614

27 -0.462707

28 -0.4819

29 -0.507121

30 -0.660284

31 -0.688196

32 -1.023

33 -1.08596

34 -1.3176

35 -1.37039

36 -1.53151

37 -1.55405

38 -1.6935

39 -1.6849

40 -1.69414

41 -1.68314

42 -0.946148

43 -0.878202

44 -0.84495

45 -1.09943

46 -1.13461

47 -0.940103

48 -0.90841

49 -1.04699

50 -0.881132

51 -0.389976

52 -0.418091

53 -0.864546

54 -0.786707

55 -0.797757

56 -0.927873

57 -0.826938

58 -0.87236

59 -0.837341

60 -0.801899

61 -0.674413

