5 -0.00134545

6 0.0245769

7 0.00732808

8 -0.0475917

9 -0.0203172

10 0.0690493

11 0.0353937

12 -0.00816978

13 0.143421

14 0.0112556

15 -0.144353

16 -0.29439

17 -0.415537

18 -0.456728

19 -0.497041

20 -0.528503

21 -0.510977

22 -0.78403

23 -0.790887

24 -1.11277

25 -1.16338

26 -1.10276

27 -0.892103

28 -0.742247

29 -0.854854

30 -0.048122

31 0.416348

32 0.46174

33 0.60408

34 0.602647

35 0.289547

36 0.280978

37 0.186155

38 0.181025

39 0.205114

40 0.228617

41 0.487197

42 0.503839

43 0.569291

44 0.6366

45 0.652536

46 0.684931

47 0.593296

48 0.854967

49 0.87045

50 0.911559

51 0.929618

52 0.939728

53 1.04501

54 1.00811

55 0.548246

56 0.339493

57 0.305514

58 0.242365

59 0.287069

60 -0.143756

61 -0.0452722

62 0.25218

63 0.152216

64 0.967558

65 0.842179

66 0.794822

67 0.744845

68 0.470183

