5 0.0150285

6 -0.21232

7 -0.166518

8 -0.157377

9 -0.300968

10 -0.298431

11 -0.413082

12 -0.381351

13 0.122382

14 0.140228

15 0.58172

16 0.607637

17 0.603037

18 0.773719

19 0.840102

20 0.880171

21 0.858117

22 0.658078

23 0.595113

24 0.611813

25 0.85465

26 0.797131

27 1.83109

28 1.84005

29 1.69759

30 1.65662

31 1.39526

32 1.38456

33 1.06214

34 1.02088

35 1.5064

36 1.6949

37 1.65893

38 1.6725

39 2.04059

40 2.06261

41 1.90106

42 1.80196

43 2.64289

44 2.62528

45 3.20856

46 3.04611

47 3.00934

