5 -0.0594867

6 -0.0559992

7 -0.243181

8 -0.386883

9 -0.173508

10 -0.175043

11 -0.0198938

12 -0.147488

13 -0.0786579

14 0.0304684

15 0.0144849

16 -0.20408

17 -0.242766

18 -0.286303

19 -0.155971

20 -0.0224441

21 -0.0457532

22 -0.149077

23 -0.447586

24 -0.440356

25 -0.502952

26 -0.526252

27 -0.546789

28 -0.844919

29 -0.972609

30 -0.947317

31 -0.989929

32 -1.09488

33 -0.781862

34 -0.594381

35 -0.543944

36 -0.533708

37 -0.576335

38 -0.5478

39 -0.564173

40 -0.542503

41 -0.501341

42 -0.461822

43 -0.285219

44 -0.243126

45 -0.197371

46 -0.294221

47 -0.567504

48 -0.812055

49 -0.628533

50 -0.707693

51 -0.755525

52 -0.618044

53 0.215594

54 0.125347

55 0.134875

56 0.128017

57 -0.0777046

58 -0.102978

59 0.196936

60 0.2268

61 0.165854

