5 0.534582

6 0.560408

7 1.28785

8 1.29753

9 1.30162

10 1.15859

11 1.26531

12 1.63155

13 1.60597

14 1.34195

15 1.50473

16 1.5655

17 2.06616

18 2.05612

19 1.90507

20 2.00421

21 2.0286

22 2.07829

23 2.14873

24 2.19948

25 2.61378

26 2.60337

27 2.68402

28 2.62521

29 2.54207

30 2.43493

31 2.65759

32 2.79408

33 3.84862

34 3.8572

35 3.81705

36 3.80152

37 3.80314

38 3.8262

39 3.70361

40 3.65961

41 3.96933

42 4.10412

43 3.43479

44 3.23413

45 3.11398

46 3.21757

47 3.20267

