5 -0.00694637

6 -0.00316253

7 0.0153644

8 -0.0523371

9 -0.0454892

10 -0.152259

11 -0.370001

12 -0.344763

13 -0.0147714

14 0.101474

15 0.131218

16 0.0839722

17 -0.231574

18 -0.322239

19 -0.326945

20 -0.330944

21 -0.437477

22 -1.00524

23 -1.10491

24 -1.12722

25 -1.49226

26 -1.54952

27 -1.4234

28 -1.56099

29 -1.43568

30 -1.3055

31 -1.17903

32 -1.15154

33 -1.14119

34 -1.08674

35 -1.08865

36 -1.02779

37 -1.10449

38 -1.23968

39 -1.20732

40 -1.45711

41 -1.58196

42 -1.04299

43 -0.987684

44 -0.904817

45 -0.879919

46 -0.87914

47 -0.85542

48 -0.79439

49 -1.39889

50 -1.48355

51 -1.39513

52 -1.89509

53 -2.20325

54 -2.10137

55 -1.84531

56 -1.68562

57 -1.50387

58 -1.48977

59 -1.48571

60 -1.51218

61 -1.5103

62 -1.53689

63 -1.53398

64 -1.49089

65 -1.61499

66 -1.61717

67 -1.73269

68 -1.96544

69 -1.65371

70 -1.45185

71 -1.50086

72 -1.6795

73 -1.73904

74 -1.70833

75 -1.71996

76 -1.65601

77 -2.17736

78 -2.24375

79 -2.30252

80 -2.75663

81 -2.91854

82 -2.49261

83 -2.64131

84 -2.57749

85 -2.54478

86 -2.38514

87 -2.31503

88 -2.31024

