5 0.00198735

6 -1.48395e-05

7 0.0174432

8 0.0140956

9 0.0142516

10 0.0114268

11 0.0104079

12 0.0171156

13 0.0190685

14 -0.255625

15 -0.453393

16 -0.751197

17 -0.950568

18 -1.27492

19 -1.13305

20 -1.1495

21 -1.10235

22 -0.997432

23 -0.884958

24 -0.799634

25 -0.791831

26 -0.732897

27 -0.607439

28 -0.605094

29 -1.5073

30 -1.53312

31 -1.64175

32 -1.92975

33 -2.20675

34 -2.3214

35 -2.47907

36 -2.67818

37 -2.69622

38 -2.32909

39 -2.38456

40 -2.59618

41 -2.69679

42 -2.72709

43 -2.72638

44 -2.97896

45 -3.05445

46 -3.04423

47 -2.94176

48 -2.90071

49 -2.89665

50 -2.74052

51 -2.7539

52 -2.8128

53 -2.73852

54 -2.88282

55 -2.89049

56 -3.18207

57 -2.48192

