5 -0.0107104

6 -0.013805

7 -0.217423

8 -0.19415

9 -0.0207265

10 -0.0275455

11 0.0277379

12 0.0565034

13 0.0396902

14 -0.425588

15 -0.415232

16 -0.43339

17 -0.441752

18 -0.495396

19 -0.504098

20 -0.587833

21 -0.228046

22 -0.357826

23 -0.469095

24 -0.836326

25 -0.829851

26 -0.860723

27 -0.911424

28 -1.26562

29 -1.11408

30 -1.09941

31 -1.08

32 -0.845637

33 -0.629448

34 -0.521743

35 -0.530802

36 -0.581094

37 -0.58867

38 -0.586158

39 -0.602868

40 -0.582379

41 -0.586691

42 -0.553731

43 -0.621813

44 -0.549512

45 -0.499642

46 -0.444767

47 -0.579308

48 -0.475552

49 -0.591649

50 -0.417305

51 -0.438152

52 -0.67646

53 -0.448178

54 0.405402

55 0.47273

56 0.458409

57 0.290003

58 0.452456

59 0.398344

60 0.464832

61 0.301067

62 0.674865

