5 -0.00631563

6 -0.008347

7 -0.0110679

8 -0.144012

9 -0.215587

10 -0.184987

11 -0.275657

12 -0.518801

13 -0.75504

14 -0.525113

15 -0.50267

16 -0.429839

17 -0.393459

18 -0.407393

19 -0.465702

20 -0.545967

21 -0.485875

22 -0.44206

23 -0.550046

24 -0.623545

25 -0.989771

26 -1.16361

27 -1.21687

28 -1.19126

29 -1.24259

30 -1.21315

31 -1.42108

32 -1.43255

33 -1.32422

34 -1.3114

35 -1.14442

36 -0.989395

37 -1.01054

38 -0.863139

39 -0.953908

40 -0.926805

41 -0.706291

42 -0.687725

43 -0.618324

