5 -0.00163038

6 -0.00349492

7 -0.0993395

8 -0.259274

9 -0.23659

10 -0.290686

11 -0.392103

12 -0.294849

13 -0.311056

14 -0.551799

15 -0.579768

16 -0.570513

17 -0.616554

18 -0.69293

19 -0.806747

20 -0.90957

21 -0.996334

22 -1.03614

23 -0.873406

24 -0.862299

25 -0.876459

26 0.564431

27 0.71524

28 0.640744

29 0.408715

30 0.138959

31 0.0562502

32 0.0811918

33 0.183772

34 0.0506324

35 0.0337266

36 0.0915765

37 -0.0244761

38 -0.463121

39 -0.465018

40 -0.352411

41 -0.861663

42 -0.801128

43 -0.699958

44 -0.560346

45 -0.671092

46 -0.858416

