5 -0.0591541

6 -0.0572917

7 -0.22584

8 -0.364569

9 -0.152628

10 -0.15275

11 -0.00940787

12 -0.132995

13 -0.060193

14 0.0330487

15 0.0180585

16 -0.260301

17 -0.283207

18 -0.311441

19 -0.176227

20 -0.0268196

21 -0.0453352

22 -0.161072

23 -0.459135

24 -0.476991

25 -0.513595

26 -0.536324

27 -0.786198

28 -0.901196

29 -0.869946

30 -0.933518

31 -1.04218

32 -0.488782

33 -0.414233

34 -0.40688

35 -0.459757

36 -0.447238

37 -0.466374

38 -0.452413

39 -0.436529

40 -0.540576

41 -0.362861

42 -0.364027

43 -0.355345

44 -0.310232

45 -0.41033

46 -0.685888

47 -0.92023

48 -0.890659

49 -0.934865

50 -0.928124

51 -0.866695

52 -1.90659

53 -1.98487

54 -1.97454

55 -1.96806

56 -2.1408

57 -2.13854

58 -1.88544

59 -1.93661

60 -1.7457

