5 -0.0637033

6 -0.197777

7 -0.1483

8 -0.21968

9 0.293438

10 0.443657

11 0.468549

12 0.517131

13 0.830304

14 1.04044

15 1.06629

16 1.02296

17 1.23805

18 1.4725

19 1.79873

20 1.81496

21 1.78967

22 1.78476

23 1.8574

24 1.85195

25 1.66359

26 1.71024

27 1.90609

28 1.8425

29 1.13548

30 1.05014

31 0.942241

32 0.929943

33 0.928988

34 0.914285

35 0.70538

36 0.651341

37 0.611632

38 0.352494

39 0.34452

40 0.645477

41 0.757987

42 0.914051

43 0.978706

44 1.19986

45 1.25376

46 1.33051

47 1.2998

48 1.37239

49 1.37669

50 1.28717

51 1.04108

52 0.788631

53 0.902612

54 0.750859

55 0.748108

56 0.711853

57 1.17308

58 1.26088

59 1.02562

60 0.965887

61 1.34583

62 1.86274

63 1.69933

64 1.65646

65 1.64726

66 1.50031

67 1.32496

68 1.32915

69 1.45177

70 1.3813

71 1.24431

72 0.786395

73 -0.479209

74 -0.860869

75 -0.926352

76 -0.708573

77 -0.498087

78 -0.494078

79 -0.480221

80 -0.517233

81 -0.47042

82 -0.448775

83 -0.354986

84 -0.262061

85 -0.181172

86 -0.166793

87 -0.147827

88 -0.210845

89 -0.300304

90 -0.142669

91 -0.0622748

92 0.0747897

93 -0.356891

94 -0.157799

95 0.0183382

96 0.000697918

97 0.0192497

98 -0.0601649

