5 -0.01453

6 -0.0249167

7 -0.234145

8 -0.241606

9 -0.169899

10 -0.131763

11 -0.0940952

12 -0.00381077

13 -0.0286603

14 -0.140923

15 -0.204063

16 -0.22311

17 -0.182483

18 -0.198728

19 0.176727

20 -0.027851

21 -0.346284

22 -0.349099

23 -0.376491

24 -0.390639

25 -0.4029

26 -0.806751

27 -0.880914

28 -0.801584

29 -0.594302

30 -0.868658

31 -0.656675

32 -0.426304

33 -0.347871

34 -0.331465

35 -0.403396

36 -0.42292

37 -0.413705

38 -0.429704

39 -0.421017

40 -0.331387

41 -0.587887

42 -0.462399

43 -0.32007

44 -0.270344

45 -0.238804

46 -0.370255

47 -0.72174

48 -0.934924

49 -0.968565

50 -0.999979

51 -1.02921

52 -0.884596

53 -1.76841

54 -1.80395

55 -1.89521

56 -1.92372

57 -1.9427

58 -2.06332

59 -2.0026

60 -1.95987

61 -2.20868

62 -2.14317

