5 0.00165226

6 0.00930802

7 -0.00551454

8 -0.0172734

9 0.0792297

10 0.0291066

11 -0.092968

12 -0.148472

13 -0.023219

14 -0.0365932

15 -0.00754738

16 -0.0299105

17 -0.0514691

18 -0.0279565

19 -0.00776243

20 0.114738

21 -0.28476

22 -0.309632

23 -0.350594

24 -0.347247

25 -0.290239

26 -0.385846

27 -0.392337

28 -0.119938

29 -0.213331

30 -0.300827

31 -0.689308

32 -0.706427

33 -0.713304

34 -0.715796

35 -1.22249

36 -1.13198

37 -1.32661

38 -1.31079

39 -1.30763

40 -1.24581

41 -1.35234

42 -1.17435

43 -0.904613

44 -0.751725

45 -0.755061

46 -0.812303

47 -0.819857

48 -0.835863

49 -0.831143

50 -0.859096

51 -0.852995

52 -0.685217

53 -0.595855

54 -0.540872

55 -0.763069

56 -0.648748

57 -0.691227

58 -0.854995

59 -0.672336

60 0.369074

61 0.381424

62 0.550904

63 0.444873

64 0.51892

65 0.548701

66 0.374673

67 0.56761

68 0.493205

69 0.510321

70 0.443895

71 0.372188

