5 -0.00680681

6 -0.323619

7 -0.494072

8 -0.521158

9 -0.732999

10 -1.03959

11 -1.20912

12 -1.31472

13 -1.47275

14 -1.6468

15 -1.87341

16 -2.11347

17 -2.13194

18 -2.15603

19 -2.06506

20 -2.10881

21 -2.02122

22 -2.75924

23 -2.75226

24 -2.77601

25 -2.82517

26 -3.18206

27 -3.4847

28 -3.54867

29 -3.46331

30 -3.3207

31 -3.22388

32 -3.49168

33 -3.55993

34 -3.55779

35 -3.64166

36 -3.86865

37 -3.98509

38 -4.42995

39 -4.58669

40 -4.55111

41 -4.54995

42 -4.76934

43 -5.26617

44 -5.65239

45 -5.56008

46 -5.73606

47 -5.81302

48 -5.85253

49 -5.98244

