5 -0.0285169

6 0.171586

7 0.313

8 0.373567

9 0.378797

10 0.375978

11 0.37216

12 0.376861

13 0.407099

14 0.524637

15 0.565651

16 0.616243

17 0.751607

18 0.736119

19 0.469339

20 0.403238

21 0.585773

22 0.934213

23 0.858571

24 0.602781

25 0.535024

26 0.516093

27 0.408023

28 0.323061

29 0.195707

30 -0.0819626

31 -0.249759

32 -0.282768

33 -0.265385

34 -0.230591

35 -0.348307

36 -0.314768

37 -0.406129

38 -0.418525

39 -0.450071

40 -0.461828

41 -0.371187

42 -0.40003

43 -0.829756

44 -0.684272

45 -0.826127

46 -0.938414

47 -0.937242

48 -0.901465

49 -1.25648

50 -1.52417

51 -1.52484

52 -1.38645

53 -1.46875

54 -1.44941

55 -1.83342

56 -1.80847

57 -2.23676

58 -2.6752

59 -2.55678

60 -2.97823

