5 -0.173859

6 -0.31874

7 -0.491944

8 -0.558854

9 -0.564416

10 -0.559755

11 -0.556793

12 -0.546808

13 -0.75687

14 -0.62428

15 -0.826815

16 -0.808695

17 -0.861361

18 -0.220901

19 -0.00836326

20 0.204083

21 0.318432

22 0.36681

23 0.172061

24 0.324349

25 0.501496

26 0.687854

27 0.661744

28 0.0204527

29 0.36166

30 0.341004

31 0.477377

32 0.641805

33 0.562551

34 -0.155214

35 -0.0234967

36 -0.103592

37 -0.378048

38 -0.41184

39 -0.69372

40 -0.847283

41 -1.09767

42 -1.52718

