5 0.00221893

6 0.0114259

7 -0.021455

8 -0.0587073

9 0.0758944

10 0.0440646

11 -0.0723105

12 -0.104721

13 -0.011369

14 -0.0367684

15 0.0682168

16 0.0547524

17 -0.217719

18 -0.168462

19 -0.138853

20 -0.14578

21 -0.132083

22 0.0766002

23 -0.11251

24 0.207464

25 0.0735033

26 -0.0937248

27 -0.318375

28 -0.372879

29 -0.414145

30 -0.412481

31 -0.397248

32 0.985149

33 0.991392

34 1.07398

35 1.07163

36 0.933125

37 1.05902

38 0.838904

39 0.832273

40 0.745174

41 0.805872

42 0.942497

43 1.00836

44 1.41798

45 1.4162

