5 -0.0246232

6 -0.0704606

7 -0.077039

8 0.224477

9 -0.0342652

10 -0.098969

11 -0.160617

12 -0.191233

13 -0.141302

14 -0.158195

15 -0.126988

16 -0.129292

17 -0.0848953

18 -0.310232

19 -0.515383

20 -0.640524

21 -0.651796

22 -0.523624

23 -0.663495

24 -0.671145

25 -1.07478

26 -1.22564

27 -1.18244

28 -1.16884

29 -1.17499

30 -1.20387

31 -1.12995

32 -0.974729

33 -0.934773

34 -0.444927

35 -0.375488

36 -0.14026

37 -0.21448

38 -0.410815

39 -0.6312

40 -0.867389

41 -1.24912

42 -1.29641

43 -1.55175

44 -1.53735

45 -1.86782

46 -1.95598

47 -1.92424

48 -1.64802

49 -1.74956

50 -1.90972

