5 -0.0118159

6 -0.021753

7 -0.0480948

8 0.227833

9 0.0484678

10 0.173669

11 0.10741

12 0.125259

13 0.0498978

14 0.0092057

15 0.384506

16 0.618573

17 0.800536

18 0.963804

19 0.844284

20 0.454268

21 0.444915

22 0.58582

23 0.616577

24 0.64478

25 0.672173

26 0.622046

27 0.854889

28 0.670723

29 0.821502

30 0.719054

31 0.986635

32 1.2037

33 1.40309

34 1.59997

35 1.46965

36 1.74732

37 1.88806

38 2.33703

39 2.91793

40 2.61294

41 2.28674

42 2.29541

43 2.52248

44 2.75162

45 2.89969

46 3.17033

47 3.19163

48 2.9246

49 3.00842

50 3.023

51 3.08826

52 3.28177

53 2.99527

54 3.31256

55 3.39532

56 3.63507

57 3.69104

58 3.72689

59 3.69908

60 3.49977

61 3.76767

62 3.96893

63 4.23358

64 4.51882

65 4.59267

66 4.6991

67 4.53173

68 4.45246

69 3.97156

70 4.01399

71 4.77704

72 5.32793

73 4.80999

