5 0.0084501

6 0.00298994

7 0.00337618

8 -0.0164402

9 -0.0578803

10 -0.1259

11 -0.431449

12 -0.168362

13 -0.0399572

14 -0.0601859

15 -0.118339

16 -0.119331

17 -0.0958338

18 -0.0457292

19 -0.015878

20 4.38448e-06

21 0.00292655

22 0.00182999

23 0.0231505

24 -0.590787

25 -0.478625

26 -0.689488

27 -0.832766

28 -0.69187

29 -0.682493

30 -0.94909

31 -1.07051

32 -1.10387

33 -1.11283

34 -1.12136

35 -1.13653

36 -1.20998

37 -1.19282

38 -1.05231

39 -1.1597

40 -1.12561

41 -1.09383

42 -0.900981

43 -0.467405

44 -0.335279

45 -0.322026

46 -0.257424

47 -0.244388

