5 -0.0264839

6 -0.105908

7 -0.121941

8 -0.360754

9 -0.44227

10 -0.544763

11 -0.537158

12 -0.609476

13 -0.612882

14 -0.970962

15 -0.980386

16 -0.967778

17 -0.903902

18 -0.96842

19 -0.953984

20 -1.17685

21 -1.07498

22 -1.13218

23 -1.24009

24 -1.3619

25 -1.40289

26 -1.36489

27 -1.5382

28 -1.65607

29 -2.28378

30 -2.48184

31 -2.38652

32 -2.92958

33 -2.92741

34 -1.63002

35 -1.41959

36 -1.1678

37 -1.55944

38 -3.24801

39 -3.28015

40 -3.71863

41 -3.75455

42 -3.78127

43 -3.74383

44 -3.88182

45 -3.70898

46 -2.68071

47 -2.63426

48 -3.09795

49 -3.25878

50 -3.30747

51 -3.19919

52 -3.11889

53 -2.93074

54 -3.01367

55 -3.45748

56 -3.47568

