5 0.0202251

6 -0.156102

7 -0.474186

8 -0.560144

9 -0.526444

10 -0.706439

11 -0.752883

12 -0.760924

13 -0.826631

14 -0.943831

15 -0.995823

16 -1.05834

17 -1.01453

18 -0.975022

19 -1.03695

20 -1.19062

21 -1.05681

22 -1.10842

23 -1.03001

24 -0.0771811

25 -0.13074

26 -0.225662

27 -0.216012

28 -0.223621

29 -0.110611

30 0.256006

31 0.279573

32 0.398627

33 0.399317

34 0.39863

35 0.570629

36 0.874617

37 0.836585

38 0.998315

39 -0.237175

40 0.181069

41 0.174652

42 0.213558

43 0.124958

44 0.29407

45 0.244457

46 0.858628

47 0.879588

