5 -0.0167151

6 -0.013696

7 -0.0175767

8 0.0143199

9 -0.376572

10 -0.392248

11 -0.450726

12 -0.464861

13 -0.432031

14 -0.889277

15 -0.863328

16 -0.938628

17 -1.29729

18 -1.29036

19 -1.17785

20 -1.06608

21 -1.03077

22 -0.95663

23 -0.948442

24 -0.942201

25 -0.907676

26 -0.192195

27 -0.0831517

28 -0.173416

29 -0.189688

30 -0.226256

31 0.441084

32 0.754315

33 0.926468

34 1.02946

35 1.06162

36 1.57712

37 1.6956

38 1.7931

39 1.61806

40 1.52897

41 1.62134

42 1.72627

43 0.997009

44 0.794171

45 0.895716

46 0.810969

