5 -0.0185474

6 0.0504313

7 0.135155

8 0.427361

9 0.424173

10 0.598343

11 0.707507

12 0.705211

13 0.951184

14 1.16432

15 1.24066

16 0.951297

17 0.900755

18 1.51589

19 1.72332

20 1.74185

21 1.65449

22 1.74404

23 2.20545

24 2.31849

25 2.20353

26 2.42867

27 2.23231

28 2.24479

29 2.13255

30 2.3129

31 2.18863

32 2.71405

33 3.24403

34 3.40419

35 3.34543

36 3.20357

37 3.10108

38 3.07887

39 3.04588

40 3.11172

41 3.02814

42 3.02722

43 3.14791

44 3.08261

45 3.00007

46 3.10217

47 3.05272

48 3.13531

49 3.24984

50 3.18067

51 3.41931

52 3.24985

53 3.40603

54 3.39434

