5 -0.0176806

6 -0.0369929

7 -0.0882879

8 -0.10622

9 -0.115652

10 -0.120188

11 -0.145227

12 -0.249715

13 -0.965802

14 -0.789007

15 -0.667587

16 -0.728603

17 -0.731564

18 -0.805151

19 -0.826268

20 -0.774931

21 -0.795469

22 -0.765588

23 -0.814304

24 -0.790339

25 -0.821682

26 -0.638358

27 -0.509177

28 -0.557806

29 -0.500082

30 -0.333182

31 -0.309954

32 -0.764768

33 -0.848808

34 -1.03713

35 -0.853545

36 -0.599959

37 -0.419363

38 -0.126994

39 0.227861

40 -0.129141

41 -1.57445

42 -1.70866

43 -1.54862

44 -1.52824

45 -1.42432

46 -1.72326

47 -1.59859

48 -1.87984

