5 0.0980034

6 -0.208743

7 -0.205423

8 -0.120817

9 -0.129068

10 0.405501

11 0.614635

12 0.622768

13 0.677543

14 0.698833

15 0.720618

16 0.726939

17 0.652194

18 0.681433

19 1.12912

20 1.10546

21 0.808867

22 1.41313

23 1.82814

24 2.09154

25 2.22473

26 2.26778

27 2.37344

28 2.40674

29 2.58059

30 2.75017

31 2.99715

32 2.92148

33 2.82822

34 2.80028

35 2.66646

36 2.64177

37 3.24186

38 3.27431

39 3.24123

40 3.21541

41 3.24386

42 3.24351

43 2.90186

44 2.91973

45 3.09939

46 3.09038

47 3.17772

48 3.16994

49 3.16814

50 3.29859

51 3.28718

