5 -0.0758568

6 1.06034

7 1.15875

8 1.17869

9 1.0393

10 1.00051

11 1.01028

12 0.997394

13 0.823321

14 0.858971

15 0.940238

16 0.937575

17 0.986283

18 0.901894

19 0.929606

20 0.276796

21 0.349015

22 0.766738

23 0.862673

24 0.854598

25 0.741819

26 0.725324

27 0.763511

28 0.637546

29 0.480203

30 0.474692

31 0.859633

32 0.896064

33 0.876384

34 0.806644

35 0.814996

36 0.937719

37 1.26959

38 1.30989

39 1.36282

40 1.40579

41 1.36206

42 1.47332

43 1.6977

44 1.67452

45 1.27834

46 1.21657

47 1.30639

48 1.16669

49 1.27195

50 1.32036

51 1.98961

52 1.92316

53 1.89303

54 1.90973

55 1.83858

56 1.24141

57 0.138833

58 0.0902295

59 0.073355

60 0.182458

61 0.324085

62 0.305016

63 0.369226

64 0.368802

65 0.32468

66 0.23785

67 0.461648

68 0.511016

69 0.522469

70 0.477749

71 0.125199

72 0.122031

