5 -0.010758

6 -0.0418892

7 -0.0712312

8 -0.131516

9 -0.0877206

10 0.0726585

11 0.0467372

12 0.0349459

13 0.0672132

14 0.0918403

15 0.219351

16 -0.0631314

17 -0.253108

18 -0.284431

19 -0.198894

20 -0.206078

21 -0.215086

22 -0.149112

23 0.0241021

24 0.197834

25 0.307056

26 0.105755

27 -0.0999865

28 -0.265281

29 -0.284573

30 -0.248279

31 -0.293685

32 -0.314224

33 -0.706226

34 -0.619357

35 -0.662382

36 -0.809031

37 -0.148308

38 -0.116317

39 -0.118064

40 -0.143094

41 -0.165364

42 -0.260411

43 -0.270162

44 -0.292729

45 -0.246441

46 -0.139488

47 -0.0703316

48 -0.178929

49 -0.286604

50 -0.519916

51 -0.188292

52 -0.212292

53 0.126559

54 -0.0695686

55 -0.199466

56 0.330219

57 0.0253892

58 -0.295886

59 -0.574399

60 -0.639068

61 -0.845478

62 -0.505053

