5 0.0929231

6 0.0916827

7 -0.106529

8 -0.240026

9 -0.424492

10 -0.408344

11 -0.517958

12 -0.501111

13 -0.486069

14 -0.456667

15 -0.400311

16 -0.281352

17 -0.129145

18 -0.105299

19 0.0796337

20 0.0658382

21 0.112964

22 0.119194

23 0.297477

24 0.322222

25 -0.133182

26 0.237573

27 0.354633

28 0.358313

29 0.233469

30 -0.128929

31 -0.178672

32 -0.128284

33 -0.224906

34 -0.567244

35 -0.237095

36 -1.08111

37 -1.14977

38 -1.16052

39 -1.29889

40 -1.31564

41 -1.57816

42 -1.65446

43 -1.29197

44 -1.28557

45 -1.16737

