5 -0.0464075

6 -0.563268

7 -0.514722

8 -0.282317

9 -0.26441

10 0.00253262

11 0.0312309

12 -0.0508271

13 0.085747

14 0.0874256

15 0.176798

16 0.215295

17 0.228532

18 0.177091

19 0.226542

20 0.262343

21 0.288161

22 0.934752

23 0.993714

24 1.02256

25 1.00758

26 1.04993

27 0.924185

28 1.04665

29 1.12771

30 1.08149

31 1.99138

32 2.15

33 2.20635

34 2.24815

35 2.2568

36 2.86928

37 2.99965

38 3.04067

39 3.05617

40 3.02344

41 3.82053

42 4.00614

43 4.07156

44 3.83646

45 4.04674

