5 0.000407618

6 0.000422127

7 -0.0116099

8 -0.183434

9 -0.151591

10 -0.0410926

11 0.158938

12 0.6765

13 0.729016

14 0.559193

15 0.447478

16 0.668472

17 1.04795

18 1.24139

19 1.4264

20 1.61443

21 1.52664

22 1.46169

23 1.47904

24 1.47709

25 1.46458

26 1.62551

27 1.80645

28 1.728

29 1.76556

30 1.7608

31 1.94988

32 2.03343

33 2.12178

34 2.31595

35 2.35072

36 2.14591

37 1.46228

38 0.701848

39 0.705801

40 1.88587

41 1.98844

42 1.87212

43 2.05814

44 1.85592

45 1.81776

46 1.65281

47 1.66333

48 1.52715

49 1.38969

50 1.28785

51 1.14078

52 1.09081

53 1.31836

54 1.70589

55 2.05762

56 2.09092

