5 -0.0976043

6 -0.207249

7 -0.314091

8 -0.346093

9 -0.34568

10 -0.350416

11 -0.278327

12 -0.687739

13 -0.903075

14 -0.803767

15 -1.08074

16 -1.03324

17 -1.05578

18 -0.992251

19 -0.998631

20 -1.00551

21 -0.985151

22 -0.977753

23 -1.11311

24 -1.20773

25 -1.17453

26 -1.11699

27 -1.51685

28 -1.77705

29 -1.92733

30 -1.85611

31 -1.8901

32 -2.01995

33 -2.03839

34 -2.10725

35 -2.18982

36 -2.18547

37 -2.15901

38 -2.37732

39 -2.39535

40 -2.51095

41 -3.13103

42 -2.95614

43 -3.27332

44 -2.99873

45 -3.12295

46 -3.69595

47 -3.2993

48 -2.97435

49 -2.98736

50 -2.93682

51 -3.02451

52 -3.03661

53 -3.02856

54 -2.9958

55 -2.98316

56 -3.17424

57 -2.91876

58 -2.77316

59 -2.74778

60 -2.7361

61 -2.74921

62 -2.92377

63 -2.95025

64 -2.95377

65 -2.94336

66 -2.94219

67 -3.09644

68 -3.04253

69 -3.15537

70 -3.45473

71 -3.54771

72 -3.8673

73 -3.80553

74 -3.8469

75 -3.88086

76 -3.89517

77 -4.27219

78 -4.35421

79 -3.84844

80 -3.80671

81 -4.47335

82 -4.83155

83 -4.90724

