5 -0.142841

6 -0.155789

7 -0.218569

8 -0.215609

9 -0.336156

10 -0.306585

11 -0.349465

12 -0.272862

13 -0.241302

14 -0.237986

15 -0.392204

16 -0.405566

17 -0.40259

18 -0.31531

19 -0.344176

20 -0.485072

21 -0.623701

22 -0.698126

23 -0.796589

24 -0.839156

25 -0.856263

26 -0.864058

27 -0.886587

28 -0.891666

29 -0.963167

30 -1.13324

31 -1.20075

32 -1.21948

33 -1.23705

34 -1.21179

35 -1.24764

36 -1.16898

37 -1.23228

38 -1.39543

39 -1.48384

40 -1.57461

41 -1.59479

42 -1.57057

43 -1.775

