5 0.087512

6 0.0829641

7 0.077904

8 0.0840342

9 0.086922

10 0.0815343

11 0.0869102

12 0.147355

13 -0.460295

14 -0.86834

15 -1.09212

16 -1.12178

17 -1.12359

18 -1.11232

19 -1.30632

20 -1.28303

21 -1.30273

22 -1.31949

23 -1.19834

24 -1.20128

25 -1.29797

26 -1.31877

27 -1.36365

28 -1.48733

29 -1.69333

30 -1.71701

31 -1.83392

32 -1.92155

33 -2.0575

34 -1.97758

35 -1.98637

36 -1.97342

37 -2.362

38 -2.46197

39 -1.88565

40 -1.91023

41 -2.54326

42 -2.7849

43 -2.87784

44 -2.87619

45 -2.87369

46 -2.77401

47 -2.71831

48 -2.75107

49 -2.86684

50 -2.73722

51 -2.86913

52 -3.02349

53 -3.08588

54 -3.11084

55 -3.21817

56 -3.33768

57 -3.3513

58 -3.32414

59 -3.51849

60 -3.35211

