5 0.0952413

6 0.102424

7 0.00896982

8 0.0542607

9 0.00400787

10 -0.173447

11 -0.350074

12 -0.540927

13 -0.497651

14 -0.489346

15 -0.555559

16 -0.627284

17 -0.603557

18 -0.632321

19 -0.723263

20 -0.724362

21 -0.729009

22 -0.737918

23 -0.740055

24 -0.750139

25 -0.857987

26 -0.717144

27 -0.768016

28 -0.88112

29 -0.986977

30 -0.910516

31 -0.907841

32 -0.885303

33 -0.98876

34 -1.19886

35 -1.44768

36 -1.59

37 -1.62869

38 -1.36056

39 -1.21821

40 -1.15455

41 -1.10838

42 -1.07863

43 -1.20068

44 -1.38905

45 -1.57015

46 -1.72451

47 -1.83577

48 -1.7879

49 -1.77402

50 -1.71095

51 -1.61728

52 -1.49766

