5 0.0555551

6 0.101039

7 -0.558017

8 -0.604863

9 -0.716449

10 -1.24658

11 -1.13563

12 -1.04341

13 -1.0564

14 -1.04042

15 -1.70445

16 -1.76988

17 -2.06235

18 -2.06129

19 -2.10207

20 -2.11045

21 -2.15124

22 -2.19066

23 -2.18742

24 -2.32576

25 -2.47342

26 -2.57556

27 -2.34571

28 -2.4718

29 -2.84089

30 -2.80936

31 -2.83111

32 -2.83708

33 -2.9962

34 -3.26185

35 -3.38051

36 -3.52736

37 -3.63174

38 -3.61022

39 -3.64871

40 -3.8557

41 -3.83429

42 -3.86398

43 -3.89564

