5 -6.33139e-05

6 -0.00311209

7 -0.0239672

8 -0.272542

9 -0.191884

10 -0.329047

11 -0.513535

12 -0.628812

13 -0.785498

14 -0.844475

15 -0.746494

16 -0.870944

17 -0.900531

18 -0.973596

19 -1.03773

20 -0.913131

21 -0.946245

22 -0.906677

23 -0.908063

24 -0.934084

25 -1.14991

26 -1.55606

27 -1.66443

28 -1.58003

29 -1.7726

30 -1.82638

31 -1.9647

32 -2.09064

33 -2.13061

34 -2.09805

35 -2.35656

36 -2.35833

37 -2.12658

38 -2.08638

39 -2.03592

40 -1.93231

41 -2.32971

42 -2.54993

43 -2.4338

44 -2.63525

45 -2.70485

46 -2.75561

47 -2.5204

48 -2.00443

49 -1.92203

50 -1.90555

51 -1.82353

52 -1.75066

53 -1.74664

54 -1.74115

55 -1.83101

56 -1.78651

57 -1.81516

58 -1.64021

59 -1.64374

60 -2.03446

61 -2.12736

62 -2.11438

63 -2.11793

64 -2.20463

65 -2.23789

66 -2.2279

