5 0.00354677

6 0.0154789

7 0.0137133

8 0.0109694

9 0.0100304

10 -0.0103247

11 -0.160648

12 -0.246339

13 -0.35322

14 -0.583333

15 -0.754329

16 -0.857161

17 -0.853694

18 -0.877708

19 -1.05817

20 -1.07856

21 -1.02721

22 -0.921439

23 -0.606201

24 -0.482242

25 -0.57694

26 -0.44003

27 -0.383966

28 -0.437114

29 -0.986776

30 -0.920647

31 -0.833604

32 -1.05548

33 -1.01871

34 -1.00996

35 -1.10034

36 -1.54354

37 -1.79083

38 -1.81944

39 -1.87031

40 -2.06965

41 -2.26468

42 -1.91982

43 -1.86419

44 -1.93206

45 -1.89632

46 -1.82142

47 -1.60526

48 -1.56405

49 -1.60235

50 -1.66749

51 -1.6785

52 -1.72049

53 -1.87157

54 -1.75105

55 -1.91482

56 -1.88522

57 -2.00229

58 -1.87375

59 -1.77378

60 -1.6257

61 -1.50558

62 -1.60893

