5 -0.00969248

6 -0.0148002

7 -0.230179

8 -0.183067

9 0.0186286

10 0.0196886

11 0.105328

12 0.15178

13 0.134444

14 -0.163906

15 -0.250539

16 -0.32731

17 -0.297252

18 -0.295069

19 -0.342809

20 -0.448094

21 -0.142611

22 -0.279868

23 -0.410487

24 -0.762336

25 -0.771212

26 -0.786545

27 -0.799423

28 -0.835674

29 -1.15521

30 -1.32017

31 -1.57431

32 -1.62166

33 -1.5922

34 -1.42072

35 -1.20516

36 -1.09423

37 -1.10486

38 -1.16562

39 -1.18451

40 -1.17896

41 -1.21477

42 -1.22522

43 -1.05588

44 -0.970142

45 -0.921925

46 -1.05407

47 -0.938438

48 -1.07258

49 -0.92695

50 -0.972709

51 -1.14377

52 -0.978139

53 -1.93904

54 -1.95892

55 -1.927

56 -2.06118

57 -2.14603

58 -2.41839

59 -2.43447

60 -2.28077

61 -2.29408

62 -2.31926

63 -2.48134

64 -2.09845

