5 0.0225913

6 0.0267823

7 0.0477459

8 0.116468

9 0.083614

10 -0.21223

11 -0.614899

12 -0.654602

13 -0.531242

14 -0.62179

15 -0.50267

16 -0.407818

17 -0.367884

18 -0.349198

19 -0.383305

20 -0.481081

21 -0.391772

22 -0.553725

23 -0.55759

24 -0.583256

25 -0.542269

26 -0.487101

27 -0.0872479

28 -0.232942

29 -0.80464

30 -0.817102

31 -0.850123

32 -0.821801

33 -0.716073

34 -0.719585

35 -0.22104

36 -0.320453

37 -0.223248

38 -0.0144749

39 -0.0646656

40 -0.0292896

41 0.0720446

42 0.175358

43 0.191345

44 0.262693

45 0.367418

46 0.74487

47 1.10257

48 1.40247

49 1.49992

50 1.58123

51 -0.188115

52 -0.148562

53 -0.242666

54 -0.458685

55 -0.464024

