5 -0.333699

6 -0.503924

7 -0.424162

8 -0.365307

9 -0.277663

10 -0.245857

11 -0.225118

12 -0.144714

13 -0.268024

14 -0.272113

15 0.0368271

16 -0.284771

17 -0.602227

18 -0.616385

19 -0.640454

20 -0.690583

21 -0.696341

22 -0.740667

23 -0.51871

24 -0.48065

25 -0.138921

26 -0.167546

27 -0.610572

28 -0.705573

29 -0.700908

30 -0.579024

31 -0.590667

32 -0.473164

33 -0.331943

34 -0.307394

35 -0.373376

36 -0.166989

37 -0.292078

38 -0.652546

39 -0.666079

40 -0.586492

41 -0.737644

