5 -0.0155766

6 -0.0860826

7 -0.00977201

8 0.0100746

9 0.285378

10 0.738148

11 0.92696

12 0.847256

13 0.762887

14 0.737641

15 1.67244

16 2.00922

17 1.97154

18 1.98647

19 1.58545

20 1.57654

21 1.39812

22 1.32734

23 1.29642

24 1.13811

25 1.25005

26 1.28213

27 1.28161

28 1.36576

29 1.32794

30 1.37425

31 1.28418

32 1.20425

33 1.1985

34 1.18041

35 1.11031

36 1.84317

37 1.8387

38 2.02505

39 2.06078

40 2.06976

41 2.13374

42 2.67437

43 2.98618

44 2.59122

45 2.62511

46 1.59709

47 1.58659

48 1.57144

49 1.40735

50 1.29584

51 1.21446

52 1.31912

53 1.3373

54 1.43773

