5 -0.0197392

6 -0.0110554

7 -0.0208624

8 -0.0547123

9 -0.0543993

10 -0.00270421

11 -0.0191298

12 -0.453074

13 -0.417646

14 0.241235

15 0.252967

16 0.43186

17 0.37605

18 0.48289

19 0.399777

20 0.442295

21 0.762179

22 0.775564

23 0.863889

24 0.906289

25 1.04095

26 0.926538

27 -0.0656605

28 -0.0649612

29 0.0434443

30 0.195796

31 0.0473444

32 0.358296

33 1.9301

34 2.04191

35 2.04831

36 2.09382

37 2.04599

38 1.45788

39 1.65098

40 1.52261

41 1.53695

42 1.41224

43 1.46562

44 1.40531

45 1.45126

46 1.00252

47 0.733946

