5 -0.0295538

6 0.0223192

7 0.028552

8 0.103747

9 0.0574218

10 -0.146924

11 -0.178847

12 -0.346154

13 -0.429905

14 -0.445476

15 -0.457499

16 -0.531691

17 -0.432738

18 -0.457462

19 -0.402835

20 -0.574332

21 -0.425872

22 -0.173984

23 -0.117831

24 -0.371206

25 -0.333157

26 -0.0774628

27 -0.113917

28 0.0370212

29 0.00694747

30 0.0107211

31 0.556002

32 0.554232

33 0.678181

34 0.691515

35 0.516554

36 0.515143

37 0.480236

38 0.492855

39 0.478023

40 0.496258

41 0.826495

42 0.808387

43 0.787979

44 0.814304

