5 -0.107768

6 -0.0041853

7 -0.186979

8 -0.143536

9 -0.266123

10 -0.346501

11 -0.326157

12 -0.437838

13 -0.421247

14 -0.258821

15 -0.0184841

16 -0.10493

17 -0.427199

18 -0.595146

19 -0.641142

20 -0.653086

21 -0.594277

22 -0.717962

23 -0.844479

24 -0.749811

25 -0.537459

26 -0.40771

27 -0.302908

28 -0.275207

29 -0.415817

30 -0.477824

31 -0.623439

32 -0.96051

33 -1.19495

34 -1.31857

35 -1.17267

36 -1.03516

37 -0.968318

38 -0.729874

39 -0.66839

40 -0.508063

41 -0.372993

42 -0.30311

43 -0.373218

44 -0.718858

45 -1.0952

46 -1.27404

47 -1.85625

48 -2.10622

49 -2.22869

50 -2.2432

51 -2.27739

52 -2.14908

53 -2.41542

