5 -0.0569202

6 -0.143572

7 -0.082061

8 -0.180154

9 -0.233802

10 0.635562

11 0.496736

12 0.734717

13 0.726864

14 0.807722

15 0.900616

16 0.89383

17 0.867929

18 1.54335

19 1.44188

20 1.70491

21 1.70084

22 1.78378

23 1.9166

24 1.95885

25 1.90687

26 2.63924

27 2.5608

28 2.80536

29 2.81264

30 2.96048

31 3.01111

32 3.11628

33 3.22544

34 3.25627

35 3.21896

36 3.40897

37 3.39092

38 3.59301

39 3.5891

40 3.65949

41 3.69481

42 3.61233

43 3.51003

44 4.26236

45 4.19015

46 4.42051

47 4.42644

48 4.52906

49 4.64314

50 4.66433

