5 0.0119924

6 0.011753

7 -0.0904585

8 -0.362398

9 -0.0265523

10 -0.0424838

11 -0.272454

12 -0.25483

13 0.102591

14 0.516424

15 0.625943

16 0.562614

17 0.364207

18 0.310202

19 0.553369

20 1.18542

21 1.26705

22 1.25383

23 1.03005

24 0.909081

25 1.46596

26 2.13906

27 2.2371

28 2.28124

29 2.25635

30 2.02741

31 2.15514

32 2.17963

33 1.85217

34 3.03068

35 3.03422

36 3.01723

37 2.14583

38 2.19712

39 2.15715

40 1.94818

41 1.93448

42 1.2899

43 1.25697

44 1.73365

45 2.54461

46 2.61222

47 2.66714

48 2.23194

49 1.78354

50 1.72

51 2.0094

52 2.89527

53 3.22936

54 2.79215

55 2.61979

56 3.11573

57 4.42548

58 4.44868

59 4.50519

60 4.49016

61 4.21137

62 4.1406

63 4.42929

64 4.53232

65 5.19571

