5 0.0417053

6 0.487746

7 0.485264

8 0.458769

9 0.486461

10 0.493994

11 0.74737

12 0.75638

13 0.876701

14 0.963015

15 1.22705

16 1.25684

17 1.35567

18 1.37632

19 1.32823

20 1.47812

21 1.69528

22 1.80164

23 1.82939

24 2.10724

25 2.12936

26 2.23049

27 2.26445

28 2.20718

29 2.53883

30 2.64057

31 2.82444

32 2.78727

33 2.96078

34 2.90673

35 3.14226

36 3.26107

37 3.34363

38 3.32275

39 3.45648

40 3.49624

41 3.71586

42 3.87247

43 4.00441

44 4.01552

45 3.99449

46 4.09256

47 4.2473

48 4.27724

49 4.39614

50 4.56053

51 4.78511

52 4.94985

53 5.0358

54 5.01645

55 5.14274

56 5.36438

57 5.46856

58 5.49332

59 5.69672

60 5.87632

61 6.00667

62 6.08764

63 6.04347

64 6.35726

65 6.57312

66 6.56345

67 6.73732

68 7.08679

69 7.05028

70 7.29038

71 7.29272

72 7.24111

73 7.52029

74 7.73796

75 7.73119

76 7.95684

77 8.29147

78 8.32628

79 8.42426

80 8.48533

81 8.4738

82 8.49543

83 8.95642

84 8.91873

85 9.14491

86 9.14517

87 9.27465

