5 -0.0148253

6 0.00665316

7 0.00990509

8 -0.0800006

9 -0.215205

10 -0.339394

11 -0.179439

12 -0.196461

13 -0.148424

14 -0.11433

15 -0.12383

16 -0.380324

17 -0.589156

18 -0.651574

19 -0.735721

20 -0.525682

21 -0.40561

22 -0.340191

23 -0.384167

24 -0.259363

25 -0.388601

26 -0.549332

27 -0.716587

28 -0.76547

29 -0.864854

30 -0.890209

31 -0.933152

32 -1.39603

33 -1.4417

34 -1.44102

35 -1.28356

36 -1.49775

37 -1.86216

38 -2.01407

39 -1.91272

40 -1.85936

41 -1.79576

42 -1.8979

43 -1.81386

44 -1.53753

45 -1.39059

46 -1.4003

47 -1.45953

48 -1.46647

49 -1.46122

50 -1.47708

51 -1.33111

52 -1.58005

53 -1.72764

54 -1.64306

55 -1.29206

56 -1.28154

57 -1.24575

58 -1.21973

59 -1.34252

60 -1.27864

61 -1.42338

62 -1.43443

63 -1.49098

64 -1.56105

65 -1.47778

66 -1.78669

67 -1.82915

68 -2.12216

69 -2.28957

70 -2.27093

71 -2.32024

72 -2.32663

73 -2.34778

74 -2.2369

75 -2.19001

76 -2.27127

77 -2.38567

78 -2.47476

79 -2.33152

80 -2.35638

81 -2.29264

82 -2.34762

