5 0.132323

6 0.100504

7 0.0581948

8 0.0501884

9 0.0526289

10 -0.433752

11 -0.624458

12 -0.606206

13 -0.583861

14 -0.0113973

15 -0.00275731

16 0.0747827

17 -0.821836

18 -1.15185

19 -1.11412

20 -0.998935

21 -0.982165

22 -1.08821

23 -1.27884

24 -1.24957

25 -1.21802

26 -1.2037

27 -0.877391

28 -0.73465

29 -0.625405

30 -0.684609

31 -0.718771

32 -0.857936

33 -0.962714

34 -0.97226

35 -1.01358

36 -1.05648

37 -1.23123

38 -1.26139

39 -1.12507

40 0.10329

41 0.160544

42 0.223266

43 0.243603

44 0.251914

45 0.29083

46 0.18648

47 -0.0265817

48 -0.114421

49 -0.115109

50 -0.0420819

51 -0.00868894

52 -0.216439

53 -0.244566

54 -0.125172

55 -0.0737439

56 -0.724132

57 -0.610755

58 -0.570909

59 -0.290449

60 -0.171179

61 0.0407459

