5 0.00305566

6 0.0109934

7 0.000871806

8 0.0071776

9 0.105832

10 0.069706

11 -0.0433823

12 0.00347473

13 0.0698373

14 0.0565749

15 0.0858967

16 0.0791932

17 0.07163

18 -0.145304

19 -0.176834

20 -0.230084

21 -0.232049

22 -0.181632

23 -0.288793

24 -0.279018

25 0.00160692

26 -0.0981806

27 -0.183755

28 -0.563402

29 -0.600944

30 -0.596837

31 -0.60485

32 -0.630682

33 -0.71077

34 -0.935824

35 -1.05451

36 -1.10079

37 -1.00312

38 -0.965829

39 -0.699206

40 -0.579365

41 -0.589818

42 -0.64685

43 -0.658826

44 -0.679362

45 -0.66635

46 -0.672617

47 -0.663619

48 -0.634453

49 -0.641273

50 -0.885307

51 -0.66907

52 -0.568151

53 -0.523065

54 -0.667559

55 -0.602778

56 -0.730384

57 -0.573132

58 -0.59723

59 -0.679362

60 -0.447888

61 0.25131

62 0.365133

63 0.373942

64 0.308755

65 0.225919

66 0.22034

67 0.41841

68 0.332731

69 0.357549

70 0.303743

71 0.182167

