5 4.5425e-05

6 0.0124194

7 -0.0273483

8 -0.0563848

9 0.0769905

10 0.0311803

11 -0.0825901

12 -0.251434

13 -0.133839

14 -0.108444

15 -0.144651

16 -0.11382

17 -0.111452

18 -0.127117

19 -0.101127

20 -0.0819402

21 0.0615755

22 -0.184307

23 -0.135654

24 -0.161024

25 -0.276402

26 -0.472142

27 -0.559861

28 -0.5038

29 -0.448667

30 -0.532321

31 -0.524835

32 -0.264085

33 -0.384007

34 -0.515218

35 -0.749776

36 -0.819877

37 -0.846021

38 -0.846473

39 -0.824553

40 -1.25033

41 -1.26707

42 -1.28526

43 -1.39014

44 -1.36368

45 -1.3398

