5 -0.0148849

6 -0.0489196

7 0.109699

8 -0.104434

9 -0.208026

10 -0.199418

11 -0.583148

12 -0.609607

13 -0.504435

14 -0.390034

15 -0.415611

16 -0.494413

17 -0.659526

18 -0.4169

19 -0.209013

20 -0.246611

21 -0.371336

22 -0.393058

23 -0.283072

24 -0.318438

25 -0.600259

26 -0.662032

27 -0.676364

28 -0.887549

29 -0.928499

30 -0.810672

31 -1.13739

32 -1.30595

33 -1.42713

34 -1.40624

35 -1.40869

36 -1.40585

37 -1.38076

38 -1.37587

39 -1.73662

40 -1.71985

41 -1.87025

42 -2.11116

43 -2.2335

44 -2.22863

45 -2.64893

46 -2.69135

47 -2.64682

48 -2.63569

49 -2.68829

50 -2.87972

51 -2.83895

52 -2.01466

53 -1.65916

54 -1.36186

55 -1.36069

56 -0.686225

57 -0.7269

58 -0.807058

59 -1.63825

60 -1.99174

61 -1.71332

62 -1.35084

63 -1.44727

64 -1.52794

65 -2.4947

66 -2.65322

67 -2.8421

68 -2.85699

