5 0.0197517

6 0.0272385

7 0.0361787

8 0.0424243

9 0.0890101

10 -0.481292

11 -0.618321

12 -0.940996

13 -1.04179

14 -0.865891

15 -0.881681

16 -0.906015

17 -0.810825

18 -0.80443

19 -0.839911

20 -0.828581

21 -0.788578

22 -0.702469

23 -0.799566

24 -0.800236

25 -0.686877

26 -0.8761

27 -0.877663

28 -0.892324

29 -1.05069

30 -1.14198

31 -1.26301

32 -1.34628

33 -1.36018

34 -1.29907

35 -1.44233

36 -1.57223

37 -1.6147

38 -1.67628

39 -1.71625

40 -1.69437

41 -1.76767

42 -1.85677

43 -1.94603

44 -1.94827

45 -1.94592

46 -1.9385

47 -1.89362

48 -1.90993

49 -1.99964

50 -2.11108

51 -2.30486

52 -2.33584

53 -2.31671

