5 0.0176898

6 0.0708701

7 0.15926

8 0.19238

9 0.109414

10 -0.286989

11 -0.413599

12 -0.422095

13 -0.38941

14 -0.388777

15 -0.293377

16 -0.359585

17 -0.342289

18 -0.264307

19 -0.239607

20 -0.246821

21 -0.478994

22 -0.450713

23 -0.194572

24 -0.182318

25 0.0551183

26 0.0823577

27 0.0576288

28 0.14525

29 -1.17935

30 -1.24329

31 -1.26941

32 -1.12047

33 -0.811831

34 -0.615664

35 -0.349484

36 -0.503087

37 -0.740486

38 -0.782621

39 -0.916883

40 -0.984021

41 -1.50162

42 -2.37658

43 -2.39546

