5 0.120745

6 0.117282

7 0.125522

8 0.0570493

9 -0.00837131

10 -0.157079

11 -0.44577

12 -0.70518

13 -0.615605

14 -0.555763

15 -0.455669

16 -0.633788

17 -0.553196

18 -0.863085

19 -0.680242

20 -0.715295

21 -0.840686

22 -0.873228

23 -1.00692

24 -1.08367

25 -1.12188

26 -1.12615

27 -1.13885

28 -1.15575

29 -1.29014

30 -1.48142

31 -1.55932

32 -2.03486

33 -2.18266

34 -2.1694

35 -2.07866

36 -1.9302

37 -1.9155

38 -1.8149

39 -1.92923

40 -1.99996

41 -2.21553

42 -2.13101

43 -3.05504

44 -2.85689

45 -3.12127

46 -3.36553

47 -3.26035

48 -3.23585

49 -3.1073

50 -2.98174

51 -3.01479

52 -3.04968

53 -3.13348

54 -3.17841

55 -3.02324

56 -2.91121

57 -2.85404

58 -2.91407

