5 -0.107631

6 -0.182582

7 -0.119305

8 -0.0472791

9 0.0285089

10 0.211785

11 0.0611553

12 -0.470714

13 0.0377258

14 0.0335228

15 0.209498

16 0.363329

17 0.368563

18 0.513346

19 0.739488

20 0.740743

21 0.905381

22 1.09531

23 1.25754

24 1.3449

25 1.4863

26 1.47193

27 1.74141

28 1.87612

29 1.98196

30 2.22333

31 2.28269

32 2.36753

33 2.47089

34 2.44808

35 2.5356

36 2.82109

37 3.01751

38 3.01814

39 3.35755

40 3.39923

41 3.48143

42 3.48373

43 3.30991

44 3.38703

45 3.39878

46 3.37093

47 3.48437

48 3.73498

49 3.81146

50 3.85773

51 3.92969

52 4.15476

