5 -0.015227

6 -0.0567431

7 -0.0331695

8 0.00847278

9 -0.104905

10 -0.13742

11 -0.127718

12 -0.13549

13 -0.170611

14 -0.194017

15 -0.181086

16 -0.159562

17 -0.179102

18 -0.356487

19 -0.469367

20 -0.64331

21 -0.832776

22 -0.532085

23 -0.702459

24 -0.852726

25 -1.006

26 -1.02841

27 -1.05057

28 -1.10089

29 -1.11454

30 -1.27422

31 -1.29034

32 -1.41831

33 -1.53809

34 -1.54186

35 -1.64901

36 -1.38522

37 -1.30415

38 -1.34512

39 -1.27205

40 -1.0084

41 -0.924151

42 -0.891663

43 -0.859027

44 -0.940126

45 -0.963431

46 -0.95767

47 -0.827402

48 -0.765586

49 -0.906729

50 -0.925524

51 -0.830452

52 -0.800589

53 -0.854185

54 -0.898689

55 -0.899914

56 -1.06048

57 -1.14283

58 -1.09096

59 -1.13597

60 -1.23424

61 -1.20344

62 -1.02773

63 -0.772418

64 -0.67887

65 -0.778829

66 -1.01359

67 -1.24128

68 -1.28027

69 -1.30005

70 -1.34053

71 -1.36061

72 -1.3761

73 -1.38324

74 -1.6501

75 -1.7387

76 -1.68729

77 -1.62334

78 -1.78937

79 -1.95355

80 -1.53334

81 -1.19563

