5 -0.00673402

6 -0.00921868

7 -0.216248

8 -0.242949

9 -0.24557

10 -0.23842

11 -0.168365

12 -0.191806

13 -0.232093

14 -0.2536

15 -0.347934

16 -0.550522

17 -0.598316

18 -0.725268

19 -0.722535

20 -0.762146

21 -0.498003

22 -0.587196

23 -0.72317

24 -0.618617

25 -0.374154

26 -0.341335

27 -0.377846

28 -0.486332

29 -0.455171

30 -0.699303

31 -0.880372

32 -0.952136

33 -1.02428

34 -1.06829

35 -1.20376

36 -1.24565

37 -1.37164

38 -1.5632

39 -1.48368

40 -1.49129

41 -1.5389

42 -1.46987

43 -1.11835

