5 0.00498526

6 0.00842848

7 -0.1371

8 -0.372188

9 -0.594524

10 -0.676063

11 -0.747773

12 -0.796361

13 -0.791422

14 -0.595884

15 1.00418

16 1.12885

17 0.954131

18 0.339809

19 0.308705

20 0.392833

21 0.551386

22 0.448847

23 0.420736

24 0.276065

25 0.287736

26 0.390845

27 9.52323e-05

28 -0.128

29 -0.143276

30 -0.135476

31 -0.0612845

32 -0.2216

33 -0.478951

34 -0.502093

35 -0.491495

36 -0.459712

37 -0.464568

38 -0.615348

39 -0.597523

40 -0.677961

41 -0.868384

42 -0.960873

