5 0.00226178

6 0.016207

7 -0.00593372

8 0.0013931

9 0.00234348

10 0.0142359

11 -0.107393

12 -0.165785

13 -0.129945

14 0.0166834

15 0.0168404

16 0.0491264

17 0.0774031

18 0.052406

19 -0.273772

20 -0.267962

21 -0.196968

22 -0.19681

23 -0.258328

24 -0.184081

25 -0.128611

26 -0.191861

27 -0.192723

28 -0.0609883

29 -0.0166117

30 0.109806

31 -0.125473

32 -0.259054

33 -0.425948

34 -0.450143

35 -0.47504

36 -0.466095

37 -0.473013

38 -1.02417

39 -1.0397

40 -1.07342

41 -1.00923

42 -1.07434

43 -1.26579

44 -1.39981

45 -1.23372

46 -1.12337

47 -0.853607

