5 -0.00836287

6 0.00566469

7 0.0162104

8 0.18096

9 0.138796

10 0.524121

11 0.823272

12 0.895746

13 0.85875

14 0.758072

15 0.772763

16 1.18013

17 1.81217

18 2.00899

19 2.126

20 1.7104

21 1.80849

22 2.30914

23 2.65638

24 2.4347

25 2.42891

26 2.37855

27 2.457

28 2.40552

29 2.36947

30 2.43654

31 2.4532

32 2.9368

33 3.07716

34 3.00536

35 2.83057

36 3.00151

37 3.10071

38 2.85911

39 4.08936

40 4.15216

41 4.22592

42 4.19768

43 4.16546

44 4.19786

45 4.18009

46 4.53174

47 4.87754

48 5.10122

49 5.25654

50 4.58929

51 4.4176

52 4.13455

53 4.02387

54 3.79501

55 3.74848

56 4.26177

57 4.01174

