5 0.0196388

6 0.00117834

7 0.276174

8 0.429997

9 0.38593

10 0.336969

11 0.22521

12 -0.0187927

13 -0.0756739

14 -0.159001

15 -0.0906215

16 -0.135162

17 -0.238629

18 -0.245985

19 -0.427668

20 -0.338626

21 -0.276228

22 -0.188583

23 -0.17848

24 -0.0559372

25 -0.026136

26 0.0980008

27 -0.265417

28 -0.508598

29 -0.683455

30 -0.630733

31 -0.63762

32 -0.682611

33 -0.707612

34 -0.769973

35 -0.761965

36 -0.685898

37 -0.625966

38 -0.703477

39 -0.777651

40 -1.21283

41 -1.2317

42 -1.21307

43 -1.25292

44 -1.26885

45 -1.23346

46 -1.39921

47 -1.37437

48 -1.55087

49 -1.61035

50 -1.76833

51 -1.95375

52 -1.97464

53 -2.01653

54 -2.04297

55 -2.03307

56 -2.07873

57 -1.96996

58 -1.96766

59 -1.94145

60 -1.9079

61 -1.94369

62 -2.18644

63 -2.1579

64 -2.3454

65 -2.24372

66 -2.20034

67 -2.27544

68 -2.06179

69 -2.29212

70 -2.74503

71 -3.07637

72 -3.18189

73 -3.23063

74 -3.28515

75 -3.2893

76 -3.40748

77 -3.53182

78 -3.3405

79 -3.37551

