5 0.000142495

6 -0.163087

7 -0.383299

8 -0.366609

9 -0.290599

10 -0.184438

11 -0.165304

12 -0.352875

13 -0.243159

14 -0.362563

15 -1.00527

16 -0.913223

17 -1.0725

18 -0.957927

19 -0.597433

20 -0.578534

21 -0.689168

22 -0.703104

23 -0.698214

24 -0.730538

25 -0.868914

26 -1.07593

27 -1.29461

28 -1.08557

29 -0.995661

30 -1.11389

31 -1.61515

32 -1.52477

33 -1.38935

34 -1.37409

35 -1.35548

36 -1.08721

37 -1.29018

38 -1.7229

39 -1.78162

40 -1.84234

41 -1.62893

42 -2.3647

43 -2.40807

44 -2.43561

45 -2.36787

46 -2.34175

47 -2.42136

48 -2.65659

49 -2.865

50 -2.94938

51 -3.01206

52 -3.48936

53 -3.54842

54 -3.55212

55 -3.58396

56 -3.47491

57 -4.43443

58 -4.45261

59 -4.3892

