5 0.0316615

6 0.0304595

7 0.0257733

8 0.120752

9 0.121618

10 -0.224073

11 -0.220619

12 -0.45397

13 -0.517296

14 -0.537276

15 -0.597885

16 -0.43008

17 -0.749914

18 -0.807338

19 -1.04801

20 -1.07539

21 -1.03589

22 -1.01408

23 -0.987333

24 -1.15489

25 -0.186356

26 -0.0635251

27 -0.217686

28 -0.218293

29 -0.0479823

30 -0.44385

31 -0.702606

32 -0.794995

33 -0.847552

34 -0.643479

35 -0.440688

36 -0.324096

37 -0.1392

38 -0.250717

39 -0.391934

40 -0.232906

41 -0.209994

42 -0.0810392

43 0.455306

44 0.754277

45 0.436415

46 0.452593

47 0.0487284

48 -0.0186338

