5 -0.040718

6 -0.00453379

7 -0.390672

8 -0.598246

9 -0.664064

10 -0.673886

11 -0.757612

12 -0.859928

13 -0.862938

14 -0.808107

15 -0.742382

16 -0.593121

17 -0.57391

18 -0.582109

19 -1.43226

20 -1.42367

21 -1.30656

22 -1.10554

23 -1.31294

24 -1.43071

25 -1.76544

26 -1.83365

27 -1.95781

28 -1.98275

29 -2.02601

30 -1.98209

31 -2.02168

32 -2.06178

33 -2.10559

34 -2.07166

35 -2.08585

36 -2.10694

37 -2.05764

38 -2.1221

39 -2.30001

40 -2.32075

41 -2.3541

42 -2.38058

43 -2.37542

44 -2.69796

45 -2.60266

46 -2.58904

47 -2.53074

48 -2.51937

49 -2.70495

50 -3.00855

51 -2.98542

52 -3.12499

53 -3.08623

54 -3.06533

55 -3.05659

56 -3.08471

57 -2.96315

58 -4.02845

59 -4.03817

60 -4.06831

61 -4.22172

62 -4.32231

63 -4.32356

64 -4.01075

65 -4.04951

