5 0.0150603

6 0.228069

7 0.206208

8 0.322824

9 0.667907

10 0.671747

11 0.629884

12 0.658981

13 0.715002

14 0.776931

15 0.710218

16 0.751996

17 0.795602

18 0.838321

19 1.06276

20 1.10997

21 1.29556

22 1.2711

23 1.09006

24 1.10875

25 0.889363

26 1.08264

27 0.877945

28 0.723076

29 0.774506

30 0.712382

31 0.482491

32 0.529409

33 0.72478

34 0.739074

35 0.578916

36 0.659904

37 0.705131

38 0.725853

39 0.959116

40 1.00462

41 1.26422

42 1.35222

43 1.37543

44 1.42206

45 1.35174

46 1.44885

47 1.02823

