5 0.0263252

6 0.069061

7 0.133379

8 0.15725

9 0.260349

10 0.416199

11 0.42461

12 0.274046

13 0.425883

14 0.307221

15 0.348223

16 0.313531

17 0.544631

18 0.590573

19 0.647354

20 0.687902

21 0.672517

22 0.792407

23 -0.206689

24 -0.246001

25 -0.642753

26 -0.706194

27 -0.75882

28 -0.919683

29 -0.895167

30 -1.08739

31 -1.11356

32 -1.35335

33 -1.1599

34 -1.00861

35 -1.28213

36 -1.33095

37 -1.31561

38 -1.88862

39 -1.72504

40 -1.56299

41 -1.69358

42 -1.63683

43 -1.5289

44 -1.52911

45 -1.75419

46 -1.80085

47 -2.08318

