5 -0.00241274

6 -0.0155851

7 -0.206953

8 -0.0391513

9 -0.197997

10 -0.173522

11 -0.24795

12 -0.0381243

13 -0.123233

14 0.22882

15 0.408079

16 0.630725

17 0.615918

18 0.960885

19 1.14302

20 1.46185

21 1.63035

22 1.59975

23 1.6174

24 1.70517

25 1.83631

26 1.98608

27 2.03215

28 1.90185

29 1.95345

30 2.75228

31 2.69868

32 2.75515

33 2.78284

34 2.79229

35 2.79345

36 2.81158

37 2.81324

38 2.89501

39 2.4847

40 2.34831

41 2.02008

42 1.81104

43 1.64927

44 1.62778

45 1.34791

46 1.35299

47 1.32489

48 1.27481

49 1.35573

50 1.36643

51 1.35072

52 1.37035

53 1.49859

54 1.57535

55 1.66868

56 2.04656

57 2.16028

58 2.22138

59 2.29396

60 2.2525

61 2.33644

62 2.50081

63 2.64767

64 2.63879

65 2.65583

66 2.43775

67 2.62491

68 2.51555

69 2.68477

70 2.69273

71 3.33881

72 3.43143

73 3.27356

74 3.1739

75 3.13888

76 3.11916

77 3.43371

78 3.72146

79 3.33764

80 3.23438

