5 0.0224228

6 0.0482174

7 -0.0306454

8 -0.0541327

9 0.0970085

10 0.134309

11 0.0746922

12 -0.0143814

13 -0.215762

14 -0.303031

15 -0.303804

16 -0.375086

17 -0.424279

18 -0.461946

19 -0.469718

20 -0.375898

21 -0.326923

22 -0.26665

23 -0.322475

24 -0.409369

25 -0.408021

26 -0.312441

27 0.0346907

28 -0.0144787

29 -0.301966

30 -0.259461

31 0.0192462

32 0.0860748

33 0.173134

34 0.319547

35 0.563026

36 0.562747

37 -2.77129

38 -2.79311

39 -1.0851

40 -0.636702

41 -1.0378

42 -1.18343

43 -1.14709

44 -0.993005

45 -0.929196

46 -1.70895

47 -2.07277

