5 -0.0432234

6 0.0281168

7 0.050969

8 0.074941

9 -0.0261067

10 0.0747741

11 -0.227856

12 -0.202227

13 -0.215086

14 0.00388971

15 0.159774

16 0.143956

17 0.23226

18 0.764685

19 0.900374

20 0.875684

21 0.911992

22 0.825103

23 0.940776

24 0.561262

25 1.36599

26 1.57151

27 1.62109

28 1.69279

29 1.66155

30 2.01599

31 1.98311

32 2.08558

33 2.4274

34 2.9168

35 3.03046

36 2.7557

37 2.94614

38 2.6579

39 3.03274

40 2.82848

41 3.34891

42 3.60388

43 3.61977

44 3.64278

45 4.06042

46 4.10606

47 3.8819

48 4.77499

49 5.02561

50 4.65243

51 4.64419

52 4.24702

53 4.1762

54 4.316

55 4.48435

