5 -0.000697431

6 -0.0389272

7 -0.234588

8 0.293872

9 0.364625

10 0.355163

11 0.0443259

12 -0.0662535

13 0.0842528

14 -0.066726

15 -0.503452

16 -0.52121

17 -0.542314

18 -0.543056

19 -0.890469

20 -0.935074

21 -0.814847

22 -0.515423

23 -0.474777

24 -0.415247

25 -0.411114

26 -0.407964

27 -0.40869

28 -0.437308

29 -0.554728

30 -0.694858

31 -0.136526

32 -0.0684271

33 -0.0920029

34 -0.323748

35 -0.462775

36 -0.336377

37 -0.403514

38 -0.921778

39 -0.939696

40 -1.02071

41 -1.05327

42 -1.08568

43 -1.54803

44 -1.51793

45 -1.33864

46 -1.01077

47 -0.948258

48 -0.908181

49 -0.902839

50 -0.900264

51 -0.898444

52 -0.938342

53 -1.05322

54 -1.2023

55 -0.645443

56 -0.562812

57 -0.570918

58 -0.851675

59 -0.988067

60 -0.905325

61 -0.970702

62 -1.5327

63 -1.53236

64 -1.5483

65 -1.57108

66 -1.97496

67 -1.97168

68 -1.80837

69 -1.41655

70 -1.37819

71 -1.35393

