5 -0.0831931

6 -0.117469

7 -0.183688

8 -0.0601175

9 -0.0406877

10 -0.0572389

11 -0.0669468

12 -0.0641617

13 0.0261633

14 -0.10557

15 -0.541196

16 -0.542101

17 -0.529973

18 -0.584744

19 -0.56586

20 -0.57204

21 -0.480898

22 -0.649528

23 -0.920048

24 -0.622083

25 -0.610978

26 -0.551105

27 -0.486043

28 -0.428228

29 -0.386853

30 -0.351549

31 -0.368221

32 -0.391571

33 -0.215474

34 -0.163937

35 -0.145937

36 -0.268336

37 -0.149464

38 -0.192108

39 -0.138067

40 -0.284565

41 -0.204939

42 -0.491704

43 -0.67727

44 -0.744724

45 -0.826328

46 -0.844327

47 -0.822093

48 -0.928196

49 -1.08191

50 -1.07161

51 -1.2222

52 -1.16044

53 -1.28988

54 -1.27106

55 -1.40155

56 -1.41564

57 -1.53815

58 -1.65117

59 -2.30496

60 -1.8312

61 -1.91247

62 -2.49192

