5 0.125849

6 -0.105599

7 -0.0989118

8 0.0660785

9 0.071291

10 0.298488

11 0.294658

12 0.337504

13 0.284013

14 0.371941

15 0.393168

16 0.430946

17 0.445659

18 1.10102

19 1.12784

20 1.08022

21 1.49096

22 1.52558

23 2.09813

24 2.1344

25 2.17881

26 2.26777

27 2.29766

28 2.14046

29 2.1116

30 2.52144

31 2.58664

32 2.67979

33 2.67691

34 2.48265

35 2.40894

36 2.1767

37 2.11508

38 1.93825

39 1.9665

40 2.62307

41 2.54957

42 2.12394

43 2.13223

44 2.14036

45 2.16036

46 1.85663

47 1.86841

48 1.8613

49 1.9069

50 1.82527

51 1.77364

52 1.80202

53 1.85021

54 2.01865

55 2.00087

