5 -0.0515791

6 0.0157175

7 0.0108364

8 -0.521292

9 -0.644279

10 0.68095

11 0.939276

12 0.942647

13 1.01332

14 0.998052

15 1.15404

16 1.17347

17 0.87901

18 0.832961

19 1.5992

20 2.0581

21 2.14706

22 2.08532

23 2.15694

24 2.13828

25 1.63241

26 1.59996

27 2.64582

28 2.65523

29 2.45334

30 2.52024

31 2.65601

32 2.48834

33 2.59467

34 3.43717

35 3.43686

36 3.39069

37 3.19747

38 4.61196

39 4.59545

40 4.2055

41 4.13508

42 4.35053

43 4.32179

44 4.07039

45 3.97583

46 4.96631

47 5.47508

48 5.6126

49 5.66837

50 5.62539

51 5.81551

52 5.90378

53 5.17857

54 5.17237

