5 -0.148128

6 -0.10313

7 -0.204152

8 0.339028

9 0.493081

10 0.557152

11 0.561252

12 0.565308

13 0.789387

14 0.8422

15 0.805908

16 1.06237

17 1.28673

18 1.58321

19 1.59774

20 1.57043

21 1.56543

22 1.63896

23 1.63591

24 1.30302

25 1.47718

26 1.65857

27 1.59602

28 0.895806

29 0.772462

30 0.67774

31 0.669559

32 0.672043

33 0.657775

34 0.441591

35 0.385389

36 0.345327

37 0.0921448

38 0.0857157

39 0.362982

40 0.484873

41 0.641484

42 0.705634

43 0.92398

44 0.976251

45 1.05162

46 1.02555

47 1.11467

48 1.09743

49 1.00192

50 0.849415

51 0.616779

52 0.741055

53 0.601405

54 0.608263

55 0.574815

56 1.0218

57 1.10696

58 0.887391

59 0.830477

60 1.19874

61 1.72705

62 1.56493

63 1.52342

64 1.51223

65 1.34531

66 1.15993

67 1.16525

68 1.2909

69 1.2197

70 1.08429

71 0.600112

72 -0.629572

73 -0.897966

74 -1.02898

75 -0.863561

76 -0.682518

77 -0.681473

78 -0.672055

79 -0.717991

80 -0.673916

81 -0.647506

82 -0.565845

83 -0.458996

84 -0.375769

85 -0.364313

86 -0.339412

87 -0.363102

88 -0.378866

89 -0.26598

90 -0.149994

91 -0.018894

92 -0.236113

93 -0.200156

94 -0.248303

95 -0.264991

96 -0.301789

