5 0.00373715

6 0.00824814

7 0.00384016

8 0.13766

9 0.156935

10 0.243453

11 0.113466

12 -0.783451

13 -0.927727

14 -1.1749

15 -1.09383

16 -0.82324

17 -0.728088

18 -0.685046

19 -0.473353

20 -0.427995

21 -0.414291

22 -0.631611

23 -0.55766

24 -0.779692

25 -0.493658

26 -0.617805

27 -0.458175

28 -0.477822

29 -0.13993

30 0.0876374

31 0.0797249

32 0.189584

33 0.210015

34 0.164232

35 0.121987

36 0.0937725

37 0.062563

38 0.123832

39 0.0944264

40 -0.104347

41 -0.33313

42 -0.447391

43 0.0269664

44 0.220679

45 0.33787

46 0.288298

47 0.377095

48 0.405872

49 0.317614

50 0.242111

51 0.291092

52 0.585394

53 0.897678

54 1.02796

55 1.15153

56 1.39052

57 1.38202

58 1.76989

59 1.80931

60 1.8902

61 1.85475

62 1.30746

63 1.09029

64 1.00731

65 0.713173

66 0.448655

