5 -0.0607377

6 -0.0633761

7 -0.0321124

8 -0.0843807

9 -0.233798

10 -0.363913

11 -0.166632

12 -0.168767

13 -0.00479833

14 -0.105886

15 -0.0319387

16 0.0507379

17 0.0321343

18 -0.221266

19 -0.234044

20 -0.264197

21 -0.12739

22 -0.0795857

23 -0.0140544

24 -0.0146459

25 -0.107489

26 -0.186252

27 -0.365122

28 -0.434228

29 -0.462358

30 -0.486065

31 -0.493758

32 -0.523341

33 -0.58903

34 -0.799947

35 -0.922966

36 -0.868737

37 -0.828071

38 -1.01805

39 -0.445403

40 -0.428311

41 -0.426273

42 -0.490949

43 -0.481023

44 -0.503116

45 -0.481518

46 -0.428604

47 -0.409884

48 -0.269499

49 -0.262065

50 -0.229122

51 -0.173287

52 -0.172652

53 -0.508708

54 -0.703017

55 -0.620505

56 -0.547351

57 -0.607692

58 -0.694012

59 -0.855842

60 -0.81234

61 -0.52235

62 -0.43372

63 0.388703

64 0.531623

65 0.594048

66 0.514945

67 0.431889

68 0.347214

69 0.363548

70 0.522271

71 0.608817

72 0.300339

73 0.263521

74 0.322347

75 0.290056

