5 -0.0278432

6 -0.116116

7 -0.053953

8 0.1099

9 0.159579

10 0.428357

11 0.462147

12 0.450797

13 0.529706

14 0.546703

15 0.570816

16 0.634516

17 0.416993

18 0.389894

19 -0.201154

20 0.133916

21 0.128001

22 0.369158

23 0.464871

24 0.474669

25 0.565707

26 0.527562

27 0.604862

28 0.676945

29 0.848216

30 0.811672

31 0.926737

32 0.977801

33 0.972121

34 1.21168

35 1.22036

36 1.09112

37 1.24303

38 1.18191

39 1.34226

40 1.61327

41 1.59906

42 1.91103

43 2.06785

44 2.13284

45 2.07392

46 2.21907

47 2.30871

48 2.61896

49 2.6385

50 2.54183

51 2.60247

52 2.6088

53 2.59259

54 2.63833

55 2.7344

56 2.89202

57 3.05321

58 2.94113

59 3.12771

60 3.16386

61 3.06247

62 3.35677

63 3.44

64 3.64592

65 3.74587

66 3.89903

67 3.87909

68 3.96687

69 3.89301

