5 -0.0192225

6 -0.0302374

7 -0.0344815

8 -0.0686284

9 -0.178659

10 -0.189843

11 0.0287771

12 0.116603

13 0.0874415

14 -0.0714314

15 -0.131588

16 -0.153684

17 -0.121126

18 0.282183

19 0.0903157

20 -0.501829

21 -0.477245

22 -0.499366

23 -0.509635

24 -1.10114

25 -1.00735

26 -0.834241

27 -1.11586

28 -1.18509

29 -0.908309

30 -0.63622

31 -0.544202

32 -0.531879

33 -0.577453

34 -0.569263

35 -0.561471

36 -0.549009

37 -0.558537

38 -0.527951

39 -0.460027

40 -0.494596

41 -0.563775

42 -0.732695

43 -1.10454

44 -0.751021

45 -0.554635

46 -0.42402

47 -0.421319

48 -0.427352

49 -0.414911

50 -0.416238

51 -0.683341

52 -0.82378

53 -0.877133

54 -0.985356

55 -1.09985

56 -1.06988

57 -1.23638

58 -1.28109

59 -1.50853

60 -1.7092

61 -1.75489

62 -1.85308

63 -1.88277

64 -1.80755

65 -1.78937

66 -1.86616

67 -2.02788

68 -2.11082

69 -2.03585

70 -2.08403

71 -2.18315

72 -2.21459

73 -2.15631

