5 -0.000170999

6 0.00152731

7 0.00308572

8 0.00630394

9 -0.0189685

10 -0.198968

11 -0.205035

12 -0.294638

13 -0.392466

14 -0.452829

15 -0.420662

16 -0.204943

17 -0.324381

18 -0.844992

19 -0.693411

20 -0.565648

21 -0.56026

22 -0.433596

23 -0.384077

24 -0.229764

25 -0.387258

26 -0.497308

27 -0.718942

28 -0.964742

29 -1.09096

30 -1.02548

31 -1.06415

32 -0.936647

33 -0.0327385

34 -0.150316

35 -1.85599

36 -2.01158

37 -2.02861

38 -1.99272

39 -1.93649

40 -1.86395

41 -1.78074

42 -1.64328

43 -1.6302

44 -1.78844

