5 -0.0134971

6 0.0179863

7 -0.394883

8 -0.741699

9 -0.935786

10 -1.06229

11 -0.930733

12 -1.00762

13 -0.950489

14 -0.821919

15 -0.821566

16 -0.834517

17 -0.820732

18 -0.802035

19 -0.790259

20 -0.785575

21 -1.09863

22 -0.928634

23 -0.728107

24 -0.984305

25 -0.973576

26 -0.865486

27 -1.06528

28 -1.14646

29 -1.13537

30 -1.16396

31 -1.27127

32 -1.60549

33 -1.57938

34 -1.71056

35 -1.71994

36 -2.06318

37 -2.0866

38 -1.92797

39 -2.32321

40 -2.31333

41 -2.84709

42 -2.96965

43 -2.94779

44 -3.11433

45 -3.32132

46 -3.44652

47 -3.37422

48 -3.79554

49 -3.91537

50 -3.83797

51 -4.04151

52 -4.25122

53 -4.362

54 -4.4746

55 -4.53353

56 -4.60548

57 -4.60881

58 -5.14532

59 -5.13805

60 -5.47458

61 -5.51477

62 -5.45427

63 -5.65697

64 -5.65864

65 -5.77056

66 -5.69571

67 -5.9019

68 -6.19731

69 -6.20809

70 -6.57098

71 -6.86542

72 -6.83639

73 -6.98874

74 -7.07271

75 -7.2838

76 -7.37602

77 -7.54161

78 -7.59423

79 -7.58853

80 -8.28093

81 -8.20772

82 -8.65552

83 -8.71896

84 -9.10113

85 -9.07822

86 -9.77792

87 -9.97034

88 -10.0458

89 -10.0636

90 -10.2382

91 -10.6624

92 -10.6762

93 -10.5883

94 -10.6047

95 -10.6771

96 -10.8474

97 -10.8049

98 -11.3934

99 -11.637

100 -11.5008

101 -11.4392

102 -11.448

103 -11.2371

104 -11.2414

105 -11.0558

106 -10.5488

107 -10.0933

108 -9.94475

109 -10.4586

110 -10.9491

111 -10.8895

112 -9.88193

113 -9.00978

114 -8.95686

115 -8.94731

116 -8.80025

117 -8.63368

118 -8.72351

119 -8.80206

120 -9.07972

121 -9.18634

122 -8.63948

123 -8.64784

124 -8.46671

125 -8.44625

126 -8.5092

127 -8.1085

128 -8.14765

129 -8.00752

130 -8.24406

131 -7.95307

132 -7.63581

133 -7.30207

134 -7.2527

135 -7.17859

136 -6.94472

137 -6.788

138 -6.58204

139 -6.95689

140 -6.91329

141 -7.01313

142 -6.82901

143 -6.6257

144 -6.5402

145 -6.6983

146 -6.5754

147 -5.92983

148 -5.90637

149 -6.25422

150 -5.9045

151 -5.64326

152 -5.81215

153 -6.69445

154 -6.62717

155 -5.43272

156 -5.28414

157 -5.16445

158 -5.96832

159 -6.38502

160 -6.74795

