5 -0.0131805

6 -0.0225922

7 0.0458217

8 0.123037

9 0.0638975

10 -0.0123

11 -0.0427825

12 -0.0355593

13 -0.0607101

14 -0.0753229

15 -0.0428312

16 0.0152472

17 0.0304616

18 -0.156173

19 0.00513605

20 0.129908

21 0.173003

22 0.0702386

23 -0.109363

24 -0.0796034

25 -0.200265

26 -0.108974

27 -0.0933104

28 -0.233173

29 -0.0730285

30 -0.0533264

31 -0.254862

32 -0.215133

33 -0.231858

34 -0.455462

35 -0.588802

36 -0.613272

37 -0.654149

38 -0.663903

39 -0.645086

40 -0.621344

41 -0.725421

42 -0.909989

43 -0.890873

44 -0.847247

45 -0.880647

46 -1.03056

47 -0.867771

48 -0.616871

49 -0.589625

50 -0.545243

51 -0.538531

52 -0.663494

53 -0.650335

54 -0.717289

