5 0.0435733

6 0.119851

7 0.229248

8 0.1475

9 0.0724447

10 -0.169089

11 -0.369621

12 -0.414467

13 -0.438078

14 -0.452193

15 -0.418853

16 -0.299907

17 -0.038715

18 -0.112409

19 -0.259416

20 -0.411027

21 -0.52209

22 -0.590769

23 -0.641548

24 -0.757564

25 -0.713188

26 -0.699431

27 -0.68563

28 -0.656375

29 -0.694904

30 -0.503335

31 -0.552696

32 -0.757809

33 -0.81413

34 -0.744154

35 -0.899422

36 -1.35436

37 -1.43292

38 -1.46572

39 -1.55993

40 -1.52968

41 -1.53228

42 -1.4577

43 -1.44316

44 -1.43053

45 -1.6818

46 -1.64406

47 -1.71325

