5 -0.0438208

6 0.227223

7 0.68529

8 0.709452

9 0.625104

10 0.722889

11 0.574906

12 0.720732

13 0.97374

14 1.3478

15 1.50294

16 1.49936

17 1.54399

18 1.61872

19 1.64225

20 1.53072

21 1.71607

22 1.73723

23 1.81316

24 1.90353

25 1.96742

26 2.02037

27 2.13226

28 1.93685

29 1.08891

30 0.901643

31 0.650091

32 0.467818

33 0.83524

34 1.69221

35 1.76695

36 1.78561

37 1.7389

38 1.36035

39 1.12201

40 1.33865

41 1.72643

42 2.0642

43 2.10552

44 2.09461

45 1.90254

46 2.08988

47 2.04601

48 2.04231

49 2.56555

50 2.98503

51 3.35279

52 3.47342

53 3.55863

54 3.53513

55 3.17054

56 3.17245

57 3.09662

58 3.20414

59 3.04315

60 3.05783

61 2.97304

62 2.93055

63 2.99885

64 2.8809

65 3.21424

66 3.64638

67 4.02853

68 4.17276

69 4.27925

70 3.75415

71 3.5823

72 3.93307

73 4.35419

74 4.6132

75 4.78608

76 4.57238

77 4.49653

