5 -0.0599662

6 -0.223694

7 -0.308754

8 -0.305173

9 -0.299499

10 -0.375693

11 -0.285676

12 -0.219177

13 -0.23003

14 -0.168465

15 -0.178577

16 -0.657247

17 -0.798425

18 -0.873478

19 -0.825949

20 -0.699706

21 -0.784321

22 -0.846153

23 -0.875187

24 -0.890604

25 -0.899066

26 -0.89848

27 -0.892964

28 -1.00773

29 -1.16989

30 -1.22034

31 -1.22904

32 -1.26232

33 -1.30312

34 -1.29299

35 -1.44221

36 -2.19183

37 -1.96262

38 -1.69597

39 -1.69251

40 -1.64966

41 -1.76324

42 -1.98883

43 -2.01638

44 -2.0771

45 -2.10477

46 -2.16247

47 -2.16728

48 -2.15184

49 -2.19145

50 -2.18953

51 -2.19877

52 -2.1749

53 -2.22072

54 -2.15408

55 -2.28485

56 -2.31658

57 -2.38258

58 -2.19853

59 -1.98534

60 -1.9085

61 -1.99164

62 -2.02032

63 -2.90545

64 -2.80741

65 -2.6043

66 -2.41507

67 -2.29888

68 -2.26477

69 -2.31701

70 -2.2283

71 -2.05639

72 -2.13598

73 -2.19419

74 -2.33383

75 -2.33747

76 -2.43715

77 -2.47728

78 -2.56849

79 -2.78032

80 -2.96661

81 -2.95409

82 -3.11534

83 -3.06673

84 -3.03089

85 -3.14543

86 -3.41132

87 -3.43993

88 -3.41422

89 -3.21452

90 -2.86253

91 -2.89368

92 -3.11882

93 -3.48338

94 -3.77249

95 -3.85571

96 -3.67656

97 -3.61001

98 -3.6802

