5 -0.025829

6 -0.0338233

7 0.0654713

8 0.00669516

9 -0.112827

10 -0.161134

11 -0.049373

12 -0.0660282

13 -0.0348253

14 -0.0176181

15 -0.0333521

16 -0.507557

17 -0.518817

18 -0.510623

19 -0.389044

20 -0.431188

21 -0.431397

22 -0.389291

23 -0.496953

24 -0.498796

25 -0.249289

26 -0.376587

27 -0.508671

28 -0.693185

29 -0.754297

30 -0.779208

31 -0.802859

32 -0.8394

33 -0.886849

34 -0.90282

35 -1.02862

36 -1.26918

37 -1.32699

38 -1.33581

39 -1.3478

40 -1.35775

41 -1.56897

42 -1.74047

43 -1.9022

44 -2.18549

45 -2.14795

46 -2.22353

47 -2.37459

48 -2.15391

49 -1.87705

50 -1.73665

51 -1.74559

52 -1.80299

53 -1.80442

54 -1.80924

55 -1.80214

56 -1.79808

57 -1.77328

58 -1.74259

59 -1.73736

60 -1.90559

61 -1.79464

62 -1.74089

63 -1.68853

64 -1.81323

65 -1.73141

66 -1.85551

67 -1.69811

68 -1.71409

69 -1.84034

70 -1.57371

71 -0.843595

72 -0.780567

73 -0.764093

74 -0.951613

75 -0.794443

76 -0.842227

77 -0.807674

78 -0.873639

79 -0.956998

