5 -0.0898762

6 -0.197522

7 -0.272532

8 -0.313851

9 -0.293281

10 -0.288843

11 -0.542872

12 -0.739399

13 -0.785791

14 -0.682229

15 -0.413376

16 -0.41217

17 -0.391742

18 -0.39756

19 -0.397694

20 -0.357859

21 -0.421637

22 -0.583546

23 -0.70589

24 -0.744739

25 -0.945461

26 -0.90638

27 -0.888876

28 -1.07712

29 -1.02118

30 -0.95736

31 -1.01083

32 -1.0011

33 -1.05194

34 -0.962816

35 -1.20526

36 -1.7173

37 -1.87686

38 -1.93084

39 -2.06344

40 -2.07262

41 -2.06176

42 -2.04717

43 -2.02513

44 -2.06979

45 -2.11545

46 -2.199

47 -2.32282

48 -2.42007

49 -2.53476

50 -2.66484

51 -2.87569

52 -2.97413

53 -2.96338

54 -3.06414

55 -3.48059

56 -3.42422

57 -3.41702

58 -3.57344

59 -3.47606

60 -3.21842

61 -3.39204

62 -3.50298

63 -3.32988

64 -3.27883

65 -3.06969

66 -3.02147

67 -3.00701

68 -3.00181

69 -3.00016

70 -2.99883

71 -2.99451

72 -2.97282

73 -2.97477

74 -2.97222

75 -2.8732

76 -2.80228

77 -3.01937

78 -3.08924

79 -3.23826

80 -3.32215

81 -3.39237

82 -3.46054

83 -3.31323

84 -3.29253

85 -3.25711

86 -3.44443

87 -3.40652

88 -3.30779

89 -4.35351

90 -4.14263

91 -4.00061

92 -3.90907

93 -3.87193

94 -3.95587

95 -3.9303

96 -4.00905

97 -3.89369

98 -3.90394

99 -3.94857

100 -4.04754

101 -4.13762

102 -4.25126

103 -4.37737

104 -4.48598

105 -4.14209

106 -4.08257

107 -4.17262

108 -4.79575

109 -4.93382

110 -4.96414

111 -4.81916

112 -4.70344

113 -4.77761

114 -5.02488

115 -5.14357

