5 0.00204978

6 0.0143885

7 0.00703893

8 0.0350954

9 0.0199757

10 -0.00988966

11 -0.158466

12 -0.326118

13 -0.166251

14 -0.167768

15 -0.138574

16 -0.147181

17 -0.160186

18 -0.743419

19 -0.693744

20 -0.684644

21 -0.657774

22 -0.747949

23 -0.497201

24 -0.62253

25 -0.786883

26 -0.956195

27 -1.03254

28 -1.07476

29 -1.11066

30 -1.14975

31 -1.19239

32 -1.19559

33 -1.24876

34 -1.46301

35 -1.62119

36 -1.66075

37 -1.69931

38 -1.7718

39 -1.62338

40 -1.63629

41 -1.7667

42 -1.9159

43 -1.89113

44 -1.97834

45 -2.01861

46 -2.18374

47 -1.99738

48 -1.74458

49 -1.60432

50 -1.60898

51 -1.66374

52 -1.67268

53 -1.69273

54 -1.67986

55 -1.72397

56 -1.79511

57 -1.56487

58 -1.41517

59 -1.37179

60 -1.51463

61 -1.45459

62 -1.61718

63 -1.46319

64 -1.48025

65 -1.55849

66 -1.34533

67 -1.4544

68 -0.554447

69 -0.469038

70 -0.529956

71 -0.43077

72 -0.472218

73 -0.442551

74 -0.42047

75 -0.698901

76 -0.471699

77 -0.539246

78 -0.558195

79 -0.583592

