5 0.0123203

6 -0.00225811

7 0.0324316

8 -0.390401

9 -0.400999

10 -0.0847494

11 -0.0854222

12 -0.0837888

13 -0.333567

14 -0.366331

15 -0.634087

16 -0.662347

17 -0.622711

18 -0.695279

19 -0.454859

20 -0.610153

21 -0.961867

22 -1.00809

23 -1.11803

24 -1.13647

25 -1.15368

26 -1.66314

27 -1.65623

28 -1.68216

29 -1.6916

30 -2.06086

31 -2.01621

32 -1.95746

33 -1.95354

34 -1.70216

35 -1.56922

36 -1.57257

37 -1.62333

38 -1.64823

39 -1.64034

40 -1.67885

41 -1.77274

42 -1.67275

43 -1.62045

44 -1.52748

45 -1.4973

46 -1.62839

47 -1.57188

48 -1.72618

49 -1.66292

50 -1.66963

51 -1.72033

52 -1.58799

53 -2.55697

54 -2.5327

55 -2.64977

56 -2.64196

57 -2.70773

58 -2.59633

59 -2.62435

60 -2.78587

61 -2.7739

62 -2.66328

63 -2.72568

64 -2.7361

65 -2.47823

