5 -0.153881

6 0.0198029

7 -0.868455

8 -0.881172

9 -0.853104

10 -0.922932

11 -0.939077

12 -1.06435

13 -1.23925

14 -1.29784

15 -1.3819

16 -1.41494

17 -1.43987

18 -1.33898

19 -2.01475

20 -1.91473

21 -1.94858

22 -2.03412

23 -2.33266

24 -2.20244

25 -2.19025

26 -2.25891

27 -1.96688

28 -1.8426

29 -1.92054

30 -1.86125

31 -1.95961

32 -3.01831

33 -2.585

34 -2.57836

35 -2.48176

36 -2.39737

37 -2.3016

38 -2.30924

39 -2.3396

40 -2.26903

41 -3.35951

42 -3.3771

43 -3.24195

44 -3.0216

45 -3.00236

46 -3.1575

47 -3.32719

48 -3.33428

49 -3.26086

50 -3.27944

51 -3.13409

52 -4.06183

53 -4.20072

54 -4.13452

55 -4.06955

56 -3.82962

57 -3.8209

58 -3.52785

59 -3.42443

60 -3.29226

