5 0.101125

6 0.144839

7 0.155632

8 0.0258969

9 0.199915

10 -1.11683

11 -1.3654

12 -1.52231

13 -1.47889

14 -1.38444

15 -1.48733

16 -1.49404

17 -1.45688

18 -1.46427

19 -1.40769

20 -1.40018

21 -1.30813

22 -1.28794

23 -1.35304

24 -2.57386

25 -2.59205

26 -2.45357

27 -2.16221

28 -2.12

29 -1.94635

30 -1.73633

31 -1.697

32 -1.77808

33 -1.79742

34 -1.85754

35 -2.07109

36 -1.98812

37 -1.9165

38 -1.93635

39 -1.93175

40 -1.99543

41 -2.10399

42 -2.32763

43 -2.27151

44 -2.22849

45 -2.08317

46 -3.49794

47 -3.37184

48 -3.43296

49 -3.28457

50 -3.1541

51 -3.15588

52 -3.05025

53 -3.20623

54 -3.32564

55 -3.539

56 -3.62337

