5 -0.336902

6 -0.262069

7 -0.739794

8 -0.955905

9 -0.958877

10 -0.775719

11 -0.778497

12 -0.692357

13 -0.632286

14 -0.53158

15 -0.620141

16 -0.62748

17 -0.930521

18 -1.06594

19 -1.10706

20 -1.21256

21 -1.39737

22 -1.50637

23 -1.50772

24 -1.06187

25 -1.03955

26 -0.990127

27 -0.963231

28 -1.3123

29 -0.773787

30 -0.967472

31 -1.47502

32 -1.55908

33 -1.30022

34 -1.33719

35 -1.28826

36 -1.27308

37 -1.20128

38 -0.761265

39 -0.949883

40 -1.16188

41 -1.21184

42 -1.13509

43 -1.39163

44 -1.39638

45 -1.49122

46 -1.53075

47 -1.4359

48 -1.86576

49 -1.86917

50 -1.62446

51 -1.66852

52 -1.40428

53 -1.05997

54 -0.875014

55 -1.41371

56 -1.67334

57 -1.76775

58 -1.55046

59 -1.66216

60 -1.64363

61 -1.54641

62 -1.64326

63 -1.60711

64 -1.59252

65 -1.54997

66 -1.45063

