5 -0.510744

6 -0.269398

7 -0.230785

8 -0.224034

9 -0.180368

10 -0.315617

11 -0.635937

12 -0.382273

13 -0.650164

14 -0.680946

15 -0.65749

16 -0.430034

17 -0.35144

18 -0.288938

19 -0.214725

20 -0.15454

21 -0.103686

22 -0.142099

23 -0.22678

24 -0.371416

25 -0.352151

26 -0.292575

27 -0.210529

28 -0.25782

29 -0.31326

30 -0.155778

31 -0.352106

32 -0.346005

33 -0.537777

34 -0.6037

35 -0.503805

36 -0.463296

37 -0.251886

38 -0.438742

39 -0.682437

40 -0.85661

41 -0.982249

42 -0.993347

43 -0.938238

44 -0.915165

45 -0.956947

46 -0.986355

47 -1.03349

48 -1.22498

49 -1.23039

50 -1.27886

51 -1.29902

52 -1.70934

53 -1.6622

54 -1.51235

55 -1.69459

56 -1.79974

57 -1.8482

58 -2.06624

59 -2.2129

60 -2.32695

61 -2.22851

62 -2.20821

63 -2.19456

64 -2.27015

65 -2.27824

66 -2.28933

67 -2.47655

68 -2.56491

69 -2.60024

70 -2.6509

71 -2.60599

72 -2.57252

73 -2.53401

74 -2.52129

75 -2.47317

76 -2.58232

77 -2.67182

78 -2.7102

79 -3.05736

80 -3.52502

81 -3.64277

82 -3.61447

83 -3.6311

84 -3.63922

85 -3.6655

86 -3.69295

87 -3.656

88 -3.82174

89 -4.15952

90 -4.87941

91 -4.93305

92 -4.78985

93 -4.79812

94 -4.42435

95 -4.70683

96 -4.91254

97 -5.06653

98 -5.11164

99 -5.12952

100 -5.21422

101 -5.26422

102 -5.2342

103 -5.23782

104 -5.49472

105 -5.59078

106 -5.58835

107 -5.698

108 -6.40432

109 -6.48313

110 -6.57771

111 -6.69171

112 -6.74291

113 -6.87752

114 -7.3547

115 -7.34329

116 -9.53443

117 -9.54573

118 -9.28088

119 -9.35553

120 -9.28334

121 -9.25498

122 -9.27536

123 -9.40456

124 -9.50609

125 -9.39864

126 -9.19603

127 -9.16785

128 -9.4999

129 -9.54788

130 -9.48877

