5 -0.0230126

6 0.042256

7 0.0704237

8 0.0886159

9 0.105828

10 0.0953082

11 0.143332

12 0.557291

13 1.08959

14 0.910214

15 -0.316819

16 -0.439306

17 -0.432222

18 -0.398466

19 -0.438943

20 -0.350028

21 -0.260919

22 -0.164069

23 -0.0348994

24 -0.189198

25 -0.282152

26 -0.363046

27 -0.535758

28 -0.536378

29 -0.741685

30 -0.806952

31 -0.755871

32 -1.0863

33 -1.05213

34 -1.11735

35 -0.960167

36 -1.13877

37 -1.07851

38 -0.932919

39 -0.924536

40 -0.690904

41 -0.495783

42 -0.530085

43 -1.82894

44 -2.01022

45 -2.20414

46 -1.75675

47 -1.91449

48 -2.3173

49 -2.67329

50 -2.60711

51 -2.50409

52 -2.39032

