5 -0.0160342

6 -0.0223164

7 0.0183891

8 -0.0130664

9 -0.15299

10 -0.241591

11 -0.109809

12 -0.14173

13 -0.0792298

14 -0.0486119

15 -0.0591389

16 -0.528968

17 -0.506916

18 -0.515927

19 -0.528686

20 -0.579535

21 -0.695318

22 -0.433588

23 -0.531495

24 -0.621371

25 -0.758795

26 -0.96135

27 -1.05432

28 -1.10716

29 -1.14249

30 -1.18951

31 -1.55016

32 -1.6212

33 -1.64562

34 -1.73334

35 -1.90166

36 -2.07181

37 -2.31751

38 -2.61406

39 -2.57949

40 -2.62996

41 -2.39423

42 -2.13468

43 -1.99438

44 -2.00164

45 -2.0538

46 -2.07637

47 -2.09811

48 -2.09146

49 -2.07437

50 -2.05892

51 -2.29697

52 -2.26331

53 -2.51887

54 -2.70099

55 -2.61639

56 -2.43226

57 -2.3035

58 -2.19719

59 -2.18781

60 -2.31847

61 -2.28202

62 -2.4167

63 -2.4323

64 -2.47842

65 -2.49286

66 -2.48817

67 -2.74975

68 -2.81065

69 -3.09473

70 -3.28982

71 -3.41586

72 -3.37146

73 -3.30679

74 -3.57824

75 -3.34621

76 -3.38271

77 -3.37367

78 -3.4148

