5 -0.0407087

6 -0.0240401

7 -0.0337985

8 0.0827405

9 0.212868

10 0.216154

11 0.241695

12 0.373201

13 0.254493

14 0.185883

15 0.110103

16 0.251779

17 0.633175

18 0.686849

19 0.47101

20 -0.0543517

21 -0.0368418

22 -0.120541

23 -0.14783

24 -0.15618

25 -0.641796

26 -0.604216

27 -0.502626

28 -0.8092

29 -0.845411

30 -0.276667

31 -0.203845

32 -0.195633

33 -0.226107

34 -0.200331

35 -0.216213

36 -0.184655

37 -0.140698

38 -0.343308

39 -0.159195

40 -0.157044

41 -0.144161

42 -0.106237

43 -0.204785

44 -0.476173

45 -0.705509

46 -0.624845

47 -0.667506

48 -0.718358

49 -0.628076

50 0.234515

51 0.380004

52 0.419316

53 0.259494

54 0.254652

55 0.526843

56 0.502354

57 0.655895

