5 0.0222841

6 0.0119624

7 -0.0293925

8 0.0926281

9 0.170046

10 0.197255

11 0.215871

12 0.21689

13 0.350461

14 1.01463

15 1.07556

16 1.1683

17 1.2044

18 1.1738

19 1.21042

20 1.15076

21 1.05056

22 0.830848

23 0.172399

24 -0.553663

25 -0.688059

26 -0.950551

27 -0.983795

28 -1.34225

29 -1.54308

30 -1.83281

31 -1.73069

32 -1.71768

33 -1.53895

34 -1.37406

35 -1.33026

36 -1.38366

37 -1.69125

38 -1.78135

39 -2.14111

40 -2.24529

41 -2.26716

42 -2.25339

43 -2.23941

44 -2.2602

45 -2.29582

46 -2.34518

47 -2.34135

48 -2.29072

49 -1.96918

50 -1.72794

51 -1.69675

52 -1.83093

53 -1.70333

54 -1.34521

55 -0.95416

56 -0.893077

57 -0.826594

58 -0.808981

59 -0.860578

60 -0.95429

61 -1.0175

62 -1.10185

63 -1.27274

64 -1.74269

65 -2.88226

66 -2.88581

67 -2.95535

68 -2.94946

69 -2.86075

70 -2.79807

71 -3.70959

72 -3.43138

73 -3.29912

74 -3.36467

75 -3.31086

76 -3.19855

77 -3.49664

78 -4.82036

79 -4.71557

80 -1.87487

81 -1.81558

82 -1.83574

83 -1.86722

84 -1.69349

85 -1.69866

86 -2.51054

87 -2.38783

88 -2.3877

89 -2.28843

90 -2.26774

91 -2.4018

