5 -0.0060898

6 -0.0045648

7 -0.0551392

8 -0.00229949

9 -0.0680915

10 -0.0212642

11 0.0329376

12 -0.0171359

13 0.335331

14 0.46822

15 0.7316

16 0.600088

17 0.307823

18 0.524126

19 0.928592

20 1.21818

21 1.38016

22 1.41205

23 1.49352

24 1.54418

25 1.33026

26 1.48661

27 1.56861

28 1.5612

29 1.20654

30 1.19263

31 1.69485

32 1.7817

33 2.21774

34 1.96541

35 1.92138

36 2.74622

37 3.12526

38 3.43485

39 3.34427

40 3.31802

41 3.37079

42 3.5122

43 3.86831

44 3.78447

45 3.05145

46 2.9796

47 2.89043

48 2.94891

49 2.8817

50 2.90994

51 2.17263

52 2.19848

