5 -0.117338

6 -0.0567855

7 -0.0628026

8 0.0408364

9 -0.714965

10 -0.889918

11 -0.832265

12 -0.496237

13 -0.480191

14 -0.460414

15 -0.652378

16 -0.57916

17 -1.40047

18 -0.500055

19 0.11579

20 0.216134

21 0.390104

22 -0.237745

23 -0.219921

24 -0.3842

25 -0.218793

26 0.707785

27 0.680633

28 0.593805

29 0.769031

30 0.741065

31 1.01437

32 1.22028

33 1.40617

34 1.49747

35 1.45208

36 2.02049

37 2.0608

38 1.87259

39 1.86804

40 2.07497

41 2.19363

42 2.80153

43 2.81949

44 2.79382

45 1.90979

46 1.78522

47 2.40666

48 2.41517

49 2.41797

50 2.57379

51 2.60937

52 2.40626

53 2.50035

54 2.97444

