5 -0.0644743

6 -0.0709605

7 -0.273762

8 -0.412366

9 -0.0182213

10 0.0446917

11 0.0705613

12 0.116563

13 -0.0459006

14 -0.102625

15 -0.15379

16 -0.0352819

17 0.204839

18 0.229967

19 0.0406709

20 -0.334185

21 -0.315655

22 -0.38439

23 -0.424103

24 -0.422514

25 -1.0618

26 -0.649768

27 -0.681958

28 -0.864271

29 -0.475446

30 -0.312282

31 -0.300089

32 -0.294445

33 -0.344635

34 -0.333599

35 -0.355603

36 -0.336598

37 -0.312277

38 -0.167318

39 -0.0650849

40 -0.0348252

41 0.00701356

42 -0.0833873

43 -0.414362

44 -0.638004

45 -0.445541

46 -0.505444

47 -0.50566

48 -0.366309

49 0.432404

50 0.387772

51 0.292261

52 0.299718

53 0.289819

54 0.13756

55 0.120026

56 0.395881

57 0.511616

