5 0.00117423

6 -0.0177338

7 -0.0133489

8 -0.162678

9 -0.222354

10 -0.148131

11 -0.256389

12 -0.234026

13 -0.344174

14 -0.283393

15 -0.0608505

16 -0.0570424

17 0.0948515

18 -0.10867

19 -0.175663

20 -0.122474

21 -0.137364

22 -0.256847

23 -0.260772

24 -0.23769

25 -0.193933

26 -0.945271

27 -0.564025

28 -0.69798

29 -0.891392

30 -1.18997

31 -1.48691

32 -1.55021

33 -1.55438

34 -1.49499

35 -1.45566

36 -1.3742

37 -1.25296

38 -1.29738

39 -1.43871

40 -1.36863

41 -1.23194

42 -1.04446

43 -0.580712

44 -0.481156

45 -0.660662

46 -1.18172

47 -1.4154

48 -1.75667

49 -1.91907

50 -2.00795

51 -2.06273

52 -1.79191

53 -1.74676

54 -1.97781

