5 -0.373418

6 -0.371279

7 -0.389518

8 -0.18985

9 -0.319811

10 -0.151135

11 -0.120395

12 0.279263

13 0.311256

14 0.333445

15 0.342819

16 -0.443353

17 -0.431718

18 -0.44317

19 -0.589211

20 -0.652546

21 -0.735029

22 -0.493587

23 -0.460141

24 -0.343079

25 -0.252913

26 -0.284848

27 -0.514022

28 -0.107555

29 0.0101483

30 0.0639586

31 0.352622

32 0.468436

33 0.573389

34 0.597947

35 0.394365

36 0.243706

37 0.734843

38 0.752012

39 0.55979

40 0.630247

41 0.534725

42 0.673481

43 0.88156

44 1.2231

45 1.39469

46 1.42641

47 1.51862

48 1.41588

49 1.6401

50 1.5775

51 1.41637

52 1.17428

53 1.57165

54 1.26874

55 1.50165

56 1.42523

57 1.48774

58 2.44319

59 2.59465

60 2.18377

