5 -0.00651069

6 -0.0167285

7 0.0457284

8 0.0440466

9 -0.130823

10 -0.271105

11 -0.131241

12 -0.166101

13 -0.125732

14 -0.153704

15 -0.164706

16 -0.14472

17 -0.127091

18 0.0467494

19 -0.459361

20 -0.471071

21 -0.526814

22 -0.504261

23 -0.459247

24 -0.53607

25 -0.554515

26 -0.246817

27 -0.381443

28 -0.54524

29 -0.772341

30 -0.845222

31 -0.869745

32 -0.892881

33 -0.916323

34 -1.27336

35 -1.24205

36 -1.69517

37 -1.7073

38 -1.77809

39 -1.53544

40 -1.27427

41 -1.13671

42 -1.14537

43 -1.20215

44 -1.2024

45 -1.211

46 -1.20346

47 -1.22683

48 -1.19916

49 -1.1779

50 -1.35137

51 -1.72432

52 -1.32078

53 -1.16466

54 -1.14639

55 -1.11892

56 -1.09701

57 -1.20674

58 -1.14167

59 -1.27247

60 -1.28937

61 -1.37303

62 -1.43908

63 -1.42865

64 -1.60614

65 -1.67263

66 -1.95019

67 -2.122

68 -2.14592

69 -2.157

70 -2.27292

71 -2.31409

72 -2.59831

73 -2.45094

74 -2.46964

75 -2.4357

76 -2.46817

77 -2.5555

