5 -0.0487533

6 -0.130052

7 -0.124505

8 0.0434804

9 0.0429248

10 0.378179

11 0.412589

12 -1.09037

13 -1.21134

14 -1.2905

15 -1.53133

16 -1.54537

17 -1.57723

18 -1.67395

19 -1.70389

20 -1.68021

21 -1.90897

22 -1.89246

23 -1.84858

24 -2.05195

25 -2.24298

26 -2.24228

27 -2.41181

28 -2.54742

29 -2.51134

30 -2.39256

31 -2.42152

32 -2.22329

33 -2.19614

34 -2.68717

35 -2.66303

36 -2.72266

37 -2.81786

38 -2.71528

39 -2.61524

40 -2.41482

41 -2.31853

42 -2.19503

43 -1.77079

44 -1.51456

45 -1.71551

46 -2.89043

47 -3.16449

