5 0.00655749

6 -0.0067005

7 0.016343

8 -0.35099

9 -0.331663

10 -0.0132815

11 0.0196085

12 0.0154395

13 -0.260168

14 -0.287116

15 -0.410183

16 -0.411961

17 -0.36255

18 -0.431503

19 -0.203272

20 -0.383681

21 -0.725785

22 -0.76999

23 -0.872836

24 -0.884428

25 -0.892484

26 -1.51501

27 -1.57412

28 -1.57008

29 -1.39787

30 -1.38686

31 -1.52726

32 -1.44069

33 -1.41364

34 -1.43944

35 -1.18516

36 -1.05338

37 -1.05898

38 -1.11858

39 -1.14572

40 -1.13643

41 -1.1857

42 -1.28068

43 -1.19158

44 -1.14826

45 -1.04588

46 -1.05126

47 -1.04958

48 -1.22695

49 -1.19912

50 -1.21069

51 -1.2615

52 -1.12011

53 -2.11787

54 -2.08758

55 -2.20452

56 -2.29225

57 -2.50009

58 -2.50736

59 -2.37671

60 -2.424

61 -2.44431

62 -2.65588

