5 0.0303407

6 0.19486

7 0.174605

8 0.421753

9 0.495888

10 0.491079

11 0.505716

12 0.632738

13 0.73067

14 0.765544

15 0.920385

16 1.0799

17 1.20951

18 1.27786

19 1.23

20 1.38056

21 1.6414

22 1.71448

23 1.71861

24 2.01028

25 2.02839

26 2.14183

27 2.20839

28 2.17297

29 2.46512

30 2.56733

31 2.75142

32 2.84427

33 2.87314

34 3.09029

35 3.18888

36 3.23686

37 3.34736

38 3.38175

39 3.63976

40 3.66193

41 3.78949

42 3.844

43 3.79727

44 4.05846

45 4.33454

46 4.30265

47 4.52978

48 4.54437

49 4.77675

50 4.93936

51 4.95547

52 4.94891

53 5.02046

54 5.25784

55 5.35169

56 5.42661

57 5.51381

58 5.779

59 5.79961

60 5.97297

61 6.01157

62 5.94113

63 6.22699

64 6.48987

65 6.44669

66 6.7106

67 6.9957

68 6.9011

69 7.19462

70 7.18902

71 7.12289

72 7.41641

73 7.67819

74 7.67874

75 7.88947

76 8.03779

77 8.12323

78 8.25632

79 8.3518

80 8.34869

81 8.36726

82 8.6486

83 8.77831

84 8.83642

85 8.95533

86 9.0858

87 9.37011

