5 -0.214588

6 -0.279705

7 -0.272573

8 -0.204013

9 -0.172033

10 -0.278384

11 -0.149764

12 0.0341714

13 0.0311383

14 0.186826

15 0.0561458

16 0.384771

17 0.299869

18 0.371274

19 0.338364

20 0.343725

21 0.326476

22 0.368421

23 0.383443

24 0.409382

25 0.42772

26 0.40515

27 0.408422

28 0.505232

29 0.440866

30 0.522476

31 0.445761

32 0.57059

33 0.474788

34 0.729574

35 0.751428

36 0.888832

37 0.795639

38 0.43391

39 0.600243

40 0.730979

41 0.648157

42 0.751262

43 0.825745

44 0.785553

