5 0.00384949

6 0.0189159

7 0.0126663

8 0.0302707

9 0.0323542

10 0.00911312

11 -0.142816

12 -0.159957

13 -0.0283631

14 -0.0573633

15 0.114511

16 0.110701

17 -0.113703

18 -0.104761

19 -0.0425523

20 -0.0497469

21 -0.163056

22 -0.0664831

23 -0.116239

24 0.138456

25 0.0429978

26 -0.0304094

27 -0.140613

28 -0.324941

29 -0.429564

30 -0.484085

31 -0.49524

32 -0.496075

33 -0.465598

34 -0.48809

35 -0.804724

36 -1.07721

37 -1.15058

38 -1.15718

39 -1.18848

40 -1.04415

41 -1.10624

42 -1.13065

43 -1.05278

44 -1.04914

45 -1.22514

46 -1.08977

47 -0.842964

48 -0.706425

49 -0.712812

50 -0.77591

51 -0.788326

52 -0.812103

53 -0.807937

54 -0.84902

55 -0.826867

56 -0.651039

57 -0.552899

58 -0.508803

59 -0.651224

60 -0.570957

61 -0.702015

62 -0.554372

63 -0.570908

64 -0.722916

65 -0.544337

66 0.496956

67 0.509238

68 0.689024

69 0.572305

70 0.654097

71 0.690407

72 0.548475

73 0.743101

74 0.648374

75 0.731534

76 0.615497

