5 -0.0781365

6 -0.0348808

7 0.304744

8 0.293648

9 0.286317

10 0.243933

11 -0.466416

12 -0.535407

13 -0.555219

14 -0.53475

15 -1.10179

16 -1.48522

17 -1.64019

18 -1.79774

19 -1.97267

20 -1.92298

21 -1.84863

22 -1.87119

23 -2.02919

24 -2.8847

25 -2.95174

26 -2.82466

27 -2.93741

28 -2.92763

29 -2.90184

30 -3.04397

31 -3.11054

32 -2.98204

33 -2.94596

34 -2.96227

35 -2.67749

36 -2.46655

37 -2.43337

38 -2.37281

39 -2.17651

40 -2.08455

41 -2.06274

42 -2.00845

43 -1.93766

44 -1.27586

45 -1.26786

46 -1.04326

47 -0.999916

48 -0.999252

