5 -0.0886654

6 -0.240171

7 -0.231685

8 -0.368902

9 -0.367258

10 -0.278649

11 -0.453217

12 -0.537938

13 -0.536205

14 -0.452641

15 -0.429402

16 -0.592326

17 -0.541248

18 -0.43212

19 -0.362218

20 -0.13648

21 -0.111466

22 0.142749

23 0.165758

24 0.117585

25 0.0689613

26 -0.0947489

27 -0.108112

28 -0.315308

29 -0.349138

30 0.036505

31 -0.0667994

32 0.422281

33 0.459333

34 0.420928

35 0.470877

36 -0.150632

37 -0.220239

38 -0.259056

39 -0.237429

40 -0.241975

41 -0.193281

42 -0.418397

43 -0.369545

44 -0.115461

45 -0.0802696

