5 -0.0694381

6 -0.0958981

7 -0.115687

8 -0.126433

9 -0.111845

10 -0.172787

11 -0.13811

12 -0.414731

13 -0.678593

14 -1.00588

15 -1.0471

16 -1.05068

17 -1.0583

18 -0.965549

19 -0.845705

20 -0.533961

21 -0.569382

22 -0.776478

23 -0.842256

24 -0.887347

25 -1.03153

26 -1.06896

27 -1.27065

28 -1.55282

29 -2.04429

30 -2.49953

31 -2.09959

32 -1.3121

33 -1.46493

34 -1.6844

35 -1.73849

36 -1.72045

37 -1.5492

38 -1.49967

39 -1.62276

40 -1.42121

41 -1.43513

42 -1.38394

