5 0.00307064

6 0.0752387

7 0.199052

8 0.275214

9 0.412695

10 0.540364

11 0.6106

12 0.633202

13 0.645216

14 0.67293

15 0.548791

16 0.552721

17 0.496957

18 0.528709

19 0.167126

20 0.517983

21 0.29308

22 0.128568

23 0.0868586

24 0.0893019

25 0.0466525

26 -0.0821728

27 -0.0357248

28 -0.131332

29 -0.0326257

30 0.0786417

31 -0.0577088

32 -0.201529

33 -0.435895

34 -0.637209

35 -0.689814

36 -0.688589

37 -0.636174

38 -0.62692

39 -0.61888

40 -0.62429

41 -0.681303

42 -0.810992

43 -0.811298

44 -0.860334

45 -0.880373

46 -1.0208

47 -1.01184

48 -1.24263

49 -1.40573

50 -1.45843

51 -1.84104

52 -1.73386

53 -1.94467

54 -1.73213

55 -2.56682

56 -2.4836

57 -2.47365

58 -2.34699

59 -2.41722

