5 0.0127979

6 0.0169421

7 -0.0113236

8 -0.0172796

9 -0.0195704

10 -0.0204164

11 -0.0204004

12 -0.028646

13 0.0218482

14 -0.0627001

15 -0.18173

16 -0.274611

17 -0.323226

18 -0.181945

19 -0.231175

20 -0.109952

21 0.0165182

22 -0.615706

23 -0.801114

24 -0.98069

25 -1.20148

26 -1.59943

27 -1.4724

28 -1.51849

29 -1.51762

30 -1.61769

31 -1.61532

32 -1.56166

33 -1.51832

34 -1.50028

35 -1.53284

36 -1.67263

37 -1.71699

38 -1.73693

39 -0.52615

40 -0.430369

41 -0.454288

42 -0.513395

43 -0.497621

44 -0.467053

45 -0.492001

46 -0.387701

47 -0.455782

48 -0.460028

49 -0.290052

50 -0.50748

51 -0.7667

52 -0.685724

53 -0.587053

54 -0.507064

