5 -0.0328046

6 -0.0627541

7 -0.468079

8 -0.460487

9 -0.476023

10 -0.472929

11 -0.669693

12 -0.785293

13 -0.381984

14 -0.524494

15 -0.604319

16 -0.338802

17 -0.397115

18 -0.377777

19 -0.399788

20 -0.408488

21 -0.295981

22 -0.366928

23 -0.757513

24 -0.691221

25 -0.634343

26 -0.488184

27 -0.728269

28 -0.77074

29 -1.09487

30 -1.10326

31 -1.17755

32 -1.24441

33 -1.46927

34 -1.46135

35 -1.3414

36 -1.27203

37 -1.81129

38 -1.95738

39 -2.16244

40 -4.02343

41 -4.23433

42 -3.87972

43 -3.82954

