5 0.0147243

6 0.022355

7 0.00162752

8 0.0355615

9 0.433712

10 0.354274

11 -0.152183

12 -0.191761

13 -0.100082

14 -0.00295612

15 -0.0563042

16 0.0354465

17 0.277944

18 0.373668

19 0.528919

20 0.389075

21 0.551972

22 0.353614

23 0.349116

24 0.254604

25 0.936503

26 1.29335

27 1.18332

28 1.18329

29 1.11562

30 1.10648

31 1.2836

32 1.58922

33 1.91516

34 1.98741

35 2.00031

36 1.99599

37 1.99612

38 1.97866

39 1.95037

40 1.98633

41 2.02532

42 2.00538

43 1.89203

44 1.74067

45 1.73237

46 1.75983

47 1.94389

48 2.28171

49 2.29527

50 2.52649

51 2.65971

52 2.63501

53 2.59406

54 2.25626

55 2.82997

56 2.60513

57 2.67691

58 2.68721

59 2.54719

60 2.66819

61 1.93592

62 1.13865

63 0.833353

64 0.943322

65 1.05038

66 1.04899

