5 0.0392941

6 0.0807171

7 0.171046

8 0.261751

9 0.283304

10 0.00666735

11 -0.138894

12 -0.32686

13 -0.511231

14 -0.547318

15 -0.562411

16 -0.581388

17 -0.585406

18 -0.559689

19 -0.101805

20 -0.19174

21 -0.34177

22 -0.454188

23 -0.50836

24 -0.602832

25 -0.733655

26 -0.864027

27 -0.809671

28 -0.780425

29 -0.966894

30 -1.2835

31 -1.34267

32 -1.26143

33 -1.5227

34 -1.97599

35 -2.02098

36 -1.98334

37 -2.04913

38 -1.99917

39 -1.94487

40 -1.91637

41 -1.93798

42 -1.93762

